test_casts/ab2302_037.cnv
* Sea-Bird SBE 9 Data File:
* FileName = D:\ctd\raw\ab2302_037.hex
* Software Version Seasave V 7.26.7.121
* Temperature SN = 5237
* Conductivity SN = 4222
* Number of Bytes Per Scan = 41
* Number of Voltage Words = 4
* Number of Scans Averaged by the Deck Unit = 1
* NMEA Latitude = 26 27.44 N
* NMEA Longitude = 075 46.03 W
* NMEA UTC (Time) = Feb 27 2023  08:40:59
* NMEA baud rate = 4800
# nquan = 28
# nvalues = 9501                        
# units = specified
# name 0 = scan: Scan Count
# name 1 = timeS: Time, Elapsed [seconds]
# name 2 = depSM: Depth [salt water, m]
# name 3 = prDM: Pressure, Digiquartz [db]
# name 4 = t090C: Temperature [ITS-90, deg C]
# name 5 = t190C: Temperature, 2 [ITS-90, deg C]
# name 6 = c0S/m: Conductivity [S/m]
# name 7 = c1S/m: Conductivity, 2 [S/m]
# name 8 = sbeox0V: Oxygen raw, SBE 43 [V]
# name 9 = sbeox1V: Oxygen raw, SBE 43, 2 [V]
# name 10 = altM: Altimeter [m]
# name 11 = latitude: Latitude [deg]
# name 12 = longitude: Longitude [deg]
# name 13 = sbox0dV/dT: Oxygen, SBE 43 [dov/dt]
# name 14 = sbox1dV/dT: Oxygen, SBE 43, 2 [dov/dt]
# name 15 = sbeox0ML/L: Oxygen, SBE 43 [ml/l], WS = 5
# name 16 = sbeox1ML/L: Oxygen, SBE 43, 2 [ml/l], WS = 5
# name 17 = potemp090C: Potential Temperature [ITS-90, deg C]
# name 18 = potemp190C: Potential Temperature, 2 [ITS-90, deg C]
# name 19 = sal00: Salinity, Practical [PSU]
# name 20 = sal11: Salinity, Practical, 2 [PSU]
# name 21 = sigma-é00: Density [sigma-theta, kg/m^3]
# name 22 = sigma-é11: Density, 2 [sigma-theta, kg/m^3]
# name 23 = avgsvCM: Average Sound Velocity [Chen-Millero, m/s], minP = 20, minS = 20
# name 24 = sbox0Mm/Kg: Oxygen, SBE 43 [umol/kg], WS = 5
# name 25 = sbox1Mm/Kg: Oxygen, SBE 43, 2 [umol/kg], WS = 5
# name 26 = nbin: number of scans per bin
# name 27 = flag: flag
# span 0 =       2578,     329978       
# span 1 =    107.370,  13749.036       
# span 2 =      0.993,   4667.977       
# span 3 =      1.000,   4751.000       
# span 4 =     2.1611,    25.0658       
# span 5 =     2.1617,    25.0650       
# span 6 =   3.241043,   5.534621       
# span 7 =   3.241526,   5.534532       
# span 8 =     1.7029,     3.5323       
# span 9 =     1.5189,     3.1373       
# span 10 =      49.95,     100.95      
# span 11 =   26.45742,   26.47112      
# span 12 =  -75.82787,  -75.76775      
# span 13 =   -0.03031,    0.03475      
# span 14 =   -0.02492,    0.03146      
# span 15 =     3.0407,     5.9485      
# span 16 =     3.0237,     5.8546      
# span 17 =     1.7571,    25.0638      
# span 18 =     1.7580,    25.0637      
# span 19 =    34.8688,    36.9224      
# span 20 =    34.8732,    36.9291      
# span 21 =    24.3439,    27.8879      
# span 22 =    24.3491,    27.8919      
# span 23 =       0.00,    1536.38      
# span 24 =    132.200,    258.454      
# span 25 =    131.460,    254.374      
# span 26 =         12,        141      
# span 27 = 0.0000e+00, 0.0000e+00      
# interval = decibars: 1                
# start_time = Feb 27 2023 08:40:59 [NMEA time, header]
# bad_flag = -9.990e-29
*END*
[from data line 8337]
     251672  10486.309   1153.163   1164.000     5.5784     5.5739   3.455811   3.455908     2.3740     2.1007     100.00   26.46460  -75.80832   -0.00135   -0.00115     4.8949     4.8526     5.4739     5.4695    35.0691    35.0748    27.6734    27.6784    1512.46    212.718    210.882         28 0.0000e+00
     251702  10487.541   1152.176   1163.000     5.5797     5.5797   3.455872   3.456404     2.3743     2.1001     100.00   26.46459  -75.80833   -0.00045   -0.00115     4.8949     4.8494     5.4753     5.4753    35.0689    35.0750    27.6731    27.6779    1512.46    212.721    210.740         31 0.0000e+00
     251732  10488.802   1151.188   1162.000     5.5859     5.5856   3.456459   3.456814     2.3728     2.0997     100.00   26.46458  -75.80834   -0.00009   -0.00072     4.8895     4.8467     5.4816     5.4812    35.0696    35.0740    27.6729    27.6763    1512.46    212.487    210.623         28 0.0000e+00
     251755  10489.762   1150.200   1161.000     5.5916     5.5889   3.456942   3.457141     2.3726     2.0991     100.00   26.46459  -75.80834   -0.00039   -0.00049     4.8876     4.8439     5.4874     5.4847    35.0697    35.0747    27.6722    27.6765    1512.46    212.402    210.502         19 0.0000e+00
     251772  10490.453   1149.212   1160.000     5.5972     5.5974   3.457455   3.457926     2.3715     2.0989     100.00   26.46460  -75.80834   -0.00074   -0.00044     4.8834     4.8416     5.4930     5.4932    35.0703    35.0754    27.6720    27.6760    1512.46    212.222    210.401         15 0.0000e+00
     251786  10491.030   1148.223   1159.000     5.6084     5.6131   3.458488   3.459415     2.3706     2.0989     100.00   26.46460  -75.80834   -0.00092   -0.00043     4.8790     4.8389     5.5042     5.5088    35.0708    35.0764    27.6710    27.6749    1512.46    212.030    210.286         13 0.0000e+00
     251799  10491.575   1147.236   1158.000     5.6172     5.6228   3.459303   3.460247     2.3687     2.0987     100.00   26.46460  -75.80834   -0.00116   -0.00042     4.8722     4.8365     5.5130     5.5185    35.0714    35.0764    27.6704    27.6737    1512.46    211.733    210.182         13 0.0000e+00
     251813  10492.151   1146.247   1157.000     5.6241     5.6284   3.459856   3.460741     2.3678     2.0986     100.00   26.46460  -75.80834   -0.00136   -0.00036     4.8685     4.8348     5.5200     5.5242    35.0711    35.0766    27.6693    27.6732    1512.46    211.571    210.109         15 0.0000e+00
     251830  10492.886   1145.260   1156.000     5.6286     5.6320   3.460232   3.461001     2.3663     2.0977     100.00   26.46460  -75.80835   -0.00178   -0.00034     4.8632     4.8311     5.5245     5.5279    35.0712    35.0763    27.6689    27.6725    1512.46    211.344    209.945         22 0.0000e+00
     251881  10495.001   1144.272   1155.000     5.6324     5.6303   3.460528   3.460818     2.3610     2.0945     100.00   26.46460  -75.80836   -0.00237   -0.00111     4.8485     4.8207     5.5284     5.5262    35.0711    35.0766    27.6683    27.6729    1512.46    210.703    209.495         63 0.0000e+00
     251917  10496.520   1143.284   1154.000     5.6341     5.6326   3.460660   3.460971     2.3590     2.0926     100.00   26.46460  -75.80838   -0.00231   -0.00143     4.8423     4.8140     5.5302     5.5286    35.0713    35.0764    27.6682    27.6724    1512.46    210.435    209.202         24 0.0000e+00
     251942  10497.540   1142.296   1153.000     5.6361     5.6354   3.460787   3.461190     2.3603     2.0918     100.00   26.46460  -75.80838   -0.00128   -0.00126     4.8449     4.8106     5.5322     5.5316    35.0712    35.0764    27.6679    27.6721    1512.46    210.547    209.057         27 0.0000e+00
     251975  10498.934   1141.308   1152.000     5.6377     5.6371   3.460879   3.461301     2.3584     2.0916     100.00   26.46460  -75.80838   -0.00015   -0.00081     4.8392     4.8092     5.5339     5.5333    35.0710    35.0764    27.6675    27.6719    1512.46    210.299    208.996         34 0.0000e+00
     252000  10499.947   1140.320   1151.000     5.6395     5.6392   3.461015   3.461439     2.3554     2.0914     100.00   26.46460  -75.80838   -0.00068   -0.00039     4.8305     4.8078     5.5358     5.5355    35.0712    35.0763    27.6675    27.6716    1512.46    209.922    208.935         18 0.0000e+00
     252015  10500.580   1139.332   1150.000     5.6411     5.6421   3.461117   3.461702     2.3548     2.0913     100.00   26.46460  -75.80838   -0.00140   -0.00025     4.8280     4.8065     5.5375     5.5385    35.0712    35.0767    27.6673    27.6715    1512.46    209.815    208.876         13 0.0000e+00
     252028  10501.113   1138.344   1149.000     5.6423     5.6435   3.461189   3.461768     2.3553     2.0916     100.00   26.46462  -75.80840   -0.00175   -0.00012     4.8285     4.8066     5.5388     5.5399    35.0712    35.0766    27.6671    27.6712    1512.46    209.837    208.883         12 0.0000e+00
     252040  10501.625   1137.356   1148.000     5.6439     5.6457   3.461318   3.461948     2.3558     2.0915     100.00   26.46462  -75.80840   -0.00160   -0.00005     4.8291     4.8054     5.5404     5.5422    35.0716    35.0768    27.6672    27.6711    1512.46    209.860    208.830         13 0.0000e+00
     252053  10502.176   1136.368   1147.000     5.6459     5.6478   3.461466   3.462102     2.3563     2.0911     100.00   26.46462  -75.80840   -0.00106   -0.00008     4.8295     4.8033     5.5425     5.5444    35.0717    35.0769    27.6670    27.6709    1512.46    209.879    208.737         14 0.0000e+00
     252070  10502.885   1135.380   1146.000     5.6479     5.6480   3.461614   3.462081     2.3579     2.0909     100.00   26.46462  -75.80841   -0.00020   -0.00014     4.8326     4.8020     5.5446     5.5447    35.0718    35.0769    27.6668    27.6709    1512.46    210.014    208.681         21 0.0000e+00
     252107  10504.428   1134.392   1145.000     5.6496     5.6491   3.461724   3.462150     2.3579     2.0903     100.00   26.46462  -75.80842    0.00077   -0.00032     4.8318     4.7995     5.5464     5.5459    35.0717    35.0771    27.6666    27.6709    1512.46    209.979    208.576         53 0.0000e+00
     252152  10506.311   1133.404   1144.000     5.6544     5.6521   3.462149   3.462392     2.3580     2.0903     100.00   26.46462  -75.80842    0.00023   -0.00021     4.8308     4.7984     5.5512     5.5489    35.0721    35.0772    27.6662    27.6706    1512.46    209.937    208.526         36 0.0000e+00
     252189  10507.830   1132.416   1143.000     5.6651     5.6607   3.463159   3.463182     2.3587     2.0904     100.00   26.46463  -75.80844    0.00019    0.00001     4.8308     4.7970     5.5620     5.5576    35.0730    35.0777    27.6656    27.6699    1512.46    209.937    208.466         36 0.0000e+00
     252220  10509.131   1131.428   1142.000     5.6752     5.6681   3.464091   3.463865     2.3595     2.0904     100.00   26.46464  -75.80844    0.00033    0.00005     4.8310     4.7954     5.5721     5.5650    35.0735    35.0782    27.6648    27.6694    1512.46    209.943    208.398         24 0.0000e+00
     252240  10509.943   1130.439   1141.000     5.6824     5.6798   3.464725   3.464939     2.3591     2.0903     100.00   26.46464  -75.80844    0.00050    0.00002     4.8286     4.7931     5.5793     5.5767    35.0738    35.0789    27.6641    27.6684    1512.46    209.839    208.297         17 0.0000e+00
     252255  10510.584   1129.451   1140.000     5.6841     5.6869   3.464838   3.465609     2.3585     2.0904     100.00   26.46464  -75.80844    0.00031 -6.568e-07     4.8262     4.7918     5.5811     5.5838    35.0738    35.0796    27.6639    27.6682    1512.46    209.735    208.241         15 0.0000e+00
     252269  10511.182   1128.464   1139.000     5.6890     5.6931   3.465313   3.466169     2.3587     2.0904     100.00   26.46464  -75.80844    0.00005   -0.00001     4.8252     4.7904     5.5860     5.5901    35.0746    35.0799    27.6639    27.6677    1512.46    209.695    208.180         14 0.0000e+00
     252284  10511.805   1127.475   1138.000     5.6985     5.7021   3.466189   3.466992     2.3565     2.0904     100.00   26.46464  -75.80845   -0.00032 -9.499e-08     4.8177     4.7887     5.5956     5.5991    35.0751    35.0805    27.6632    27.6669    1512.46    209.367    208.104         16 0.0000e+00
     252302  10512.539   1126.487   1137.000     5.7037     5.7068   3.466620   3.467396     2.3555     2.0898     100.00   26.46464  -75.80846   -0.00097   -0.00004     4.8139     4.7858     5.6008     5.6039    35.0752    35.0807    27.6626    27.6666    1512.46    209.199    207.979         20 0.0000e+00
     252326  10513.535   1125.499   1136.000     5.7074     5.7104   3.466921   3.467693     2.3550     2.0884     100.00   26.46464  -75.80846   -0.00128   -0.00036     4.8116     4.7802     5.6046     5.6075    35.0752    35.0808    27.6621    27.6662    1512.46    209.103    207.735         28 0.0000e+00
     252358  10514.896   1124.511   1135.000     5.7048     5.7051   3.466653   3.467120     2.3538     2.0859     100.00   26.46464  -75.80847   -0.00110   -0.00119     4.8083     4.7729     5.6021     5.6024    35.0754    35.0803    27.6626    27.6664    1512.46    208.957    207.418         37 0.0000e+00
     252396  10516.458   1123.523   1134.000     5.7250     5.7122   3.468500   3.467806     2.3525     2.0849     100.00   26.46464  -75.80848   -0.00078   -0.00140     4.8016     4.7683     5.6222     5.6095    35.0759    35.0812    27.6604    27.6663    1512.46    208.668    207.219         34 0.0000e+00
     252422  10517.543   1122.535   1133.000     5.7336     5.7310   3.469260   3.469518     2.3520     2.0849     100.00   26.46464  -75.80848   -0.00084   -0.00085     4.7987     4.7651     5.6309     5.6282    35.0761    35.0817    27.6595    27.6643    1512.46    208.541    207.082         20 0.0000e+00
     252440  10518.304   1121.547   1132.000     5.7391     5.7423   3.469772   3.470535     2.3518     2.0847     100.00   26.46466  -75.80848   -0.00065   -0.00041     4.7969     4.7626     5.6364     5.6396    35.0767    35.0820    27.6593    27.6631    1512.46    208.462    206.974         18 0.0000e+00
     252459  10519.089   1120.559   1131.000     5.7484     5.7477   3.470602   3.471014     2.3511     2.0841     100.00   26.46466  -75.80848   -0.00056   -0.00028     4.7934     4.7596     5.6457     5.6450    35.0770    35.0822    27.6584    27.6627    1512.46    208.313    206.842         21 0.0000e+00
     252492  10520.461   1119.571   1130.000     5.7531     5.7521   3.471006   3.471374     2.3492     2.0820     100.00   26.46466  -75.80850   -0.00069   -0.00068     4.7873     4.7519     5.6505     5.6495    35.0771    35.0823    27.6579    27.6621    1512.46    208.047    206.507         44 0.0000e+00
     252526  10521.867   1118.582   1129.000     5.7601     5.7560   3.471660   3.471697     2.3472     2.0805     100.00   26.46466  -75.80850   -0.00136   -0.00129     4.7805     4.7465     5.6575     5.6535    35.0778    35.0824    27.6576    27.6617    1512.46    207.751    206.271         20 0.0000e+00
     252542  10522.544   1117.594   1128.000     5.7697     5.7722   3.472488   3.473224     2.3471     2.0802     100.00   26.46466  -75.80850   -0.00138   -0.00125     4.7786     4.7428     5.6671     5.6696    35.0777    35.0834    27.6563    27.6605    1512.46    207.669    206.111         15 0.0000e+00
     252556  10523.120   1116.606   1127.000     5.7783     5.7837   3.473293   3.474266     2.3468     2.0805     100.00   26.46466  -75.80850   -0.00128   -0.00104     4.7760     4.7417     5.6758     5.6811    35.0784    35.0838    27.6558    27.6594    1512.46    207.558    206.063         13 0.0000e+00
     252570  10523.702   1115.618   1126.000     5.7840     5.7896   3.473773   3.474770     2.3456     2.0796     100.00   26.46466  -75.80851   -0.00113   -0.00078     4.7715     4.7377     5.6815     5.6871    35.0784    35.0839    27.6551    27.6587    1512.46    207.362    205.892         15 0.0000e+00
     252587  10524.421   1114.630   1125.000     5.7898     5.7939   3.474245   3.475149     2.3441     2.0788     100.00   26.46466  -75.80852   -0.00104   -0.00062     4.7664     4.7340     5.6873     5.6914    35.0783    35.0842    27.6543    27.6584    1512.46    207.141    205.729         21 0.0000e+00
     252629  10526.151   1113.642   1124.000     5.8013     5.7998   3.475312   3.475645     2.3427     2.0759     100.00   26.46466  -75.80853   -0.00129   -0.00116     4.7608     4.7240     5.6989     5.6974    35.0789    35.0842    27.6533    27.6577    1512.46    206.898    205.295         62 0.0000e+00
     252676  10528.105   1112.654   1123.000     5.8231     5.8158   3.477439   3.477170     2.3416     2.0737     100.00   26.46466  -75.80856   -0.00050   -0.00152     4.7548     4.7146     5.7206     5.7134    35.0809    35.0854    27.6522    27.6566    1512.46    206.634    204.885         26 0.0000e+00
     252696  10528.964   1111.666   1122.000     5.8364     5.8383   3.478588   3.479238     2.3406     2.0734     100.00   26.46466  -75.80856   -0.00043   -0.00119     4.7500     4.7104     5.7339     5.7358    35.0807    35.0860    27.6504    27.6543    1512.46    206.425    204.706         19 0.0000e+00
     252714  10529.727   1110.677   1121.000     5.8476     5.8516   3.479636   3.480480     2.3388     2.0733     100.00   26.46466  -75.80856   -0.00082   -0.00079     4.7431     4.7078     5.7451     5.7490    35.0815    35.0868    27.6496    27.6533    1512.46    206.128    204.592         18 0.0000e+00
     252733  10530.491   1109.689   1120.000     5.8558     5.8600   3.480347   3.481226     2.3365     2.0720     100.00   26.46466  -75.80856   -0.00151   -0.00062     4.7358     4.7023     5.7533     5.7575    35.0815    35.0871    27.6486    27.6524    1512.46    205.809    204.354         18 0.0000e+00
     252751  10531.263   1108.701   1119.000     5.8651     5.8691   3.481235   3.482081     2.3340     2.0704     100.00   26.46468  -75.80856   -0.00212   -0.00079     4.7276     4.6957     5.7626     5.7666    35.0824    35.0878    27.6481    27.6519    1512.46    205.453    204.066         19 0.0000e+00
     252770  10532.035   1107.713   1118.000     5.8807     5.8809   3.482690   3.483127     2.3318     2.0685     100.00   26.46468  -75.80858   -0.00259   -0.00122     4.7194     4.6880     5.7782     5.7784    35.0832    35.0879    27.6467    27.6505    1512.46    205.097    203.732         18 0.0000e+00
     252788  10532.800   1106.725   1117.000     5.8966     5.8912   3.484221   3.483980     2.3304     2.0672     100.00   26.46468  -75.80858   -0.00286   -0.00173     4.7131     4.6823     5.7941     5.7887    35.0845    35.0874    27.6458    27.6488    1512.46    204.824    203.484         19 0.0000e+00
     252809  10533.669   1105.737   1116.000     5.9122     5.9067   3.485538   3.485561     2.3289     2.0656     100.00   26.46468  -75.80858   -0.00255   -0.00199     4.7069     4.6748     5.8096     5.8042    35.0838    35.0897    27.6433    27.6486    1512.46    204.557    203.159         24 0.0000e+00
     252842  10535.032   1104.748   1115.000     5.9150     5.9126   3.485743   3.485960     2.3236     2.0628     100.00   26.46468  -75.80858   -0.00256   -0.00192     4.6923     4.6650     5.8126     5.8101    35.0837    35.0886    27.6428    27.6470    1512.46    203.923    202.732         42 0.0000e+00
     252879  10536.566   1103.760   1114.000     5.9230     5.9126   3.486452   3.485949     2.3204     2.0590     100.00   26.46468  -75.80859   -0.00306   -0.00223     4.6825     4.6529     5.8205     5.8102    35.0840    35.0890    27.6420    27.6473    1512.46    203.493    202.208         28 0.0000e+00
