test_casts/ab2302_037.cnv
* Sea-Bird SBE 9 Data File:
* FileName = D:\ctd\raw\ab2302_037.hex
* Software Version Seasave V 7.26.7.121
* Temperature SN = 5237
* Conductivity SN = 4222
* Number of Bytes Per Scan = 41
* Number of Voltage Words = 4
* Number of Scans Averaged by the Deck Unit = 1
* NMEA Latitude = 26 27.44 N
* NMEA Longitude = 075 46.03 W
* NMEA UTC (Time) = Feb 27 2023  08:40:59
* NMEA baud rate = 4800
# nquan = 28
# nvalues = 9501                        
# units = specified
# name 0 = scan: Scan Count
# name 1 = timeS: Time, Elapsed [seconds]
# name 2 = depSM: Depth [salt water, m]
# name 3 = prDM: Pressure, Digiquartz [db]
# name 4 = t090C: Temperature [ITS-90, deg C]
# name 5 = t190C: Temperature, 2 [ITS-90, deg C]
# name 6 = c0S/m: Conductivity [S/m]
# name 7 = c1S/m: Conductivity, 2 [S/m]
# name 8 = sbeox0V: Oxygen raw, SBE 43 [V]
# name 9 = sbeox1V: Oxygen raw, SBE 43, 2 [V]
# name 10 = altM: Altimeter [m]
# name 11 = latitude: Latitude [deg]
# name 12 = longitude: Longitude [deg]
# name 13 = sbox0dV/dT: Oxygen, SBE 43 [dov/dt]
# name 14 = sbox1dV/dT: Oxygen, SBE 43, 2 [dov/dt]
# name 15 = sbeox0ML/L: Oxygen, SBE 43 [ml/l], WS = 5
# name 16 = sbeox1ML/L: Oxygen, SBE 43, 2 [ml/l], WS = 5
# name 17 = potemp090C: Potential Temperature [ITS-90, deg C]
# name 18 = potemp190C: Potential Temperature, 2 [ITS-90, deg C]
# name 19 = sal00: Salinity, Practical [PSU]
# name 20 = sal11: Salinity, Practical, 2 [PSU]
# name 21 = sigma-é00: Density [sigma-theta, kg/m^3]
# name 22 = sigma-é11: Density, 2 [sigma-theta, kg/m^3]
# name 23 = avgsvCM: Average Sound Velocity [Chen-Millero, m/s], minP = 20, minS = 20
# name 24 = sbox0Mm/Kg: Oxygen, SBE 43 [umol/kg], WS = 5
# name 25 = sbox1Mm/Kg: Oxygen, SBE 43, 2 [umol/kg], WS = 5
# name 26 = nbin: number of scans per bin
# name 27 = flag: flag
# span 0 =       2578,     329978       
# span 1 =    107.370,  13749.036       
# span 2 =      0.993,   4667.977       
# span 3 =      1.000,   4751.000       
# span 4 =     2.1611,    25.0658       
# span 5 =     2.1617,    25.0650       
# span 6 =   3.241043,   5.534621       
# span 7 =   3.241526,   5.534532       
# span 8 =     1.7029,     3.5323       
# span 9 =     1.5189,     3.1373       
# span 10 =      49.95,     100.95      
# span 11 =   26.45742,   26.47112      
# span 12 =  -75.82787,  -75.76775      
# span 13 =   -0.03031,    0.03475      
# span 14 =   -0.02492,    0.03146      
# span 15 =     3.0407,     5.9485      
# span 16 =     3.0237,     5.8546      
# span 17 =     1.7571,    25.0638      
# span 18 =     1.7580,    25.0637      
# span 19 =    34.8688,    36.9224      
# span 20 =    34.8732,    36.9291      
# span 21 =    24.3439,    27.8879      
# span 22 =    24.3491,    27.8919      
# span 23 =       0.00,    1536.38      
# span 24 =    132.200,    258.454      
# span 25 =    131.460,    254.374      
# span 26 =         12,        141      
# span 27 = 0.0000e+00, 0.0000e+00      
# interval = decibars: 1                
# start_time = Feb 27 2023 08:40:59 [NMEA time, header]
# bad_flag = -9.990e-29
*END*
[from data line 1865]
      48777   2032.351   1845.563   1866.000     3.8281     3.8284   3.318982   3.319457     2.4276     2.1446     100.00   26.45748  -75.77478   -0.00128   -0.00025     5.7774     5.7281     3.6760     3.6762    34.9752    34.9805    27.7998    27.8040    1506.94    251.040    248.896         19 0.0000e+00
      48795   2033.088   1846.548   1867.000     3.8269     3.8272   3.318904   3.319409     2.4270     2.1444     100.00   26.45748  -75.77478   -0.00162   -0.00028     5.7767     5.7284     3.6747     3.6750    34.9751    34.9807    27.7999    27.8043    1506.94    251.011    248.910         17 0.0000e+00
      48811   2033.767   1847.533   1868.000     3.8249     3.8253   3.318742   3.319241     2.4266     2.1441     100.00   26.45748  -75.77478   -0.00160   -0.00032     5.7766     5.7285     3.6726     3.6730    34.9748    34.9802    27.7999    27.8042    1506.93    251.004    248.913         16 0.0000e+00
      48827   2034.436   1848.518   1869.000     3.8227     3.8229   3.318580   3.319037     2.4257     2.1442     100.00   26.45748  -75.77478   -0.00146   -0.00027     5.7750     5.7299     3.6704     3.6705    34.9747    34.9799    27.8000    27.8041    1506.92    250.937    248.974         16 0.0000e+00
      48845   2035.161   1849.502   1870.000     3.8223     3.8226   3.318588   3.319066     2.4262     2.1441     100.00   26.45748  -75.77478   -0.00110   -0.00019     5.7773     5.7304     3.6699     3.6701    34.9748    34.9801    27.8001    27.8043    1506.92    251.037    248.997         19 0.0000e+00
      48867   2036.093   1850.487   1871.000     3.8236     3.8240   3.318759   3.319238     2.4273     2.1441     100.00   26.45748  -75.77480   -0.00031   -0.00011     5.7812     5.7309     3.6711     3.6714    34.9749    34.9802    27.8001    27.8043    1506.91    251.206    249.019         27 0.0000e+00
      48901   2037.508   1851.472   1872.000     3.8232     3.8234   3.318747   3.319214     2.4266     2.1441     100.00   26.45750  -75.77480    0.00025   -0.00003     5.7798     5.7318     3.6706     3.6707    34.9747    34.9800    27.8000    27.8042    1506.91    251.143    249.056         39 0.0000e+00
      48936   2038.963   1852.457   1873.000     3.8212     3.8215   3.318591   3.319077     2.4259     2.1435     100.00   26.45750  -75.77480   -0.00018   -0.00008     5.7788     5.7306     3.6685     3.6688    34.9745    34.9799    27.8001    27.8043    1506.90    251.101    249.007         28 0.0000e+00
      48959   2039.917   1853.441   1874.000     3.8195     3.8198   3.318482   3.318963     2.4263     2.1431     100.00   26.45750  -75.77481   -0.00043   -0.00028     5.7810     5.7302     3.6667     3.6670    34.9746    34.9798    27.8003    27.8045    1506.90    251.198    248.988         20 0.0000e+00
      48978   2040.706   1854.426   1875.000     3.8178     3.8181   3.318362   3.318828     2.4266     2.1432     100.00   26.45750  -75.77482   -0.00021   -0.00034     5.7829     5.7316     3.6650     3.6652    34.9744    34.9796    27.8003    27.8045    1506.89    251.281    249.048         18 0.0000e+00
      48996   2041.466   1855.410   1876.000     3.8163     3.8166   3.318265   3.318739     2.4273     2.1429     100.00   26.45750  -75.77482    0.00022   -0.00035     5.7861     5.7316     3.6634     3.6636    34.9743    34.9797    27.8004    27.8047    1506.89    251.420    249.049         19 0.0000e+00
      49016   2042.300   1856.395   1877.000     3.8160     3.8163   3.318269   3.318754     2.4284     2.1429     100.00   26.45748  -75.77482    0.00056   -0.00025     5.7900     5.7324     3.6630     3.6633    34.9742    34.9796    27.8004    27.8047    1506.88    251.588    249.083         22 0.0000e+00
      49042   2043.361   1857.380   1878.000     3.8166     3.8166   3.318366   3.318817     2.4284     2.1424     100.00   26.45748  -75.77482    0.00071   -0.00016     5.7908     5.7315     3.6635     3.6634    34.9743    34.9796    27.8004    27.8047    1506.88    251.623    249.045         30 0.0000e+00
      49075   2044.752   1858.364   1879.000     3.8165     3.8167   3.318396   3.318870     2.4278     2.1419     100.00   26.45748  -75.77482    0.00029   -0.00029     5.7896     5.7302     3.6632     3.6635    34.9743    34.9796    27.8005    27.8046    1506.87    251.572    248.986         33 0.0000e+00
      49103   2045.911   1859.349   1880.000     3.8162     3.8161   3.318417   3.318851     2.4283     2.1415     100.00   26.45748  -75.77483   -0.00011   -0.00036     5.7921     5.7299     3.6629     3.6628    34.9744    34.9795    27.8005    27.8046    1506.87    251.676    248.974         23 0.0000e+00
      49123   2046.740   1860.334   1881.000     3.8157     3.8160   3.318421   3.318890     2.4281     2.1416     100.00   26.45748  -75.77484   -0.00007   -0.00031     5.7922     5.7309     3.6623     3.6626    34.9745    34.9797    27.8006    27.8048    1506.86    251.685    249.016         18 0.0000e+00
      49140   2047.447   1861.318   1882.000     3.8163     3.8165   3.318515   3.318978     2.4269     2.1416     100.00   26.45748  -75.77484   -0.00012   -0.00020     5.7893     5.7315     3.6628     3.6630    34.9745    34.9797    27.8006    27.8048    1506.86    251.558    249.045         16 0.0000e+00
      49156   2048.106   1862.303   1883.000     3.8161     3.8163   3.318545   3.319024     2.4267     2.1414     100.00   26.45748  -75.77484   -0.00025   -0.00011     5.7894     5.7315     3.6626     3.6627    34.9745    34.9799    27.8007    27.8050    1506.85    251.562    249.044         16 0.0000e+00
      49172   2048.775   1863.287   1884.000     3.8159     3.8163   3.318552   3.319054     2.4266     2.1413     100.00   26.45748  -75.77484   -0.00043   -0.00011     5.7899     5.7319     3.6622     3.6626    34.9744    34.9799    27.8006    27.8049    1506.84    251.583    249.060         17 0.0000e+00
      49190   2049.554   1864.272   1885.000     3.8158     3.8161   3.318586   3.319052     2.4269     2.1408     100.00   26.45748  -75.77485   -0.00049   -0.00016     5.7917     5.7311     3.6620     3.6623    34.9744    34.9796    27.8007    27.8047    1506.84    251.661    249.026         21 0.0000e+00
      49222   2050.857   1865.257   1886.000     3.8138     3.8140   3.318430   3.318891     2.4256     2.1404     100.00   26.45748  -75.77486   -0.00033   -0.00032     5.7889     5.7308     3.6600     3.6601    34.9742    34.9794    27.8007    27.8048    1506.83    251.539    249.012         44 0.0000e+00
      49262   2052.549   1866.242   1887.000     3.8135     3.8138   3.318463   3.318932     2.4244     2.1397     100.00   26.45748  -75.77486   -0.00080   -0.00041     5.7860     5.7290     3.6596     3.6598    34.9744    34.9796    27.8009    27.8050    1506.83    251.414    248.936         29 0.0000e+00
      49285   2053.500   1867.226   1888.000     3.8131     3.8134   3.318483   3.318958     2.4257     2.1393     100.00   26.45748  -75.77486   -0.00056   -0.00039     5.7908     5.7282     3.6591     3.6593    34.9746    34.9799    27.8011    27.8053    1506.83    251.621    248.902         21 0.0000e+00
      49305   2054.335   1868.211   1889.000     3.8126     3.8129   3.318490   3.318959     2.4257     2.1392     100.00   26.45748  -75.77486   -0.00005   -0.00038     5.7916     5.7288     3.6585     3.6588    34.9747    34.9799    27.8012    27.8053    1506.82    251.658    248.928         20 0.0000e+00
      49326   2055.198   1869.195   1890.000     3.8111     3.8114   3.318391   3.318860     2.4258     2.1391     100.00   26.45750  -75.77486    0.00045   -0.00030     5.7929     5.7296     3.6569     3.6572    34.9746    34.9799    27.8013    27.8055    1506.81    251.713    248.963         21 0.0000e+00
      49350   2056.188   1870.180   1891.000     3.8084     3.8085   3.318162   3.318625     2.4255     2.1391     100.00   26.45750  -75.77486    0.00033   -0.00018     5.7932     5.7305     3.6542     3.6543    34.9743    34.9796    27.8014    27.8055    1506.81    251.725    249.002         26 0.0000e+00
      49375   2057.256   1871.164   1892.000     3.8037     3.8039   3.317758   3.318242     2.4251     2.1384     100.00   26.45750  -75.77486   -0.00012   -0.00016     5.7936     5.7299     3.6494     3.6496    34.9740    34.9795    27.8016    27.8059    1506.80    251.742    248.973         24 0.0000e+00
      49397   2058.148   1872.149   1893.000     3.8022     3.8025   3.317664   3.318144     2.4241     2.1381     100.00   26.45748  -75.77488   -0.00031   -0.00031     5.7915     5.7294     3.6478     3.6482    34.9740    34.9793    27.8018    27.8059    1506.80    251.653    248.954         19 0.0000e+00
      49414   2058.880   1873.134   1894.000     3.8006     3.8010   3.317562   3.318053     2.4231     2.1380     100.00   26.45749  -75.77488   -0.00066   -0.00039     5.7895     5.7302     3.6462     3.6466    34.9740    34.9793    27.8020    27.8061    1506.79    251.564    248.989         17 0.0000e+00
      49431   2059.570   1874.118   1895.000     3.7988     3.7991   3.317438   3.317913     2.4227     2.1380     100.00   26.45750  -75.77488   -0.00081   -0.00037     5.7893     5.7313     3.6443     3.6446    34.9739    34.9792    27.8021    27.8062    1506.79    251.558    249.035         17 0.0000e+00
      49449   2060.317   1875.103   1896.000     3.7955     3.7959   3.317161   3.317638     2.4224     2.1380     100.00   26.45750  -75.77488   -0.00090   -0.00027     5.7895     5.7326     3.6410     3.6413    34.9737    34.9789    27.8022    27.8063    1506.78    251.565    249.090         19 0.0000e+00
      49471   2061.269   1876.088   1897.000     3.7919     3.7922   3.316862   3.317334     2.4217     2.1377     100.00   26.45750  -75.77488   -0.00087   -0.00012     5.7888     5.7328     3.6373     3.6376    34.9735    34.9787    27.8024    27.8065    1506.78    251.536    249.103         27 0.0000e+00
      49503   2062.603   1877.072   1898.000     3.7884     3.7886   3.316557   3.317021     2.4212     2.1374     100.00   26.45750  -75.77488   -0.00057   -0.00012     5.7885     5.7332     3.6338     3.6340    34.9731    34.9783    27.8024    27.8066    1506.77    251.520    249.117         37 0.0000e+00
      49542   2064.206   1878.057   1899.000     3.7850     3.7852   3.316267   3.316735     2.4205     2.1369     100.00   26.45750  -75.77488   -0.00046   -0.00032     5.7879     5.7325     3.6304     3.6305    34.9728    34.9780    27.8025    27.8067    1506.77    251.495    249.086         38 0.0000e+00
      49575   2065.569   1879.041   1900.000     3.7823     3.7826   3.316066   3.316527     2.4212     2.1368     100.00   26.45750  -75.77489   -0.00023   -0.00031     5.7911     5.7333     3.6276     3.6279    34.9727    34.9779    27.8028    27.8068    1506.76    251.633    249.122         25 0.0000e+00
      49594   2066.394   1880.026   1901.000     3.7805     3.7808   3.315942   3.316406     2.4211     2.1368     100.00   26.45750  -75.77490    0.00003   -0.00020     5.7919     5.7344     3.6257     3.6260    34.9727    34.9779    27.8030    27.8071    1506.76    251.671    249.171         17 0.0000e+00
      49610   2067.059   1881.010   1902.000     3.7791     3.7795   3.315855   3.316327     2.4215     2.1364     100.00   26.45748  -75.77490    0.00024   -0.00009     5.7941     5.7340     3.6242     3.6246    34.9727    34.9778    27.8031    27.8071    1506.75    251.764    249.153         16 0.0000e+00
      49626   2067.693   1881.995   1903.000     3.7769     3.7771   3.315686   3.316160     2.4225     2.1368     100.00   26.45748  -75.77490    0.00041   -0.00007     5.7980     5.7365     3.6220     3.6222    34.9725    34.9779    27.8031    27.8074    1506.75    251.935    249.262         15 0.0000e+00
      49642   2068.363   1882.979   1904.000     3.7763     3.7765   3.315678   3.316153     2.4217     2.1367     100.00   26.45748  -75.77490    0.00046   -0.00004     5.7965     5.7371     3.6213     3.6215    34.9726    34.9780    27.8033    27.8076    1506.74    251.871    249.289         17 0.0000e+00
      49660   2069.119   1883.964   1905.000     3.7762     3.7765   3.315707   3.316175     2.4209     2.1365     100.00   26.45750  -75.77490    0.00014   -0.00005     5.7949     5.7372     3.6211     3.6213    34.9726    34.9778    27.8033    27.8074    1506.74    251.801    249.291         19 0.0000e+00
      49681   2069.985   1884.949   1906.000     3.7761     3.7762   3.315748   3.316201     2.4196     2.1361     100.00   26.45750  -75.77491   -0.00031   -0.00006     5.7917     5.7365     3.6209     3.6210    34.9727    34.9779    27.8034    27.8075    1506.73    251.658    249.260         22 0.0000e+00
      49704   2070.954   1885.933   1907.000     3.7748     3.7750   3.315662   3.316137     2.4190     2.1353     100.00   26.45750  -75.77492   -0.00085   -0.00027     5.7910     5.7346     3.6195     3.6197    34.9726    34.9779    27.8035    27.8077    1506.73    251.631    249.179         25 0.0000e+00
      49733   2072.170   1886.918   1908.000     3.7735     3.7738   3.315575   3.316054     2.4188     2.1346     100.00   26.45750  -75.77492   -0.00086   -0.00057     5.7913     5.7329     3.6182     3.6184    34.9724    34.9777    27.8034    27.8077    1506.72    251.642    249.105         35 0.0000e+00
      49772   2073.787   1887.902   1909.000     3.7732     3.7734   3.315586   3.316056     2.4192     2.1344     100.00   26.45750  -75.77492   -0.00018   -0.00051     5.7932     5.7333     3.6177     3.6179    34.9724    34.9777    27.8035    27.8077    1506.72    251.723    249.120         38 0.0000e+00
      49802   2075.059   1888.887   1910.000     3.7726     3.7728   3.315579   3.316054     2.4194     2.1343     100.00   26.45750  -75.77494    0.00017   -0.00018     5.7947     5.7338     3.6171     3.6173    34.9725    34.9778    27.8036    27.8079    1506.71    251.791    249.143         24 0.0000e+00
      49824   2075.949   1889.871   1911.000     3.7715     3.7718   3.315530   3.316001     2.4197     2.1342     100.00   26.45750  -75.77494    0.00026   -0.00004     5.7966     5.7343     3.6159     3.6161    34.9726    34.9778    27.8038    27.8080    1506.71    251.872    249.166         20 0.0000e+00
      49843   2076.742   1890.855   1912.000     3.7686     3.7690   3.315284   3.315770     2.4195     2.1340     100.00   26.45750  -75.77494    0.00021   -0.00008     5.7972     5.7348     3.6129     3.6133    34.9722    34.9775    27.8039    27.8080    1506.70    251.897    249.189         19 0.0000e+00
      49862   2077.540   1891.840   1913.000     3.7644     3.7646   3.314939   3.315409     2.4203     2.1338     100.00   26.45750  -75.77494    0.00022   -0.00012     5.8011     5.7355     3.6087     3.6089    34.9721    34.9774    27.8042    27.8084    1506.70    252.067    249.215         19 0.0000e+00
      49882   2078.362   1892.824   1914.000     3.7635     3.7639   3.314917   3.315383     2.4208     2.1335     100.00   26.45750  -75.77494    0.00036   -0.00023     5.8034     5.7353     3.6077     3.6081    34.9723    34.9774    27.8044    27.8084    1506.69    252.167    249.207         20 0.0000e+00
      49901   2079.149   1893.809   1915.000     3.7632     3.7634   3.314918   3.315386     2.4195     2.1331     100.00   26.45750  -75.77494    0.00027   -0.00033     5.8004     5.7346     3.6073     3.6075    34.9722    34.9774    27.8044    27.8085    1506.69    252.039    249.178         18 0.0000e+00
