test_casts/ab2302_037.cnv
* Sea-Bird SBE 9 Data File:
* FileName = D:\ctd\raw\ab2302_037.hex
* Software Version Seasave V 7.26.7.121
* Temperature SN = 5237
* Conductivity SN = 4222
* Number of Bytes Per Scan = 41
* Number of Voltage Words = 4
* Number of Scans Averaged by the Deck Unit = 1
* NMEA Latitude = 26 27.44 N
* NMEA Longitude = 075 46.03 W
* NMEA UTC (Time) = Feb 27 2023  08:40:59
* NMEA baud rate = 4800
# nquan = 28
# nvalues = 9501                        
# units = specified
# name 0 = scan: Scan Count
# name 1 = timeS: Time, Elapsed [seconds]
# name 2 = depSM: Depth [salt water, m]
# name 3 = prDM: Pressure, Digiquartz [db]
# name 4 = t090C: Temperature [ITS-90, deg C]
# name 5 = t190C: Temperature, 2 [ITS-90, deg C]
# name 6 = c0S/m: Conductivity [S/m]
# name 7 = c1S/m: Conductivity, 2 [S/m]
# name 8 = sbeox0V: Oxygen raw, SBE 43 [V]
# name 9 = sbeox1V: Oxygen raw, SBE 43, 2 [V]
# name 10 = altM: Altimeter [m]
# name 11 = latitude: Latitude [deg]
# name 12 = longitude: Longitude [deg]
# name 13 = sbox0dV/dT: Oxygen, SBE 43 [dov/dt]
# name 14 = sbox1dV/dT: Oxygen, SBE 43, 2 [dov/dt]
# name 15 = sbeox0ML/L: Oxygen, SBE 43 [ml/l], WS = 5
# name 16 = sbeox1ML/L: Oxygen, SBE 43, 2 [ml/l], WS = 5
# name 17 = potemp090C: Potential Temperature [ITS-90, deg C]
# name 18 = potemp190C: Potential Temperature, 2 [ITS-90, deg C]
# name 19 = sal00: Salinity, Practical [PSU]
# name 20 = sal11: Salinity, Practical, 2 [PSU]
# name 21 = sigma-é00: Density [sigma-theta, kg/m^3]
# name 22 = sigma-é11: Density, 2 [sigma-theta, kg/m^3]
# name 23 = avgsvCM: Average Sound Velocity [Chen-Millero, m/s], minP = 20, minS = 20
# name 24 = sbox0Mm/Kg: Oxygen, SBE 43 [umol/kg], WS = 5
# name 25 = sbox1Mm/Kg: Oxygen, SBE 43, 2 [umol/kg], WS = 5
# name 26 = nbin: number of scans per bin
# name 27 = flag: flag
# span 0 =       2578,     329978       
# span 1 =    107.370,  13749.036       
# span 2 =      0.993,   4667.977       
# span 3 =      1.000,   4751.000       
# span 4 =     2.1611,    25.0658       
# span 5 =     2.1617,    25.0650       
# span 6 =   3.241043,   5.534621       
# span 7 =   3.241526,   5.534532       
# span 8 =     1.7029,     3.5323       
# span 9 =     1.5189,     3.1373       
# span 10 =      49.95,     100.95      
# span 11 =   26.45742,   26.47112      
# span 12 =  -75.82787,  -75.76775      
# span 13 =   -0.03031,    0.03475      
# span 14 =   -0.02492,    0.03146      
# span 15 =     3.0407,     5.9485      
# span 16 =     3.0237,     5.8546      
# span 17 =     1.7571,    25.0638      
# span 18 =     1.7580,    25.0637      
# span 19 =    34.8688,    36.9224      
# span 20 =    34.8732,    36.9291      
# span 21 =    24.3439,    27.8879      
# span 22 =    24.3491,    27.8919      
# span 23 =       0.00,    1536.38      
# span 24 =    132.200,    258.454      
# span 25 =    131.460,    254.374      
# span 26 =         12,        141      
# span 27 = 0.0000e+00, 0.0000e+00      
# interval = decibars: 1                
# start_time = Feb 27 2023 08:40:59 [NMEA time, header]
# bad_flag = -9.990e-29
*END*
[from data line 5178]
     138161   5756.668   4251.542   4323.000     2.1739     2.1744   3.255532   3.255990     1.7761     1.5811     100.00   26.45906  -75.78638    0.00022    0.00018     5.5162     5.4192     1.7977     1.7981    34.8740    34.8790    27.8867    27.8906    1512.46    239.670    235.453         19 0.0000e+00
     138179   5757.433   4250.568   4322.000     2.1741     2.1747   3.255535   3.255975     1.7762     1.5812     100.00   26.45906  -75.78638    0.00025    0.00020     5.5160     5.4187     1.7980     1.7985    34.8742    34.8789    27.8868    27.8905    1512.46    239.662    235.434         18 0.0000e+00
     138198   5758.202   4249.594   4321.000     2.1743     2.1748   3.255511   3.255973     1.7765     1.5813     100.00   26.45906  -75.78640    0.00023    0.00021     5.5164     5.4183     1.7983     1.7988    34.8741    34.8791    27.8867    27.8907    1512.46    239.680    235.415         19 0.0000e+00
     138218   5759.057   4248.620   4320.000     2.1743     2.1749   3.255485   3.255946     1.7764     1.5815     100.00   26.45906  -75.78640    0.00024    0.00014     5.5151     5.4186     1.7984     1.7990    34.8742    34.8791    27.8868    27.8907    1512.46    239.623    235.430         22 0.0000e+00
     138244   5760.143   4247.646   4319.000     2.1741     2.1747   3.255445   3.255906     1.7763     1.5816     100.00   26.45906  -75.78640    0.00009    0.00012     5.5143     5.4186     1.7984     1.7990    34.8743    34.8792    27.8869    27.8907    1512.46    239.587    235.428         30 0.0000e+00
     138279   5761.595   4246.672   4318.000     2.1741     2.1747   3.255402   3.255859     1.7764     1.5819     100.00   26.45906  -75.78640   -0.00005    0.00018     5.5137     5.4197     1.7985     1.7990    34.8742    34.8791    27.8868    27.8906    1512.46    239.563    235.475         37 0.0000e+00
     138313   5763.000   4245.698   4317.000     2.1740     2.1748   3.255363   3.255820     1.7769     1.5822     100.00   26.45906  -75.78641    0.00012    0.00021     5.5152     5.4204     1.7985     1.7992    34.8743    34.8789    27.8868    27.8905    1512.46    239.626    235.507         28 0.0000e+00
     138337   5764.000   4244.724   4316.000     2.1743     2.1748   3.255354   3.255805     1.7771     1.5824     100.00   26.45906  -75.78642    0.00025    0.00022     5.5152     5.4206     1.7990     1.7994    34.8742    34.8791    27.8867    27.8906    1512.46    239.625    235.514         21 0.0000e+00
     138355   5764.767   4243.750   4315.000     2.1745     2.1751   3.255347   3.255797     1.7774     1.5824     100.00   26.45906  -75.78642    0.00033    0.00019     5.5159     5.4198     1.7992     1.7998    34.8744    34.8791    27.8868    27.8906    1512.46    239.658    235.480         17 0.0000e+00
     138371   5765.435   4242.777   4314.000     2.1744     2.1752   3.255312   3.255773     1.7778     1.5825     100.00   26.45906  -75.78642    0.00032    0.00015     5.5169     5.4194     1.7993     1.8000    34.8744    34.8792    27.8869    27.8906    1512.46    239.699    235.465         16 0.0000e+00
     138387   5766.069   4241.802   4313.000     2.1745     2.1751   3.255281   3.255734     1.7778     1.5825     100.00   26.45906  -75.78642    0.00031    0.00012     5.5162     5.4188     1.7994     1.8000    34.8744    34.8792    27.8868    27.8906    1512.46    239.671    235.436         15 0.0000e+00
     138402   5766.721   4240.828   4312.000     2.1745     2.1751   3.255234   3.255700     1.7779     1.5824     100.00   26.45906  -75.78643    0.00031    0.00006     5.5161     5.4177     1.7996     1.8001    34.8742    34.8792    27.8867    27.8907    1512.46    239.664    235.388         16 0.0000e+00
     138420   5767.457   4239.854   4311.000     2.1743     2.1750   3.255199   3.255662     1.7779     1.5825     100.00   26.45906  -75.78644    0.00029    0.00001     5.5154     5.4173     1.7995     1.8001    34.8744    34.8793    27.8868    27.8907    1512.46    239.633    235.371         19 0.0000e+00
     138443   5768.406   4238.881   4310.000     2.1742     2.1749   3.255159   3.255612     1.7783     1.5828     100.00   26.45906  -75.78644    0.00022    0.00007     5.5163     5.4181     1.7996     1.8002    34.8744    34.8792    27.8869    27.8906    1512.46    239.673    235.408         28 0.0000e+00
     138474   5769.717   4237.907   4309.000     2.1741     2.1748   3.255108   3.255575     1.7787     1.5831     100.00   26.45906  -75.78644    0.00023    0.00015     5.5172     5.4189     1.7995     1.8002    34.8743    34.8792    27.8868    27.8906    1512.46    239.715    235.442         33 0.0000e+00
     138506   5771.028   4236.933   4308.000     2.1742     2.1747   3.255077   3.255538     1.7790     1.5834     100.00   26.45906  -75.78644    0.00028    0.00024     5.5180     5.4197     1.7998     1.8003    34.8742    34.8792    27.8867    27.8907    1512.46    239.748    235.478         29 0.0000e+00
     138532   5772.114   4235.959   4307.000     2.1744     2.1748   3.255068   3.255514     1.7793     1.5836     100.00   26.45906  -75.78646    0.00030    0.00025     5.5186     5.4203     1.8001     1.8004    34.8744    34.8793    27.8868    27.8907    1512.46    239.775    235.500         25 0.0000e+00
     138556   5773.123   4234.985   4306.000     2.1744     2.1750   3.255047   3.255492     1.7794     1.5836     100.00   26.45906  -75.78646    0.00027    0.00023     5.5182     5.4195     1.8002     1.8007    34.8745    34.8792    27.8869    27.8906    1512.46    239.757    235.468         23 0.0000e+00
     138579   5774.089   4234.011   4305.000     2.1747     2.1754   3.255037   3.255504     1.7793     1.5839     100.00   26.45906  -75.78646    0.00014    0.00015     5.5169     5.4205     1.8006     1.8012    34.8744    34.8794    27.8868    27.8907    1512.46    239.701    235.509         23 0.0000e+00
     138601   5775.007   4233.037   4304.000     2.1750     2.1757   3.255036   3.255506     1.7795     1.5841     100.00   26.45906  -75.78646    0.00009    0.00017     5.5171     5.4205     1.8010     1.8016    34.8746    34.8795    27.8869    27.8908    1512.46    239.709    235.510         21 0.0000e+00
     138621   5775.839   4232.063   4303.000     2.1753     2.1760   3.255031   3.255478     1.7798     1.5846     100.00   26.45906  -75.78646    0.00008    0.00021     5.5177     5.4221     1.8014     1.8020    34.8746    34.8793    27.8868    27.8906    1512.46    239.736    235.580         19 0.0000e+00
     138639   5776.585   4231.089   4302.000     2.1753     2.1759   3.255009   3.255458     1.7798     1.5847     100.00   26.45906  -75.78646    0.00013    0.00029     5.5169     5.4219     1.8016     1.8021    34.8747    34.8794    27.8869    27.8907    1512.46    239.702    235.570         17 0.0000e+00
     138656   5777.286   4230.115   4301.000     2.1754     2.1761   3.254986   3.255423     1.7801     1.5847     100.00   26.45906  -75.78646    0.00022    0.00029     5.5174     5.4216     1.8018     1.8024    34.8747    34.8793    27.8869    27.8905    1512.46    239.723    235.559         17 0.0000e+00
     138673   5777.983   4229.141   4300.000     2.1754     2.1761   3.254952   3.255415     1.7801     1.5849     100.00   26.45906  -75.78648    0.00024    0.00024     5.5169     5.4216     1.8019     1.8025    34.8747    34.8796    27.8869    27.8908    1512.46    239.699    235.560         17 0.0000e+00
     138691   5778.760   4228.167   4299.000     2.1755     2.1760   3.254915   3.255377     1.7804     1.5849     100.00   26.45906  -75.78648    0.00023    0.00020     5.5173     5.4209     1.8020     1.8026    34.8747    34.8796    27.8869    27.8908    1512.46    239.716    235.530         21 0.0000e+00
     138719   5779.906   4227.193   4298.000     2.1753     2.1758   3.254873   3.255329     1.7807     1.5851     100.00   26.45906  -75.78648    0.00023    0.00012     5.5178     5.4213     1.8020     1.8025    34.8747    34.8796    27.8869    27.8908    1512.46    239.739    235.544         38 0.0000e+00
     138766   5781.870   4226.219   4297.000     2.1752     2.1757   3.254822   3.255283     1.7810     1.5853     100.00   26.45906  -75.78650    0.00023    0.00014     5.5185     5.4218     1.8020     1.8024    34.8746    34.8797    27.8868    27.8908    1512.46    239.772    235.569         41 0.0000e+00
     138793   5782.995   4225.245   4296.000     2.1752     2.1758   3.254782   3.255242     1.7812     1.5856     100.00   26.45906  -75.78650    0.00021    0.00016     5.5187     5.4226     1.8022     1.8027    34.8745    34.8794    27.8867    27.8906    1512.46    239.779    235.602         21 0.0000e+00
     138811   5783.748   4224.271   4295.000     2.1753     2.1759   3.254768   3.255232     1.7813     1.5858     100.00   26.45907  -75.78650    0.00019    0.00021     5.5184     5.4228     1.8024     1.8029    34.8746    34.8796    27.8868    27.8907    1512.46    239.765    235.610         17 0.0000e+00
     138827   5784.425   4223.297   4294.000     2.1756     2.1762   3.254776   3.255226     1.7814     1.5861     100.00   26.45908  -75.78650    0.00015    0.00023     5.5180     5.4234     1.8028     1.8033    34.8748    34.8796    27.8869    27.8907    1512.46    239.747    235.638         16 0.0000e+00
     138843   5785.088   4222.324   4293.000     2.1759     2.1766   3.254765   3.255227     1.7818     1.5860     100.00   26.45908  -75.78650    0.00017    0.00024     5.5189     5.4223     1.8031     1.8038    34.8748    34.8797    27.8869    27.8907    1512.46    239.786    235.590         16 0.0000e+00
     138860   5785.780   4221.349   4292.000     2.1759     2.1765   3.254714   3.255188     1.7819     1.5860     100.00   26.45908  -75.78651    0.00020    0.00020     5.5184     5.4216     1.8033     1.8039    34.8746    34.8796    27.8867    27.8907    1512.46    239.767    235.560         17 0.0000e+00
     138879   5786.569   4220.375   4291.000     2.1757     2.1765   3.254681   3.255142     1.7821     1.5862     100.00   26.45908  -75.78652    0.00023    0.00014     5.5186     5.4216     1.8032     1.8039    34.8749    34.8796    27.8869    27.8907    1512.46    239.775    235.557         21 0.0000e+00
     138904   5787.609   4219.401   4290.000     2.1759     2.1764   3.254670   3.255118     1.7822     1.5863     100.00   26.45908  -75.78652    0.00021    0.00010     5.5185     5.4218     1.8035     1.8040    34.8749    34.8797    27.8870    27.8908    1512.46    239.769    235.566         29 0.0000e+00
     138935   5788.908   4218.427   4289.000     2.1758     2.1768   3.254628   3.255110     1.7828     1.5866     100.00   26.45908  -75.78652    0.00026    0.00015     5.5205     5.4222     1.8036     1.8044    34.8749    34.8797    27.8869    27.8907    1512.46    239.856    235.587         31 0.0000e+00
     138964   5790.106   4217.453   4288.000     2.1761     2.1765   3.254622   3.255051     1.7832     1.5871     100.00   26.45908  -75.78652    0.00035    0.00023     5.5215     5.4241     1.8039     1.8043    34.8750    34.8796    27.8870    27.8907    1512.46    239.899    235.667         27 0.0000e+00
     138989   5791.182   4216.478   4287.000     2.1763     2.1767   3.254605   3.255044     1.7835     1.5873     100.00   26.45908  -75.78652    0.00038    0.00030     5.5221     5.4245     1.8042     1.8046    34.8749    34.8798    27.8869    27.8908    1512.46    239.924    235.686         24 0.0000e+00
     139011   5792.100   4215.505   4286.000     2.1762     2.1768   3.254570   3.255024     1.7836     1.5873     100.00   26.45908  -75.78654    0.00029    0.00027     5.5216     5.4238     1.8042     1.8048    34.8751    34.8798    27.8870    27.8908    1512.46    239.904    235.652         20 0.0000e+00
     139030   5792.861   4214.531   4285.000     2.1762     2.1768   3.254536   3.254997     1.7840     1.5874     100.00   26.45908  -75.78654    0.00026    0.00020     5.5225     5.4237     1.8043     1.8049    34.8751    34.8799    27.8870    27.8909    1512.46    239.944    235.650         17 0.0000e+00
     139046   5793.545   4213.557   4284.000     2.1763     2.1769   3.254507   3.254985     1.7840     1.5877     100.00   26.45908  -75.78654    0.00023    0.00017     5.5220     5.4245     1.8046     1.8052    34.8750    34.8800    27.8869    27.8909    1512.46    239.923    235.683         17 0.0000e+00
     139063   5794.244   4212.583   4283.000     2.1765     2.1773   3.254504   3.254968     1.7845     1.5878     100.00   26.45908  -75.78654    0.00026    0.00017     5.5233     5.4241     1.8049     1.8056    34.8751    34.8799    27.8870    27.8907    1512.46    239.978    235.669         17 0.0000e+00
     139082   5795.029   4211.609   4282.000     2.1768     2.1774   3.254498   3.254946     1.7845     1.5880     100.00   26.45908  -75.78656    0.00029    0.00018     5.5224     5.4242     1.8053     1.8059    34.8751    34.8798    27.8870    27.8907    1512.46    239.939    235.671         21 0.0000e+00
     139106   5796.036   4210.635   4281.000     2.1770     2.1778   3.254475   3.254948     1.7846     1.5885     100.00   26.45908  -75.78656    0.00029    0.00030     5.5222     5.4263     1.8056     1.8064    34.8751    34.8799    27.8869    27.8907    1512.46    239.931    235.761         28 0.0000e+00
     139140   5797.477   4209.661   4280.000     2.1769     2.1775   3.254442   3.254893     1.7844     1.5885     100.00   26.45908  -75.78656    0.00008    0.00027     5.5205     5.4255     1.8057     1.8062    34.8751    34.8800    27.8870    27.8908    1512.46    239.858    235.726         40 0.0000e+00
     139176   5798.969   4208.686   4279.000     2.1770     2.1770   3.254411   3.254809     1.7849     1.5888     100.00   26.45908  -75.78656   -0.00004    0.00012     5.5219     5.4262     1.8059     1.8058    34.8751    34.8799    27.8869    27.8908    1512.46    239.916    235.758         28 0.0000e+00
     139199   5799.916   4207.713   4278.000     2.1775     2.1778   3.254419   3.254853     1.7850     1.5889     100.00   26.45908  -75.78657    0.00012    0.00010     5.5218     5.4261     1.8065     1.8067    34.8751    34.8800    27.8868    27.8908    1512.46    239.911    235.755         20 0.0000e+00
     139217   5800.668   4206.738   4277.000     2.1778     2.1783   3.254418   3.254870     1.7853     1.5893     100.00   26.45908  -75.78658    0.00023    0.00019     5.5222     5.4270     1.8068     1.8074    34.8752    34.8800    27.8869    27.8907    1512.46    239.931    235.794         17 0.0000e+00
     139234   5801.371   4205.764   4276.000     2.1781     2.1787   3.254429   3.254885     1.7856     1.5896     100.00   26.45908  -75.78658    0.00031    0.00029     5.5226     5.4281     1.8073     1.8079    34.8754    34.8802    27.8871    27.8909    1512.46    239.946    235.841         17 0.0000e+00
     139251   5802.087   4204.790   4275.000     2.1782     2.1788   3.254403   3.254871     1.7856     1.5897     100.00   26.45908  -75.78658    0.00033    0.00033     5.5220     5.4277     1.8075     1.8081    34.8753    34.8803    27.8870    27.8910    1512.46    239.921    235.825         17 0.0000e+00
     139269   5802.841   4203.816   4274.000     2.1783     2.1789   3.254386   3.254840     1.7858     1.5896     100.00   26.45908  -75.78658    0.00028    0.00029     5.5220     5.4267     1.8077     1.8083    34.8754    34.8803    27.8870    27.8909    1512.46    239.923    235.780         19 0.0000e+00
     139289   5803.648   4202.842   4273.000     2.1782     2.1788   3.254342   3.254806     1.7860     1.5897     100.00   26.45908  -75.78658    0.00026    0.00021     5.5224     5.4263     1.8077     1.8083    34.8755    34.8803    27.8871    27.8909    1512.46    239.940    235.763         20 0.0000e+00
