test_casts/ab2302_037.cnv
* Sea-Bird SBE 9 Data File:
* FileName = D:\ctd\raw\ab2302_037.hex
* Software Version Seasave V 7.26.7.121
* Temperature SN = 5237
* Conductivity SN = 4222
* Number of Bytes Per Scan = 41
* Number of Voltage Words = 4
* Number of Scans Averaged by the Deck Unit = 1
* NMEA Latitude = 26 27.44 N
* NMEA Longitude = 075 46.03 W
* NMEA UTC (Time) = Feb 27 2023  08:40:59
* NMEA baud rate = 4800
# nquan = 28
# nvalues = 9501                        
# units = specified
# name 0 = scan: Scan Count
# name 1 = timeS: Time, Elapsed [seconds]
# name 2 = depSM: Depth [salt water, m]
# name 3 = prDM: Pressure, Digiquartz [db]
# name 4 = t090C: Temperature [ITS-90, deg C]
# name 5 = t190C: Temperature, 2 [ITS-90, deg C]
# name 6 = c0S/m: Conductivity [S/m]
# name 7 = c1S/m: Conductivity, 2 [S/m]
# name 8 = sbeox0V: Oxygen raw, SBE 43 [V]
# name 9 = sbeox1V: Oxygen raw, SBE 43, 2 [V]
# name 10 = altM: Altimeter [m]
# name 11 = latitude: Latitude [deg]
# name 12 = longitude: Longitude [deg]
# name 13 = sbox0dV/dT: Oxygen, SBE 43 [dov/dt]
# name 14 = sbox1dV/dT: Oxygen, SBE 43, 2 [dov/dt]
# name 15 = sbeox0ML/L: Oxygen, SBE 43 [ml/l], WS = 5
# name 16 = sbeox1ML/L: Oxygen, SBE 43, 2 [ml/l], WS = 5
# name 17 = potemp090C: Potential Temperature [ITS-90, deg C]
# name 18 = potemp190C: Potential Temperature, 2 [ITS-90, deg C]
# name 19 = sal00: Salinity, Practical [PSU]
# name 20 = sal11: Salinity, Practical, 2 [PSU]
# name 21 = sigma-é00: Density [sigma-theta, kg/m^3]
# name 22 = sigma-é11: Density, 2 [sigma-theta, kg/m^3]
# name 23 = avgsvCM: Average Sound Velocity [Chen-Millero, m/s], minP = 20, minS = 20
# name 24 = sbox0Mm/Kg: Oxygen, SBE 43 [umol/kg], WS = 5
# name 25 = sbox1Mm/Kg: Oxygen, SBE 43, 2 [umol/kg], WS = 5
# name 26 = nbin: number of scans per bin
# name 27 = flag: flag
# span 0 =       2578,     329978       
# span 1 =    107.370,  13749.036       
# span 2 =      0.993,   4667.977       
# span 3 =      1.000,   4751.000       
# span 4 =     2.1611,    25.0658       
# span 5 =     2.1617,    25.0650       
# span 6 =   3.241043,   5.534621       
# span 7 =   3.241526,   5.534532       
# span 8 =     1.7029,     3.5323       
# span 9 =     1.5189,     3.1373       
# span 10 =      49.95,     100.95      
# span 11 =   26.45742,   26.47112      
# span 12 =  -75.82787,  -75.76775      
# span 13 =   -0.03031,    0.03475      
# span 14 =   -0.02492,    0.03146      
# span 15 =     3.0407,     5.9485      
# span 16 =     3.0237,     5.8546      
# span 17 =     1.7571,    25.0638      
# span 18 =     1.7580,    25.0637      
# span 19 =    34.8688,    36.9224      
# span 20 =    34.8732,    36.9291      
# span 21 =    24.3439,    27.8879      
# span 22 =    24.3491,    27.8919      
# span 23 =       0.00,    1536.38      
# span 24 =    132.200,    258.454      
# span 25 =    131.460,    254.374      
# span 26 =         12,        141      
# span 27 = 0.0000e+00, 0.0000e+00      
# interval = decibars: 1                
# start_time = Feb 27 2023 08:40:59 [NMEA time, header]
# bad_flag = -9.990e-29
*END*
[from data line 9424]
     310818  12950.724     76.482     77.000    23.9284    23.9091   5.430426   5.429942     3.3208     3.0025      99.99   26.46950  -75.82284   -0.00389   -0.00034     4.4730     4.5042    23.9121    23.8928    36.7609    36.7732    25.0014    25.0165    1512.46    194.890    196.248         64 0.0000e+00
     310860  12952.439     75.489     76.000    23.9414    23.9342   5.430825   5.431160     3.3218     3.0011      99.99   26.46952  -75.82284   -0.00392   -0.00035     4.4734     4.4995    23.9253    23.9181    36.7536    36.7621    24.9919    25.0005    1512.46    194.911    196.045         29 0.0000e+00
     310890  12953.710     74.496     75.000    23.9653    23.9724   5.431590   5.432861     3.3042     2.9901      99.99   26.46952  -75.82285   -0.00294   -0.00259     4.4436     4.4767    23.9495    23.9566    36.7399    36.7437    24.9744    24.9751    1512.46    193.617    195.058         34 0.0000e+00
     310930  12955.382     73.503     74.000    23.9913    24.0050   5.434129   5.436431     3.2954     2.9827      99.99   26.46952  -75.82286   -0.00878   -0.00578     4.4274     4.4603    23.9757    23.9893    36.7381    36.7444    24.9652    24.9659    1512.46    192.911    194.346         45 0.0000e+00
     310972  12957.108     72.510     73.000    24.0463    24.0311   5.440577   5.439287     3.3015     2.9750      99.99   26.46952  -75.82287   -0.00286   -0.00477     4.4327     4.4439    24.0308    24.0156    36.7422    36.7449    24.9518    24.9584    1512.46    193.146    193.633         38 0.0000e+00
     311045  12960.163     71.517     72.000    24.0398    24.0342   5.437457   5.438961     3.2916     2.9738      99.99   26.46952  -75.82290   -0.00137   -0.00143     4.4175     4.4411    24.0245    24.0189    36.7242    36.7402    24.9400    24.9539    1512.46    192.483    193.511         97 0.0000e+00
     311113  12963.006     70.524     71.000    24.0203    24.0262   5.433386   5.436633     3.2951     2.9713      99.99   26.46954  -75.82292    0.00272   -0.00051     4.4240     4.4369    24.0052    24.0112    36.7096    36.7294    24.9348    24.9480    1512.46    192.771    193.328         25 0.0000e+00
     311134  12963.870     69.531     70.000    24.0305    24.0334   5.434175   5.435695     3.2868     2.9723      99.99   26.46954  -75.82292    0.00121   -0.00105     4.4098     4.4380    24.0156    24.0186    36.7075    36.7167    24.9301    24.9361    1512.46    192.152    193.381         22 0.0000e+00
     311158  12964.874     68.538     69.000    24.0417    24.0427   5.435273   5.436285     3.2796     2.9745      99.99   26.46954  -75.82292   -0.00324   -0.00026     4.3971     4.4408    24.0271    24.0281    36.7070    36.7138    24.9262    24.9311    1512.46    191.598    193.504         28 0.0000e+00
     311194  12966.356     67.544     68.000    24.0460    24.0551   5.435695   5.437770     3.2894     2.9748      99.98   26.46954  -75.82294   -0.00249    0.00090     4.4119     4.4398    24.0316    24.0407    36.7070    36.7153    24.9249    24.9285    1512.46    192.244    193.459         46 0.0000e+00
     311265  12969.348     66.551     67.000    24.0956    24.0677   5.442113   5.439219     3.2974     2.9751      99.98   26.46954  -75.82296    0.00335    0.00024     4.4205     4.4389    24.0814    24.0535    36.7152    36.7163    24.9163    24.9254    1512.46    192.621    193.420         87 0.0000e+00
     311326  12971.855     65.558     66.000    24.1348    24.1111   5.447472   5.445302     3.2991     2.9756      99.99   26.46956  -75.82296    0.00571   -0.00019     4.4198     4.4359    24.1208    24.0970    36.7241    36.7271    24.9112    24.9206    1512.46    192.591    193.290         36 0.0000e+00
     311360  12973.296     64.565     65.000    24.1779    24.1775   5.452394   5.452235     3.2977     2.9838      99.99   26.46956  -75.82298   -0.00344    0.00157     4.4142     4.4453    24.1641    24.1636    36.7263    36.7255    24.8999    24.8994    1512.46    192.347    193.702         40 0.0000e+00
     311410  12975.366     63.572     64.000    24.1880    24.1820   5.452400   5.452476     3.3174     3.0023      99.99   26.46956  -75.82299    0.00394    0.00765     4.4444     4.4779    24.1744    24.1684    36.7184    36.7239    24.8908    24.8968    1512.46    193.666    195.123         53 0.0000e+00
     311454  12977.207     62.579     63.000    24.2079    24.1918   5.453280   5.452721     3.3353     3.0056      99.98   26.46956  -75.82300    0.01037    0.00544     4.4710     4.4827    24.1945    24.1784    36.7090    36.7180    24.8777    24.8893    1512.46    194.830    195.333         39 0.0000e+00
     311497  12978.987     61.585     62.000    24.2505    24.2385   5.457426   5.457300     3.3652     3.0214      99.98   26.46956  -75.82300    0.01358    0.00451     4.5150     4.5071    24.2373    24.2253    36.7058    36.7147    24.8623    24.8727    1512.46    196.749    196.402         48 0.0000e+00
     311540  12980.809     60.592     61.000    24.2862    24.2700   5.461791   5.460820     3.3673     3.0344      99.98   26.46956  -75.82302    0.00973    0.00892     4.5152     4.5276    24.2731    24.2569    36.7099    36.7158    24.8547    24.8641    1512.46    196.759    197.299         35 0.0000e+00
     311572  12982.118     59.599     60.000    24.3332    24.3309   5.467176   5.467708     3.3706     3.0381      99.98   26.46956  -75.82302    0.00296    0.00649     4.5168     4.5292    24.3204    24.3180    36.7123    36.7183    24.8423    24.8476    1512.46    196.828    197.368         33 0.0000e+00
     311641  12984.999     58.606     59.000    24.3734    24.3331   5.471629   5.467840     3.3614     3.0419      99.98   26.46958  -75.82305   -0.00157    0.00146     4.4990     4.5353    24.3607    24.3205    36.7134    36.7178    24.8310    24.8465    1512.46    196.056    197.634         79 0.0000e+00
     311689  12987.012     57.613     58.000    24.4441    24.3970   5.480789   5.475791     3.3681     3.0418      99.98   26.46958  -75.82306   -0.00241   -0.00055     4.5039     4.5296    24.4317    24.3845    36.7250    36.7258    24.8184    24.8333    1512.46    196.275    197.390         28 0.0000e+00
     311727  12988.593     56.620     57.000    24.5339    24.5307   5.491590   5.491806     3.3748     3.0364      99.98   26.46958  -75.82307    0.00366   -0.00026     4.5076     4.5092    24.5216    24.5185    36.7332    36.7374    24.7974    24.8016    1512.46    196.439    196.506         53 0.0000e+00
     311777  12990.653     55.627     56.000    24.5616    24.5341   5.494194   5.492129     3.3534     3.0216      99.98   26.46958  -75.82308   -0.00178   -0.00586     4.4718     4.4818    24.5496    24.5220    36.7305    36.7375    24.7869    24.8005    1512.46    194.878    195.315         36 0.0000e+00
     311812  12992.119     54.633     55.000    24.6129    24.5760   5.499235   5.496496     3.3497     3.0236      99.98   26.46958  -75.82308   -0.00740   -0.00456     4.4621     4.4818    24.6011    24.5641    36.7268    36.7364    24.7685    24.7870    1512.46    194.461    195.317         43 0.0000e+00
     311869  12994.502     53.640     54.000    24.6302    24.6107   5.500584   5.499715     3.3523     3.0245      99.98   26.46960  -75.82310   -0.00152    0.00103     4.4645     4.4806    24.6185    24.5991    36.7231    36.7325    24.7604    24.7734    1512.46    194.568    195.266         58 0.0000e+00
     311916  12996.445     52.647     53.000    24.6705    24.6498   5.504045   5.503008     3.3650     3.0267      99.98   26.46960  -75.82311    0.00484   -0.00042     4.4815     4.4812    24.6590    24.6384    36.7166    36.7257    24.7432    24.7563    1512.46    195.311    195.297         42 0.0000e+00
     311969  12998.655     51.654     52.000    24.6894    24.6805   5.504638   5.505096     3.3738     3.0393      99.98   26.46960  -75.82312    0.00431    0.00401     4.4937     4.5011    24.6782    24.6693    36.7059    36.7166    24.7292    24.7401    1512.46    195.846    196.167         64 0.0000e+00
     314163  13090.065     50.660     51.000    24.7067    24.7044   5.505171   5.505934     3.3783     3.0539      99.97   26.46978  -75.82370    0.00001   -0.00084     4.4994     4.5252    24.6957    24.6934    36.6961    36.7037    24.7166    24.7230    1512.46    196.095    197.219         65 0.0000e+00
     319587  13316.063     49.667     50.000    24.7278    24.7320   5.508115   5.509540     3.3872     3.0574      99.95   26.47021  -75.82513    0.00233    0.00209     4.5113     4.5287    24.7170    24.7212    36.7013    36.7086    24.7140    24.7182    1512.46    196.614    197.372         30 0.0000e+00
     319776  13323.965     48.674     49.000    24.7425    24.7439   5.509343   5.510508     3.3776     3.0603      99.95   26.47022  -75.82519   -0.00124    0.00144     4.4947     4.5325    24.7319    24.7333    36.6989    36.7065    24.7076    24.7130    1512.46    195.891    197.540         73 0.0000e+00
     319836  13326.458     47.681     48.000    24.7479    24.7409   5.509086   5.510011     3.3890     3.0637      99.95   26.47022  -75.82520    0.00237    0.00192     4.5118     4.5383    24.7375    24.7306    36.6929    36.7055    24.7014    24.7131    1512.46    196.640    197.792         27 0.0000e+00
     319863  13327.564     46.687     47.000    24.7521    24.7511   5.509524   5.510435     3.3883     3.0657      99.95   26.47023  -75.82522    0.00404    0.00135     4.5099     4.5407    24.7420    24.7409    36.6931    36.7007    24.7002    24.7063    1512.46    196.559    197.900         34 0.0000e+00
     319919  13329.904     45.694     46.000    24.7590    24.7553   5.510190   5.510684     3.3967     3.0695      99.94   26.47024  -75.82523    0.00320    0.00177     4.5220     4.5467    24.7491    24.7453    36.6928    36.6995    24.6978    24.7041    1512.46    197.084    198.159         60 0.0000e+00
     319955  13331.422     44.701     45.000    24.7654    24.7596   5.510976   5.511194     3.3947     3.0713      99.95   26.47024  -75.82524    0.00135    0.00102     4.5179     4.5490    24.7557    24.7498    36.6937    36.7002    24.6965    24.7032    1512.46    196.908    198.261         29 0.0000e+00
     320001  13333.353     43.708     44.000    24.7671    24.7674   5.510268   5.511509     3.3954     3.0714      99.94   26.47024  -75.82525    0.00011    0.00067     4.5185     4.5481    24.7576    24.7579    36.6874    36.6965    24.6912    24.6979    1512.46    196.933    198.222         67 0.0000e+00
     320058  13335.728     42.714     43.000    24.7686    24.7668   5.509518   5.511275     3.3998     3.0718      99.94   26.47024  -75.82527    0.00114    0.00048     4.5249     4.5482    24.7593    24.7575    36.6809    36.6955    24.6857    24.6973    1512.46    197.215    198.229         38 0.0000e+00
     320101  13337.502     41.721     42.000    24.7720    24.7676   5.508825   5.510028     3.4178     3.0758      99.95   26.47026  -75.82528    0.00507    0.00069     4.5526     4.5551    24.7629    24.7585    36.6733    36.6858    24.6789    24.6897    1512.46    198.420    198.527         54 0.0000e+00
     320150  13339.543     40.728     41.000    24.7734    24.7728   5.508559   5.509493     3.4266     3.0821      99.94   26.47026  -75.82529    0.00890    0.00290     4.5657     4.5654    24.7645    24.7639    36.6705    36.6779    24.6762    24.6820    1512.46    198.993    198.982         35 0.0000e+00
     320181  13340.814     39.735     40.000    24.7721    24.7718   5.507999   5.508838     3.4271     3.0865      99.94   26.47026  -75.82530    0.00423    0.00335     4.5661     4.5730    24.7634    24.7631    36.6676    36.6742    24.6744    24.6794    1512.46    199.014    199.309         35 0.0000e+00
     320233  13342.993     38.741     39.000    24.7704    24.7709   5.507139   5.508301     3.4205     3.0929      99.94   26.47026  -75.82531   -0.00197    0.00327     4.5554     4.5839    24.7620    24.7624    36.6629    36.6712    24.6713    24.6774    1512.46    198.545    199.786         64 0.0000e+00
     320288  13345.279     37.748     38.000    24.7722    24.7703   5.507051   5.508095     3.4275     3.0943      98.87   26.47026  -75.82533    0.00033    0.00119     4.5657     4.5860    24.7640    24.7621    36.6611    36.6705    24.6693    24.6770    1512.46    198.995    199.878         48 0.0000e+00
     320335  13347.241     36.755     37.000    24.7748    24.7719   5.507172   5.507799     3.4445     3.0960      96.67   26.47026  -75.82534    0.00696    0.00070     4.5917     4.5884    24.7668    24.7638    36.6602    36.6673    24.6677    24.6740    1512.46    200.128    199.981         46 0.0000e+00
     320377  13348.999     35.761     36.000    24.7766    24.7746   5.507409   5.508057     3.4323     3.1021      98.64   26.47026  -75.82534    0.00210    0.00179     4.5719     4.5985    24.7688    24.7668    36.6609    36.6673    24.6677    24.6731    1512.46    199.266    200.426         39 0.0000e+00
     320418  13350.725     34.768     35.000    24.7796    24.7796   5.507824   5.508724     3.4460     3.1028      99.61   26.47026  -75.82535   -0.00035    0.00249     4.5925     4.5988    24.7720    24.7721    36.6619    36.6686    24.6674    24.6725    1512.46    200.165    200.436         44 0.0000e+00
     320461  13352.506     33.775     34.000    24.7936    24.7889   5.509815   5.509921     3.4369     3.1036      99.94   26.47028  -75.82536    0.00158    0.00043     4.5767     4.5988    24.7862    24.7815    36.6658    36.6704    24.6660    24.6709    1512.46    199.473    200.439         42 0.0000e+00
     320512  13354.612     32.782     33.000    24.8090    24.8056   5.512090   5.512428     3.4354     3.1035      99.94   26.47028  -75.82538   -0.00153    0.00003     4.5726     4.5968    24.8018    24.7984    36.6706    36.6759    24.6649    24.6700    1512.46    199.295    200.349         66 0.0000e+00
     320575  13357.232     31.788     32.000    24.8141    24.8126   5.512844   5.513541     3.4409     3.1052      99.93   26.47028  -75.82538   -0.00068    0.00081     4.5803     4.5987    24.8072    24.8057    36.6724    36.6788    24.6647    24.6700    1512.46    199.632    200.432         44 0.0000e+00
     320609  13358.649     30.795     31.000    24.8301    24.8267   5.515288   5.515672     3.4443     3.1080      99.94   26.47028  -75.82540    0.00343    0.00105     4.5838     4.6018    24.8234    24.8200    36.6780    36.6837    24.6640    24.6693    1512.46    199.783    200.570         34 0.0000e+00
     320661  13360.815     29.802     30.000    24.8657    24.8498   5.520465   5.519049     3.4451     3.1058      99.94   26.47028  -75.82540    0.00122    0.00011     4.5818     4.5954    24.8592    24.8433    36.6882    36.6905    24.6608    24.6673    1512.46    199.698    200.291         64 0.0000e+00
     320706  13362.691     28.808     29.000    24.8749    24.8559   5.521832   5.519935     3.4418     3.1046      99.94   26.47028  -75.82542    0.00027   -0.00061     4.5754     4.5923    24.8686    24.8496    36.6913    36.6925    24.6602    24.6670    1512.46    199.418    200.156         27 0.0000e+00
     320732  13363.775     27.815     28.000    24.8942    24.8926   5.524453   5.525242     3.4478     3.1033      99.94   26.47029  -75.82543    0.00071   -0.00066     4.5828     4.5864    24.8881    24.8865    36.6955    36.7027    24.6575    24.6634    1512.46    199.744    199.899         28 0.0000e+00
     320785  13365.999     26.822     27.000    24.9155    24.9134   5.527335   5.527946     3.4399     3.1055      99.94   26.47030  -75.82545   -0.00145    0.00009     4.5684     4.5882    24.9097    24.9075    36.7000    36.7064    24.6543    24.6598    1512.46    199.114    199.976         84 0.0000e+00
