test_casts/at5027002_1db.cnv
* Sea-Bird SBE 9 Data File:
* FileName = C:\data\ctd\at5027002.hex
* Software Version Seasave V 7.26.7.121
* Temperature SN = 4312
* Conductivity SN = 3521
* Number of Bytes Per Scan = 40
* Number of Voltage Words = 5
* Number of Scans Averaged by the Deck Unit = 1
* NMEA Latitude = 46 42.01 N
* NMEA Longitude = 125 24.07 W
* NMEA UTC (Time) = Jul 08 2024  11:19:22
** Ship:
** Station:
** Operator:
# nquan = 24
# nvalues = 3903                        
# units = specified
# name 0 = latitude: Latitude [deg]
# name 1 = longitude: Longitude [deg]
# name 2 = t090C: Temperature [ITS-90, deg C]
# name 3 = c0S/m: Conductivity [S/m]
# name 4 = sal00: Salinity, Practical [PSU]
# name 5 = prDM: Pressure, Digiquartz [db]
# name 6 = depSM: Depth [salt water, m]
# name 7 = t190C: Temperature, 2 [ITS-90, deg C]
# name 8 = c1S/m: Conductivity, 2 [S/m]
# name 9 = sal11: Salinity, Practical, 2 [PSU]
# name 10 = sbeox0ML/L: Oxygen, SBE 43 [ml/l]
# name 11 = sbox0Mm/Kg: Oxygen, SBE 43 [umol/kg]
# name 12 = altM: Altimeter [m]
# name 13 = sbeox1ML/L: Oxygen, SBE 43, 2 [ml/l]
# name 14 = par: PAR/Irradiance, Biospherical/Licor
# name 15 = CStarTr0: Beam Transmission, WET Labs C-Star [%]
# name 16 = flECO-AFL: Fluorescence, WET Labs ECO-AFL/FL [mg/m^3]
# name 17 = turbWETntu0: Turbidity, WET Labs ECO [NTU]
# name 18 = spar: SPAR, Biospherical/Licor
# name 19 = pumps: Pump Status
# name 20 = density00: Density [density, kg/m^3]
# name 21 = density11: Density, 2 [density, kg/m^3]
# name 22 = nbin: number of scans per bin
# name 23 = flag: flag
# span 0 =   46.70008,   46.70010       
# span 1 = -125.40118, -125.40114       
# span 2 =     2.0031,    16.2176       
# span 3 =   3.129574,   4.052186       
# span 4 =    31.8242,    34.5900       
# span 5 =      1.382,   1951.826       
# span 6 =      1.371,   1926.686       
# span 7 =     2.0073,    16.1942       
# span 8 =   3.129784,   4.050718       
# span 9 =    31.8278,    34.5881       
# span 10 =     0.2265,     7.0976      
# span 11 =      9.848,    309.308      
# span 12 =       4.77,      99.95      
# span 13 =     0.2032,     7.0483      
# span 14 = 1.0000e-12, 1.0845e+01      
# span 15 =    89.5778,    98.9242      
# span 16 =     0.0085,     3.4040      
# span 17 =     0.0281,     0.2127      
# span 18 = 1.6957e+00, 5.5984e+00      
# span 19 =          1,          1      
# span 20 =  1023.2763,  1036.6459      
# span 21 =  1023.2746,  1036.6448      
# span 22 =         16,       2195      
# span 23 = 0.0000e+00, 0.0000e+00      
# interval = decibars: 1                
# start_time = Jul 08 2024 11:19:22 [NMEA time, header]
# bad_flag = -9.990e-29
*END*
[from data line 2536]
   46.70010 -125.40116     2.8508   3.171608    34.4938   1367.006   1351.261     2.8500   3.171479    34.4931     0.5983     26.004      99.56     0.5665 1.0000e-12    98.7840     0.0412     0.0411 4.0983e+00          1  1033.8116  1033.8112         22 0.0000e+00
   46.70010 -125.40116     2.8521   3.171671    34.4936   1366.028   1350.297     2.8488   3.171318    34.4929     0.5963     25.920      99.56     0.5680 1.0000e-12    98.7882     0.0440     0.0394 4.9670e+00          1  1033.8069  1033.8067         21 0.0000e+00
   46.70010 -125.40116     2.8543   3.171794    34.4933   1365.015   1349.299     2.8528   3.171584    34.4924     0.5885     25.577      99.56     0.5615 1.0000e-12    98.7793     0.0482     0.0382 4.7986e+00          1  1033.8018  1033.8012         21 0.0000e+00
   46.70010 -125.40116     2.8563   3.171898    34.4929   1363.992   1348.291     2.8548   3.171699    34.4921     0.5926     25.758      99.56     0.5656 1.0000e-12    98.7894     0.0489     0.0399 4.6302e+00          1  1033.7966  1033.7961         21 0.0000e+00
   46.70010 -125.40116     2.8594   3.172107    34.4927   1362.988   1347.302     2.8566   3.171797    34.4919     0.5976     25.973      99.56     0.5641 1.0000e-12    98.7876     0.0342     0.0400 4.1787e+00          1  1033.7914  1033.7911         22 0.0000e+00
   46.70010 -125.40116     2.8613   3.172199    34.4924   1361.987   1346.315     2.8589   3.171928    34.4916     0.5947     25.849      99.56     0.5650 1.0000e-12    98.7899     0.0350     0.0383 4.7144e+00          1  1033.7864  1033.7860         24 0.0000e+00
   46.70010 -125.40116     2.8625   3.172252    34.4922   1361.000   1345.343     2.8607   3.172028    34.4914     0.5886     25.584      99.56     0.5628 1.0000e-12    98.7872     0.0341     0.0396 4.5965e+00          1  1033.7815  1033.7811         25 0.0000e+00
   46.70010 -125.40116     2.8631   3.172259    34.4921   1360.014   1344.371     2.8623   3.172107    34.4912     0.5890     25.599      99.56     0.5611 1.0000e-12    98.7952     0.0231     0.0402 4.2561e+00          1  1033.7769  1033.7763         27 0.0000e+00
   46.70010 -125.40116     2.8634   3.172236    34.4921   1359.018   1343.390     2.8625   3.172092    34.4912     0.5875     25.534      99.56     0.5522 1.0000e-12    98.7935     0.0318     0.0402 4.1041e+00          1  1033.7724  1033.7718         28 0.0000e+00
   46.70010 -125.40116     2.8635   3.172199    34.4920   1358.013   1342.400     2.8623   3.172036    34.4913     0.5861     25.476      99.56     0.5579 1.0000e-12    98.7921     0.0344     0.0379 4.1988e+00          1  1033.7677  1033.7673         24 0.0000e+00
   46.70010 -125.40116     2.8663   3.172379    34.4917   1357.012   1341.413     2.8621   3.171961    34.4911     0.5846     25.409      99.56     0.5588 1.0000e-12    98.7986     0.0220     0.0376 4.8425e+00          1  1033.7626  1033.7626         23 0.0000e+00
   46.70010 -125.40116     2.8734   3.172860    34.4906   1356.023   1340.440     2.8695   3.172453    34.4898     0.5779     25.118      99.56     0.5565 1.0000e-12    98.7948     0.0306     0.0396 4.6608e+00          1  1033.7563  1033.7561         22 0.0000e+00
   46.70010 -125.40116     2.8772   3.173108    34.4901   1354.974   1339.406     2.8737   3.172747    34.4894     0.5838     25.377      99.56     0.5520 1.0000e-12    98.7908     0.0343     0.0369 4.4198e+00          1  1033.7506  1033.7506         26 0.0000e+00
   46.70010 -125.40116     2.8800   3.173269    34.4895   1353.976   1338.422     2.8779   3.173018    34.4888     0.5836     25.364      99.56     0.5531 1.0000e-12    98.8011     0.0392     0.0349 4.4829e+00          1  1033.7453  1033.7450         28 0.0000e+00
   46.70010 -125.40116     2.8798   3.173224    34.4898   1353.033   1337.493     2.8797   3.173124    34.4886     0.5780     25.121      99.56     0.5522 1.0000e-12    98.7913     0.0353     0.0353 4.4525e+00          1  1033.7412  1033.7403         27 0.0000e+00
   46.70010 -125.40116     2.8817   3.173335    34.4895   1352.038   1336.513     2.8803   3.173139    34.4887     0.5733     24.920      99.56     0.5444 1.0000e-12    98.8021     0.0405     0.0354 4.7656e+00          1  1033.7362  1033.7358         23 0.0000e+00
   46.70010 -125.40116     2.8864   3.173648    34.4889   1351.015   1335.505     2.8793   3.173008    34.4887     0.5757     25.023      99.56     0.5481 7.8995e-06    98.8127     0.0369     0.0369 4.9501e+00          1  1033.7305  1033.7312         20 0.0000e+00
   46.70010 -125.40116     2.8927   3.174074    34.4879   1350.004   1334.508     2.8850   3.173368    34.4874     0.5689     24.726      99.56     0.5435 1.0000e-12    98.8114     0.0347     0.0390 4.5081e+00          1  1033.7244  1033.7249         20 0.0000e+00
   46.70010 -125.40116     2.8961   3.174294    34.4875   1348.968   1333.487     2.8928   3.173941    34.4867     0.5666     24.629      99.56     0.5385 1.0000e-12    98.8130     0.0336     0.0396 4.9019e+00          1  1033.7189  1033.7187         22 0.0000e+00
   46.70010 -125.40116     2.8998   3.174527    34.4868   1347.968   1332.502     2.8966   3.174193    34.4862     0.5731     24.908      99.56     0.5399 1.0000e-12    98.8117     0.0294     0.0375 4.3844e+00          1  1033.7134  1033.7132         25 0.0000e+00
   46.70010 -125.40116     2.9017   3.174629    34.4866   1347.004   1331.552     2.8990   3.174332    34.4859     0.5695     24.753      99.56     0.5345 5.6425e-06    98.8164     0.0412     0.0379 4.1672e+00          1  1033.7085  1033.7083         28 0.0000e+00
   46.70010 -125.40116     2.9026   3.174661    34.4865   1346.024   1330.587     2.9005   3.174416    34.4858     0.5623     24.442      99.56     0.5325 1.0000e-12    98.8154     0.0399     0.0389 4.8277e+00          1  1033.7039  1033.7036         26 0.0000e+00
   46.70010 -125.40116     2.9077   3.175013    34.4859   1344.997   1329.575     2.9037   3.174611    34.4853     0.5606     24.365      99.56     0.5287 1.0000e-12    98.8114     0.0326     0.0361 5.0731e+00          1  1033.6981  1033.6982         23 0.0000e+00
   46.70010 -125.40116     2.9135   3.175429    34.4853   1344.020   1328.612     2.9055   3.174703    34.4850     0.5550     24.125      99.56     0.5292 1.0000e-12    98.8102     0.0285     0.0405 4.4582e+00          1  1033.6924  1033.6932         23 0.0000e+00
   46.70010 -125.40116     2.9189   3.175798    34.4845   1342.998   1327.604     2.9120   3.175162    34.4841     0.5499     23.900      99.56     0.5231 1.0000e-12    98.8159     0.0358     0.0427 4.5965e+00          1  1033.6865  1033.6871         25 0.0000e+00
   46.70010 -125.40116     2.9250   3.176220    34.4837   1341.994   1326.615     2.9156   3.175391    34.4836     0.5546     24.105      98.91     0.5210 6.8691e-06    98.8206     0.0485     0.0425 4.3813e+00          1  1033.6806  1033.6817         23 0.0000e+00
   46.70010 -125.40116     2.9266   3.176310    34.4836   1341.017   1325.653     2.9212   3.175819    34.4834     0.5539     24.075      75.74     0.5333 1.0000e-12    98.8176     0.0347     0.0378 4.4934e+00          1  1033.6758  1033.6763         24 0.0000e+00
   46.70010 -125.40116     2.9308   3.176595    34.4832   1339.998   1324.648     2.9238   3.175957    34.4828     0.5478     23.811      99.56     0.5081 1.0000e-12    98.8169     0.0340     0.0379 4.8454e+00          1  1033.6703  1033.6709         27 0.0000e+00
   46.70010 -125.40116     2.9331   3.176738    34.4829   1338.984   1323.650     2.9290   3.176341    34.4824     0.5451     23.693      99.56     0.5146 1.0000e-12    98.8240     0.0415     0.0401 4.3566e+00          1  1033.6652  1033.6653         28 0.0000e+00
   46.70010 -125.40116     2.9349   3.176861    34.4829   1338.030   1322.709     2.9333   3.176618    34.4818     0.5427     23.590      99.56     0.5089 1.0000e-12    98.8226     0.0337     0.0398 4.4877e+00          1  1033.6607  1033.6600         26 0.0000e+00
   46.70010 -125.40116     2.9384   3.177087    34.4826   1337.035   1321.729     2.9357   3.176773    34.4816     0.5405     23.493      99.56     0.5071 1.0000e-12    98.8202     0.0329     0.0377 4.3137e+00          1  1033.6554  1033.6550         25 0.0000e+00
   46.70010 -125.40116     2.9409   3.177252    34.4824   1336.000   1320.709     2.9359   3.176777    34.4820     0.5387     23.414      99.56     0.5053 1.0000e-12    98.8214     0.0269     0.0379 4.7412e+00          1  1033.6502  1033.6505         22 0.0000e+00
   46.70010 -125.40116     2.9478   3.177728    34.4814   1335.016   1319.739     2.9389   3.176942    34.4812     0.5370     23.339      99.56     0.5066 1.0000e-12    98.8247     0.0347     0.0397 4.5965e+00          1  1033.6441  1033.6451         20 0.0000e+00
   46.70010 -125.40116     2.9510   3.177952    34.4812   1334.012   1318.750     2.9474   3.177553    34.4802     0.5317     23.110      99.56     0.5057 1.0000e-12    98.8202     0.0385     0.0346 4.4198e+00          1  1033.6390  1033.6387         22 0.0000e+00
   46.70010 -125.40116     2.9565   3.178345    34.4807   1332.988   1317.740     2.9521   3.177876    34.4796     0.5330     23.169      99.56     0.5097 7.5233e-06    98.8097     0.0374     0.0353 4.7986e+00          1  1033.6332  1033.6329         21 0.0000e+00
   46.70010 -125.40118     2.9609   3.178647    34.4801   1332.014   1316.781     2.9568   3.178226    34.4793     0.5360     23.299      99.56     0.5080 1.0000e-12    98.8166     0.0369     0.0387 4.6608e+00          1  1033.6278  1033.6277         22 0.0000e+00
   46.70010 -125.40118     2.9634   3.178786    34.4797   1331.012   1315.793     2.9577   3.178274    34.4795     0.5307     23.069      99.56     0.4995 1.0000e-12    98.7919     0.0363     0.0386 4.5557e+00          1  1033.6226  1033.6231         26 0.0000e+00
   46.70010 -125.40116     2.9700   3.179253    34.4788   1329.992   1314.788     2.9647   3.178760    34.4785     0.5284     22.966      99.56     0.5028 1.0000e-12    98.8238     0.0326     0.0368 3.9941e+00          1  1033.6164  1033.6169         27 0.0000e+00
   46.70010 -125.40116     2.9730   3.179464    34.4788   1328.998   1313.809     2.9687   3.179039    34.4781     0.5260     22.864      99.56     0.4918 1.0000e-12    98.8228     0.0440     0.0400 4.3870e+00          1  1033.6115  1033.6115         27 0.0000e+00
   46.70010 -125.40116     2.9770   3.179730    34.4782   1327.991   1312.816     2.9700   3.179089    34.4779     0.5185     22.537      99.56     0.4898 1.0000e-12    98.8228     0.0389     0.0391 4.6489e+00          1  1033.6060  1033.6066         27 0.0000e+00
   46.70010 -125.40116     2.9805   3.179954    34.4778   1326.994   1311.834     2.9744   3.179400    34.4775     0.5242     22.787      99.56     0.4892 1.0000e-12    98.8223     0.0335     0.0375 4.7380e+00          1  1033.6007  1033.6012         25 0.0000e+00
   46.70010 -125.40116     2.9846   3.180257    34.4776   1326.013   1310.867     2.9752   3.179450    34.4777     0.5197     22.591      99.56     0.4920 1.0000e-12    98.8121     0.0387     0.0379 4.5671e+00          1  1033.5955  1033.5968         24 0.0000e+00
   46.70010 -125.40116     2.9866   3.180376    34.4774   1324.982   1309.852     2.9809   3.179816    34.4767     0.5147     22.373      99.56     0.4858 1.0000e-12    98.8138     0.0306     0.0386 4.5965e+00          1  1033.5905  1033.5906         25 0.0000e+00
   46.70010 -125.40116     2.9882   3.180438    34.4770   1323.980   1308.864     2.9846   3.180083    34.4765     0.5104     22.185      99.56     0.4814 1.0000e-12    98.8241     0.0294     0.0392 4.5350e+00          1  1033.5854  1033.5854         23 0.0000e+00
   46.70010 -125.40116     2.9896   3.180532    34.4771   1323.010   1307.908     2.9876   3.180291    34.4763     0.5181     22.518      99.56     0.4851 1.0000e-12    98.8188     0.0361     0.0386 4.7144e+00          1  1033.5809  1033.5805         27 0.0000e+00
   46.70010 -125.40116     2.9946   3.180900    34.4767   1322.019   1306.932     2.9899   3.180421    34.4760     0.5099     22.165      99.56     0.4811 5.8515e-06    98.8228     0.0416     0.0412 4.5180e+00          1  1033.5754  1033.5755         27 0.0000e+00
   46.70010 -125.40116     2.9959   3.180948    34.4765   1320.991   1305.918     2.9938   3.180700    34.4757     0.5138     22.331      99.56     0.4875 1.0000e-12    98.8030     0.0384     0.0401 4.6331e+00          1  1033.5704  1033.5701         29 0.0000e+00
   46.70010 -125.40116     2.9975   3.181064    34.4767   1320.021   1304.962     2.9954   3.180796    34.4757     0.5110     22.209      99.56     0.4841 1.0000e-12    98.8033     0.0383     0.0378 4.7656e+00          1  1033.5659  1033.5654         23 0.0000e+00
   46.70010 -125.40118     2.9982   3.181075    34.4766   1319.000   1303.956     2.9955   3.180783    34.4759     0.5044     21.923      99.56     0.4850 1.0000e-12    98.8188     0.0378     0.0376 4.9763e+00          1  1033.5611  1033.5610         27 0.0000e+00
   46.70010 -125.40117     2.9983   3.181057    34.4768   1317.969   1302.940     2.9959   3.180774    34.4759     0.5087     22.110      99.56     0.4745 1.0000e-12    98.8046     0.0439     0.0393 4.3093e+00          1  1033.5566  1033.5562         32 0.0000e+00
   46.70010 -125.40116     3.0020   3.181308    34.4764   1316.978   1301.963     2.9990   3.180962    34.4754     0.5071     22.043      99.56     0.4808 1.0000e-12    98.8080     0.0366     0.0397 4.8126e+00          1  1033.5513  1033.5509         36 0.0000e+00
   46.70010 -125.40116     3.0059   3.181573    34.4760   1316.025   1301.024     3.0003   3.181039    34.4754     0.5061     21.999      99.56     0.4802 1.0000e-12    98.7992     0.0313     0.0389 4.6348e+00          1  1033.5462  1033.5464         37 0.0000e+00
   46.70010 -125.40116     3.0084   3.181733    34.4758   1315.006   1300.020     3.0040   3.181294    34.4752     0.5093     22.139      99.56     0.4884 1.0000e-12    98.8028     0.0276     0.0355 4.5870e+00          1  1033.5411  1033.5411         37 0.0000e+00
   46.70010 -125.40116     3.0121   3.181972    34.4753   1313.982   1299.011     3.0066   3.181469    34.4750     0.5032     21.873      99.56     0.4754 4.7876e-06    98.8182     0.0344     0.0344 4.1787e+00          1  1033.5355  1033.5360         33 0.0000e+00
   46.70010 -125.40116     3.0119   3.181910    34.4752   1312.982   1298.025     3.0061   3.181383    34.4750     0.5043     21.920      99.56     0.4811 1.0000e-12    98.8262     0.0377     0.0363 4.3645e+00          1  1033.5309  1033.5314         32 0.0000e+00
   46.70010 -125.40116     3.0125   3.181925    34.4753   1311.993   1297.050     3.0093   3.181604    34.4748     0.5064     22.010      99.56     0.4782 1.0000e-12    98.8174     0.0413     0.0390 4.8751e+00          1  1033.5264  1033.5264         33 0.0000e+00
   46.70010 -125.40116     3.0163   3.182165    34.4747   1311.013   1296.085     3.0099   3.181601    34.4747     0.5041     21.909      99.56     0.4746 4.5140e-06    98.8089     0.0375     0.0360 4.2430e+00          1  1033.5210  1033.5218         35 0.0000e+00
   46.70010 -125.40116     3.0164   3.182152    34.4749   1310.049   1295.134     3.0151   3.181951    34.4739     0.5060     21.993      99.56     0.4758 4.7876e-06    98.8182     0.0347     0.0377 4.8215e+00          1  1033.5167  1033.5161         33 0.0000e+00
   46.70010 -125.40116     3.0189   3.182290    34.4745   1309.011   1294.112     3.0162   3.182000    34.4738     0.5002     21.744      99.56     0.4764 1.0000e-12    98.8189     0.0470     0.0356 4.2430e+00          1  1033.5114  1033.5112         30 0.0000e+00
   46.70010 -125.40116     3.0194   3.182299    34.4745   1308.018   1293.133     3.0149   3.181857    34.4740     0.5023     21.834      99.56     0.4690 1.0000e-12    98.8191     0.0364     0.0379 4.2430e+00          1  1033.5068  1033.5070         25 0.0000e+00
