test_casts/at5027002_1db.cnv
* Sea-Bird SBE 9 Data File:
* FileName = C:\data\ctd\at5027002.hex
* Software Version Seasave V 7.26.7.121
* Temperature SN = 4312
* Conductivity SN = 3521
* Number of Bytes Per Scan = 40
* Number of Voltage Words = 5
* Number of Scans Averaged by the Deck Unit = 1
* NMEA Latitude = 46 42.01 N
* NMEA Longitude = 125 24.07 W
* NMEA UTC (Time) = Jul 08 2024  11:19:22
** Ship:
** Station:
** Operator:
# nquan = 24
# nvalues = 3903                        
# units = specified
# name 0 = latitude: Latitude [deg]
# name 1 = longitude: Longitude [deg]
# name 2 = t090C: Temperature [ITS-90, deg C]
# name 3 = c0S/m: Conductivity [S/m]
# name 4 = sal00: Salinity, Practical [PSU]
# name 5 = prDM: Pressure, Digiquartz [db]
# name 6 = depSM: Depth [salt water, m]
# name 7 = t190C: Temperature, 2 [ITS-90, deg C]
# name 8 = c1S/m: Conductivity, 2 [S/m]
# name 9 = sal11: Salinity, Practical, 2 [PSU]
# name 10 = sbeox0ML/L: Oxygen, SBE 43 [ml/l]
# name 11 = sbox0Mm/Kg: Oxygen, SBE 43 [umol/kg]
# name 12 = altM: Altimeter [m]
# name 13 = sbeox1ML/L: Oxygen, SBE 43, 2 [ml/l]
# name 14 = par: PAR/Irradiance, Biospherical/Licor
# name 15 = CStarTr0: Beam Transmission, WET Labs C-Star [%]
# name 16 = flECO-AFL: Fluorescence, WET Labs ECO-AFL/FL [mg/m^3]
# name 17 = turbWETntu0: Turbidity, WET Labs ECO [NTU]
# name 18 = spar: SPAR, Biospherical/Licor
# name 19 = pumps: Pump Status
# name 20 = density00: Density [density, kg/m^3]
# name 21 = density11: Density, 2 [density, kg/m^3]
# name 22 = nbin: number of scans per bin
# name 23 = flag: flag
# span 0 =   46.70008,   46.70010       
# span 1 = -125.40118, -125.40114       
# span 2 =     2.0031,    16.2176       
# span 3 =   3.129574,   4.052186       
# span 4 =    31.8242,    34.5900       
# span 5 =      1.382,   1951.826       
# span 6 =      1.371,   1926.686       
# span 7 =     2.0073,    16.1942       
# span 8 =   3.129784,   4.050718       
# span 9 =    31.8278,    34.5881       
# span 10 =     0.2265,     7.0976      
# span 11 =      9.848,    309.308      
# span 12 =       4.77,      99.95      
# span 13 =     0.2032,     7.0483      
# span 14 = 1.0000e-12, 1.0845e+01      
# span 15 =    89.5778,    98.9242      
# span 16 =     0.0085,     3.4040      
# span 17 =     0.0281,     0.2127      
# span 18 = 1.6957e+00, 5.5984e+00      
# span 19 =          1,          1      
# span 20 =  1023.2763,  1036.6459      
# span 21 =  1023.2746,  1036.6448      
# span 22 =         16,       2195      
# span 23 = 0.0000e+00, 0.0000e+00      
# interval = decibars: 1                
# start_time = Jul 08 2024 11:19:22 [NMEA time, header]
# bad_flag = -9.990e-29
*END*
[from data line 2899]
   46.70010 -125.40118     3.6273   3.216341    34.3976   1004.003    993.296     3.6225   3.215894    34.3974     0.2853     12.401      99.56     0.2670 1.0000e-12    98.8464     0.0424     0.0318 4.5376e+00          1  1031.9835  1031.9839         30 0.0000e+00
   46.70010 -125.40118     3.6326   3.216701    34.3968   1003.011    992.316     3.6264   3.216046    34.3955     0.2890     12.564      99.56     0.2646 1.0000e-12    98.8544     0.0417     0.0386 4.5376e+00          1  1031.9777  1031.9774         30 0.0000e+00
   46.70010 -125.40117     3.6330   3.216690    34.3967   1002.017    991.336     3.6291   3.216330    34.3966     0.2873     12.491      99.56     0.2611 1.0000e-12    98.8472     0.0491     0.0378 4.6888e+00          1  1031.9730  1031.9734         23 0.0000e+00
   46.70010 -125.40116     3.6362   3.216898    34.3964   1001.011    990.343     3.6280   3.216182    34.3965     0.2879     12.514      99.56     0.2653 1.0000e-12    98.8464     0.0426     0.0353 4.1251e+00          1  1031.9678  1031.9689         24 0.0000e+00
   46.70010 -125.40116     3.6371   3.216916    34.3962    999.984    989.329     3.6331   3.216518    34.3956     0.2897     12.594      99.56     0.2690 1.0000e-12    98.8540     0.0419     0.0391 4.8828e+00          1  1031.9628  1031.9629         21 0.0000e+00
   46.70010 -125.40116     3.6387   3.216998    34.3960    998.985    988.343     3.6369   3.216773    34.3953     0.2884     12.535      99.56     0.2654 1.0000e-12    98.8517     0.0415     0.0386 4.8215e+00          1  1031.9579  1031.9575         22 0.0000e+00
   46.70010 -125.40116     3.6403   3.217068    34.3957    997.978    987.349     3.6380   3.216828    34.3952     0.2847     12.375      99.56     0.2642 1.0000e-12    98.8464     0.0416     0.0380 4.2093e+00          1  1031.9529  1031.9528         21 0.0000e+00
   46.70010 -125.40116     3.6400   3.217018    34.3959    996.984    986.367     3.6389   3.216846    34.3950     0.2855     12.409      99.56     0.2654 1.0000e-12    98.8502     0.0419     0.0378 4.5460e+00          1  1031.9485  1031.9480         21 0.0000e+00
   46.70010 -125.40118     3.6410   3.217045    34.3957    996.002    985.399     3.6395   3.216866    34.3951     0.2841     12.349      99.56     0.2598 1.0000e-12    98.8505     0.0415     0.0378 4.3394e+00          1  1031.9437  1031.9435         22 0.0000e+00
   46.70010 -125.40118     3.6430   3.217156    34.3955    995.004    984.414     3.6398   3.216845    34.3951     0.2880     12.520      99.56     0.2585 1.0000e-12    98.8498     0.0417     0.0400 4.8617e+00          1  1031.9387  1031.9388         24 0.0000e+00
   46.70010 -125.40118     3.6460   3.217338    34.3950    994.032    983.454     3.6412   3.216904    34.3948     0.2828     12.293      99.56     0.2628 1.0000e-12    98.8484     0.0415     0.0377 4.7656e+00          1  1031.9336  1031.9340         23 0.0000e+00
   46.70010 -125.40118     3.6512   3.217707    34.3944    993.037    982.472     3.6448   3.217135    34.3943     0.2846     12.371      99.56     0.2642 1.0000e-12    98.8398     0.0420     0.0377 4.5671e+00          1  1031.9279  1031.9286         24 0.0000e+00
   46.70010 -125.40118     3.6588   3.218238    34.3933    991.993    981.441     3.6511   3.217564    34.3934     0.2837     12.334      99.56     0.2634 1.0000e-12    98.8393     0.0478     0.0354 4.3137e+00          1  1031.9213  1031.9223         25 0.0000e+00
   46.70010 -125.40118     3.6622   3.218455    34.3928    990.982    980.444     3.6565   3.217952    34.3928     0.2835     12.322      99.56     0.2599 1.0000e-12    98.8395     0.0432     0.0372 4.5834e+00          1  1031.9159  1031.9166         27 0.0000e+00
   46.70010 -125.40118     3.6647   3.218600    34.3925    990.005    979.480     3.6595   3.218146    34.3925     0.2824     12.275      99.56     0.2644 1.0000e-12    98.8491     0.0288     0.0377 4.1840e+00          1  1031.9108  1031.9115         30 0.0000e+00
   46.70010 -125.40117     3.6652   3.218597    34.3924    989.040    978.527     3.6607   3.218198    34.3923     0.2835     12.322      99.56     0.2555 1.0000e-12    98.8434     0.0319     0.0383 4.5112e+00          1  1031.9063  1031.9068         29 0.0000e+00
   46.70010 -125.40116     3.6661   3.218619    34.3923    988.027    977.528     3.6618   3.218237    34.3921     0.2835     12.324      99.56     0.2573 1.0000e-12    98.8542     0.0472     0.0391 4.5258e+00          1  1031.9015  1031.9019         25 0.0000e+00
   46.70010 -125.40116     3.6683   3.218737    34.3918    986.980    976.494     3.6641   3.218343    34.3916     0.2800     12.171      99.56     0.2567 1.0000e-12    98.8425     0.0437     0.0357 4.3137e+00          1  1031.8961  1031.8964         25 0.0000e+00
   46.70010 -125.40116     3.6693   3.218755    34.3916    985.981    975.508     3.6659   3.218443    34.3914     0.2837     12.334      99.56     0.2587 1.0000e-12    98.8541     0.0494     0.0388 4.3813e+00          1  1031.8912  1031.8915         23 0.0000e+00
   46.70010 -125.40116     3.6710   3.218842    34.3913    984.979    974.518     3.6663   3.218416    34.3912     0.2828     12.294      99.56     0.2508 1.0000e-12    98.8477     0.0493     0.0425 4.7986e+00          1  1031.8861  1031.8866         21 0.0000e+00
   46.70010 -125.40116     3.6751   3.219118    34.3909    983.961    973.514     3.6690   3.218558    34.3906     0.2786     12.111      99.56     0.2557 1.0000e-12    98.8427     0.0341     0.0377 4.2802e+00          1  1031.8807  1031.8812         19 0.0000e+00
   46.70010 -125.40116     3.6778   3.219274    34.3903    982.992    972.557     3.6738   3.218864    34.3896     0.2773     12.056      99.56     0.2607 1.0000e-12    98.8506     0.0346     0.0394 4.3678e+00          1  1031.8755  1031.8754         17 0.0000e+00
   46.70010 -125.40118     3.6816   3.219498    34.3895    982.024    971.602     3.6777   3.219130    34.3892     0.2801     12.176      99.56     0.2587 1.0000e-12    98.8343     0.0383     0.0395 4.1871e+00          1  1031.8699  1031.8702         19 0.0000e+00
   46.70010 -125.40118     3.6851   3.219695    34.3888    980.996    970.587     3.6792   3.219205    34.3891     0.2780     12.084      99.56     0.2496 1.0000e-12    98.8391     0.0482     0.0373 4.4582e+00          1  1031.8642  1031.8652         23 0.0000e+00
   46.70010 -125.40118     3.6863   3.219759    34.3888    979.987    969.591     3.6817   3.219345    34.3886     0.2765     12.018      99.56     0.2533 1.0000e-12    98.7923     0.0434     0.0354 4.5834e+00          1  1031.8594  1031.8599         27 0.0000e+00
   46.70010 -125.40118     3.6873   3.219793    34.3886    978.991    968.608     3.6837   3.219457    34.3883     0.2804     12.188      99.56     0.2581 1.0000e-12    98.8376     0.0475     0.0379 4.2561e+00          1  1031.8547  1031.8549         27 0.0000e+00
   46.70010 -125.40118     3.6874   3.219748    34.3885    978.020    967.650     3.6856   3.219556    34.3881     0.2796     12.156      99.56     0.2536 1.0000e-12    98.8255     0.0440     0.0375 4.5258e+00          1  1031.8501  1031.8500         25 0.0000e+00
   46.70010 -125.40117     3.6885   3.219806    34.3885    977.048    966.690     3.6857   3.219534    34.3882     0.2737     11.897      99.56     0.2517 1.0000e-12    98.8464     0.0448     0.0353 4.4525e+00          1  1031.8456  1031.8457         27 0.0000e+00
   46.70010 -125.40116     3.6941   3.220193    34.3878    976.052    965.707     3.6882   3.219673    34.3878     0.2738     11.902      99.56     0.2559 1.0000e-12    98.8449     0.0379     0.0353 4.4829e+00          1  1031.8397  1031.8404         28 0.0000e+00
   46.70010 -125.40116     3.6990   3.220518    34.3870    975.034    964.702     3.6924   3.219956    34.3872     0.2748     11.945      99.56     0.2497 1.0000e-12    98.8420     0.0379     0.0364 5.1143e+00          1  1031.8339  1031.8348         28 0.0000e+00
   46.70010 -125.40116     3.7013   3.220641    34.3865    974.029    963.710     3.6952   3.220111    34.3866     0.2759     11.994      99.56     0.2501 1.0000e-12    98.8498     0.0347     0.0362 4.7881e+00          1  1031.8286  1031.8294         24 0.0000e+00
   46.70010 -125.40116     3.7037   3.220803    34.3865    973.033    962.727     3.6969   3.220196    34.3864     0.2757     11.984      99.56     0.2519 1.0000e-12    98.8276     0.0311     0.0341 4.7881e+00          1  1031.8237  1031.8244         24 0.0000e+00
   46.70010 -125.40116     3.7043   3.220793    34.3863    972.027    961.733     3.7008   3.220458    34.3860     0.2728     11.860      99.56     0.2520 1.0000e-12    98.8275     0.0335     0.0337 4.4582e+00          1  1031.8189  1031.8190         23 0.0000e+00
   46.70010 -125.40116     3.7059   3.220886    34.3862    971.010    960.730     3.7032   3.220611    34.3857     0.2721     11.827      99.56     0.2504 1.0000e-12    98.8345     0.0392     0.0357 4.3813e+00          1  1031.8140  1031.8139         23 0.0000e+00
   46.70010 -125.40116     3.7087   3.221064    34.3859    969.978    959.711     3.7046   3.220675    34.3856     0.2712     11.787      99.56     0.2469 6.5829e-06    98.8265     0.0347     0.0377 4.9354e+00          1  1031.8086  1031.8089         24 0.0000e+00
   46.70010 -125.40116     3.7130   3.221342    34.3852    968.973    958.719     3.7076   3.220840    34.3850     0.2738     11.905      99.56     0.2537 7.1814e-06    98.8323     0.0356     0.0376 4.6608e+00          1  1031.8030  1031.8035         22 0.0000e+00
   46.70010 -125.40116     3.7180   3.221681    34.3845    967.983    957.742     3.7110   3.221075    34.3847     0.2707     11.767      99.56     0.2520 1.0000e-12    98.8430     0.0484     0.0380 4.5557e+00          1  1031.7973  1031.7983         26 0.0000e+00
   46.70010 -125.40116     3.7218   3.221927    34.3840    967.000    956.771     3.7167   3.221443    34.3836     0.2720     11.823      99.56     0.2464 1.0000e-12    98.8391     0.0418     0.0424 4.6119e+00          1  1031.7919  1031.7922         23 0.0000e+00
   46.70010 -125.40116     3.7257   3.222178    34.3835    965.995    955.779     3.7209   3.221743    34.3833     0.2736     11.896      99.56     0.2512 1.0000e-12    98.8403     0.0377     0.0379 4.7512e+00          1  1031.7864  1031.7869         32 0.0000e+00
   46.70010 -125.40116     3.7284   3.222347    34.3831    964.994    954.791     3.7178   3.221463    34.3837     0.2708     11.771      99.56     0.2445 1.0000e-12    98.8420     0.0491     0.0364 4.5593e+00          1  1031.7812  1031.7830         38 0.0000e+00
   46.70010 -125.40116     3.7345   3.222757    34.3821    964.017    953.827     3.7230   3.221810    34.3828     0.2715     11.801      99.56     0.2488 1.0000e-12    98.8476     0.0383     0.0338 4.7919e+00          1  1031.7752  1031.7772         38 0.0000e+00
   46.70010 -125.40116     3.7326   3.222586    34.3825    963.036    952.859     3.7283   3.222178    34.3822     0.2686     11.679      99.56     0.2507 1.0000e-12    98.8415     0.0445     0.0387 4.7550e+00          1  1031.7713  1031.7715         29 0.0000e+00
   46.70010 -125.40116     3.7402   3.223108    34.3814    961.987    951.823     3.7297   3.222240    34.3820     0.2711     11.783      99.56     0.2416 1.0000e-12    98.7908     0.0457     0.0362 4.7144e+00          1  1031.7647  1031.7664         33 0.0000e+00
   46.70010 -125.40116     3.7481   3.223617    34.3797    961.000    950.849     3.7372   3.222739    34.3806     0.2686     11.676      99.56     0.2415 1.0000e-12    98.8529     0.0482     0.0369 4.8215e+00          1  1031.7578  1031.7599         33 0.0000e+00
   46.70010 -125.40116     3.7512   3.223812    34.3792    960.034    949.895     3.7444   3.223235    34.3794     0.2699     11.731      99.56     0.2434 1.0000e-12    98.8510     0.0404     0.0399 4.7904e+00          1  1031.7526  1031.7537         31 0.0000e+00
   46.70010 -125.40116     3.7556   3.224083    34.3784    959.015    948.889     3.7474   3.223417    34.3790     0.2648     11.510      99.56     0.2481 1.0000e-12    98.8453     0.0347     0.0397 4.7144e+00          1  1031.7468  1031.7483         24 0.0000e+00
   46.70010 -125.40116     3.7583   3.224233    34.3778    958.030    947.917     3.7491   3.223452    34.3782     0.2677     11.637      99.56     0.2429 1.0000e-12    98.8541     0.0351     0.0379 4.6119e+00          1  1031.7415  1031.7429         23 0.0000e+00
   46.70010 -125.40116     3.7627   3.224531    34.3773    957.010    946.909     3.7575   3.224045    34.3769     0.2638     11.467      99.56     0.2376 1.0000e-12    98.8631     0.0423     0.0378 4.5671e+00          1  1031.7359  1031.7362         24 0.0000e+00
   46.70010 -125.40116     3.7647   3.224642    34.3770    956.003    945.916     3.7613   3.224301    34.3765     0.2632     11.443      99.56     0.2404 1.0000e-12    98.8571     0.0468     0.0379 5.1208e+00          1  1031.7308  1031.7308         29 0.0000e+00
   46.70010 -125.40116     3.7664   3.224728    34.3768    954.971    944.897     3.7628   3.224402    34.3766     0.2661     11.568      99.56     0.2376 1.0000e-12    98.8562     0.0371     0.0341 4.9045e+00          1  1031.7257  1031.7260         31 0.0000e+00
   46.70010 -125.40116     3.7694   3.224913    34.3764    953.980    943.919     3.7648   3.224502    34.3763     0.2625     11.412      99.56     0.2400 5.0965e-06    98.8510     0.0421     0.0352 4.5053e+00          1  1031.7205  1031.7210         31 0.0000e+00
   46.70010 -125.40116     3.7749   3.225238    34.3750    952.984    942.935     3.7679   3.224685    34.3757     0.2603     11.314      99.56     0.2411 1.0000e-12    98.8507     0.0415     0.0395 4.4955e+00          1  1031.7141  1031.7156         35 0.0000e+00
   46.70010 -125.40116     3.7832   3.225853    34.3740    951.992    941.956     3.7712   3.224863    34.3749     0.2603     11.316      99.56     0.2328 1.0000e-12    98.8546     0.0366     0.0349 4.6825e+00          1  1031.7078  1031.7100         37 0.0000e+00
   46.70010 -125.40116     3.7911   3.226421    34.3731    951.028    941.004     3.7783   3.225328    34.3735     0.2578     11.206      99.56     0.2402 4.6468e-06    98.8655     0.0421     0.0380 4.6797e+00          1  1031.7017  1031.7036         34 0.0000e+00
   46.70010 -125.40116     3.7943   3.226612    34.3726    950.016    940.005     3.7849   3.225848    34.3733     0.2597     11.288      99.56     0.2314 1.0000e-12    98.8597     0.0419     0.0397 4.4197e+00          1  1031.6962  1031.6980         30 0.0000e+00
   46.70010 -125.40116     3.7941   3.226578    34.3728    949.010    939.012     3.7820   3.225574    34.3736     0.2590     11.258      99.56     0.2363 1.0000e-12    98.8129     0.0486     0.0355 4.8454e+00          1  1031.6919  1031.6940         27 0.0000e+00
   46.70010 -125.40116     3.7959   3.226681    34.3727    947.983    937.998     3.7913   3.226213    34.3720     0.2576     11.198      99.56     0.2356 6.3196e-06    98.8659     0.0414     0.0378 4.5258e+00          1  1031.6869  1031.6868         25 0.0000e+00
   46.70010 -125.40116     3.7993   3.226894    34.3722    946.984    937.012     3.7947   3.226454    34.3718     0.2600     11.302      99.56     0.2304 1.0000e-12    98.8564     0.0347     0.0376 4.3461e+00          1  1031.6815  1031.6817         24 0.0000e+00
   46.70010 -125.40116     3.8024   3.227066    34.3715    945.985    936.025     3.7984   3.226695    34.3713     0.2586     11.240      99.56     0.2322 5.2663e-06    98.8562     0.0346     0.0349 4.6555e+00          1  1031.6760  1031.6763         30 0.0000e+00
