test_casts/at5027002_1db.cnv
* Sea-Bird SBE 9 Data File:
* FileName = C:\data\ctd\at5027002.hex
* Software Version Seasave V 7.26.7.121
* Temperature SN = 4312
* Conductivity SN = 3521
* Number of Bytes Per Scan = 40
* Number of Voltage Words = 5
* Number of Scans Averaged by the Deck Unit = 1
* NMEA Latitude = 46 42.01 N
* NMEA Longitude = 125 24.07 W
* NMEA UTC (Time) = Jul 08 2024  11:19:22
** Ship:
** Station:
** Operator:
# nquan = 24
# nvalues = 3903                        
# units = specified
# name 0 = latitude: Latitude [deg]
# name 1 = longitude: Longitude [deg]
# name 2 = t090C: Temperature [ITS-90, deg C]
# name 3 = c0S/m: Conductivity [S/m]
# name 4 = sal00: Salinity, Practical [PSU]
# name 5 = prDM: Pressure, Digiquartz [db]
# name 6 = depSM: Depth [salt water, m]
# name 7 = t190C: Temperature, 2 [ITS-90, deg C]
# name 8 = c1S/m: Conductivity, 2 [S/m]
# name 9 = sal11: Salinity, Practical, 2 [PSU]
# name 10 = sbeox0ML/L: Oxygen, SBE 43 [ml/l]
# name 11 = sbox0Mm/Kg: Oxygen, SBE 43 [umol/kg]
# name 12 = altM: Altimeter [m]
# name 13 = sbeox1ML/L: Oxygen, SBE 43, 2 [ml/l]
# name 14 = par: PAR/Irradiance, Biospherical/Licor
# name 15 = CStarTr0: Beam Transmission, WET Labs C-Star [%]
# name 16 = flECO-AFL: Fluorescence, WET Labs ECO-AFL/FL [mg/m^3]
# name 17 = turbWETntu0: Turbidity, WET Labs ECO [NTU]
# name 18 = spar: SPAR, Biospherical/Licor
# name 19 = pumps: Pump Status
# name 20 = density00: Density [density, kg/m^3]
# name 21 = density11: Density, 2 [density, kg/m^3]
# name 22 = nbin: number of scans per bin
# name 23 = flag: flag
# span 0 =   46.70008,   46.70010       
# span 1 = -125.40118, -125.40114       
# span 2 =     2.0031,    16.2176       
# span 3 =   3.129574,   4.052186       
# span 4 =    31.8242,    34.5900       
# span 5 =      1.382,   1951.826       
# span 6 =      1.371,   1926.686       
# span 7 =     2.0073,    16.1942       
# span 8 =   3.129784,   4.050718       
# span 9 =    31.8278,    34.5881       
# span 10 =     0.2265,     7.0976      
# span 11 =      9.848,    309.308      
# span 12 =       4.77,      99.95      
# span 13 =     0.2032,     7.0483      
# span 14 = 1.0000e-12, 1.0845e+01      
# span 15 =    89.5778,    98.9242      
# span 16 =     0.0085,     3.4040      
# span 17 =     0.0281,     0.2127      
# span 18 = 1.6957e+00, 5.5984e+00      
# span 19 =          1,          1      
# span 20 =  1023.2763,  1036.6459      
# span 21 =  1023.2746,  1036.6448      
# span 22 =         16,       2195      
# span 23 = 0.0000e+00, 0.0000e+00      
# interval = decibars: 1                
# start_time = Jul 08 2024 11:19:22 [NMEA time, header]
# bad_flag = -9.990e-29
*END*
   46.70010 -125.40116    16.1723   4.049172    31.8356      1.389      1.378    16.1718   4.049180    31.8361     5.7204    249.660      99.92     5.6465 1.3522e-01    96.5105     0.1144     0.0727 2.4309e+00          1  1023.2825  1023.2830         16 0.0000e+00
   46.70010 -125.40116    16.1727   4.049223    31.8357      1.691      1.677    16.1723   4.049229    31.8361     5.7221    249.738      99.92     5.6504 1.6794e-01    96.5887     0.1214     0.0753 1.9177e+00          1  1023.2838  1023.2842        425 0.0000e+00
   46.70010 -125.40116    16.1721   4.049258    31.8361      2.881      2.857    16.1707   4.049184    31.8365     5.7243    249.830      99.92     5.6865 6.6994e-02    96.6724     0.1184     0.0716 2.0799e+00          1  1023.2896  1023.2902         51 0.0000e+00
   46.70010 -125.40116    16.1707   4.049211    31.8363      4.055      4.021    16.1702   4.049202    31.8366     5.7248    249.853      99.92     5.6952 4.4784e-02    96.7817     0.1189     0.0764 1.9866e+00          1  1023.2952  1023.2956         97 0.0000e+00
   46.70010 -125.40116    16.1681   4.049073    31.8368      5.013      4.972    16.1659   4.048948    31.8375     5.7304    250.097      99.93     5.7222 3.8135e-02    96.7971     0.1155     0.0753 2.0492e+00          1  1023.3004  1023.3015         44 0.0000e+00
   46.70010 -125.40116    16.1612   4.048610    31.8379      6.029      5.979    16.1600   4.048561    31.8384     5.7364    250.358      99.93     5.7122 1.4635e-02    96.8124     0.1227     0.0804 1.9790e+00          1  1023.3074  1023.3080         67 0.0000e+00
   46.70010 -125.40116    16.1526   4.047999    31.8391      6.939      6.881    16.1541   4.048126    31.8390     5.7326    250.195      99.92     5.7038 3.6711e-04    96.8072     0.1199     0.0796 1.7935e+00          1  1023.3143  1023.3139         69 0.0000e+00
   46.70010 -125.40116    16.1178   4.045490    31.8446      8.008      7.941    16.1224   4.045816    31.8438     5.7298    250.069      99.92     5.7011 2.6332e-06    96.7978     0.1236     0.0734 2.1509e+00          1  1023.3310  1023.3294         60 0.0000e+00
   46.70010 -125.40116    16.1303   4.046440    31.8426      8.919      8.844    16.1236   4.046005    31.8441     5.7293    250.049      99.92     5.7044 5.4479e-06    96.7988     0.1205     0.0759 1.9203e+00          1  1023.3307  1023.3334         58 0.0000e+00
   46.70010 -125.40116    16.1077   4.044817    31.8461      9.979      9.896    16.0996   4.044234    31.8474     5.7248    249.848      99.92     5.7012 3.8534e-06    96.8327     0.1197     0.0791 1.8110e+00          1  1023.3432  1023.3460         41 0.0000e+00
   46.70010 -125.40116    16.1148   4.045298    31.8442     11.011     10.920    16.1034   4.044524    31.8465     5.7234    249.789      99.92     5.7089 1.0000e-12    96.7847     0.1214     0.0811 2.0343e+00          1  1023.3448  1023.3491         73 0.0000e+00
   46.70010 -125.40116    16.1180   4.045660    31.8445     11.997     11.897    16.1143   4.045246    31.8438     5.7233    249.783      99.92     5.7023 1.0000e-12    96.7979     0.1204     0.0740 1.9447e+00          1  1023.3486  1023.3489         50 0.0000e+00
   46.70010 -125.40117    16.1552   4.048393    31.8383     13.030     12.922    16.1390   4.047246    31.8412     5.7232    249.782      99.92     5.6878 1.0000e-12    96.8211     0.1270     0.0799 2.2021e+00          1  1023.3401  1023.3460         57 0.0000e+00
   46.70010 -125.40118    16.1385   4.047231    31.8411     13.996     13.880    16.1199   4.045862    31.8440     5.7201    249.646      99.92     5.6777 1.0000e-12    96.7993     0.1136     0.0808 1.9286e+00          1  1023.3503  1023.3567         55 0.0000e+00
   46.70010 -125.40118    15.5899   4.006673    31.9245     15.030     14.905    15.6303   4.010314    31.9241     5.7764    252.056      95.03     5.7030 1.0000e-12    96.8411     0.1089     0.0808 2.1215e+00          1  1023.5408  1023.5316         45 0.0000e+00
   46.70010 -125.40116    15.2038   3.978071    31.9828     16.045     15.912    15.1954   3.977915    31.9882     5.7756    251.992      92.28     5.7136 1.0000e-12    96.8482     0.0997     0.0838 1.9844e+00          1  1023.6745  1023.6805         49 0.0000e+00
   46.70010 -125.40117    15.1306   3.972459    31.9918     16.991     16.850    15.1375   3.973085    31.9918     5.8798    256.532      99.92     5.8437 1.0000e-12    96.8028     0.1056     0.0809 2.0205e+00          1  1023.7015  1023.7000         56 0.0000e+00
   46.70010 -125.40118    14.8859   3.954899    32.0338     18.015     17.866    14.8918   3.955447    32.0339     5.9291    258.662      99.93     5.9010 1.0000e-12    96.8563     0.0914     0.0852 2.0926e+00          1  1023.7909  1023.7898         49 0.0000e+00
   46.70010 -125.40118    14.7832   3.946533    32.0423     18.994     18.836    14.7846   3.946654    32.0422     5.9469    259.429      99.93     5.9162 1.0000e-12    96.9080     0.0785     0.0768 1.7679e+00          1  1023.8237  1023.8233         50 0.0000e+00
   46.70010 -125.40118    14.6994   3.939643    32.0485     19.955     19.789    14.7044   3.940353    32.0508     6.0008    261.774      99.93     5.9845 3.6742e-06    96.9434     0.0867     0.0755 2.0146e+00          1  1023.8506  1023.8513         43 0.0000e+00
   46.70010 -125.40118    14.4036   3.916975    32.0863     20.988     20.813    14.4146   3.918208    32.0885     6.0110    262.198      99.93     5.9746 3.6742e-06    96.8760     0.0879     0.0846 1.9735e+00          1  1023.9466  1023.9460         43 0.0000e+00
   46.70010 -125.40117    14.1671   3.897253    32.1019     21.990     21.807    14.1798   3.898263    32.1005     6.0565    264.165      87.25     6.0046 1.0000e-12    97.0501     0.0907     0.0780 1.9936e+00          1  1024.0123  1024.0086         47 0.0000e+00
   46.70010 -125.40116    13.9274   3.876275    32.1083     22.980     22.789    13.9355   3.877130    32.1094     6.1216    266.991      99.93     6.0789 1.0000e-12    96.6984     0.0893     0.0754 1.6957e+00          1  1024.0710  1024.0703         49 0.0000e+00
   46.70010 -125.40118    13.8090   3.866560    32.1171     24.049     23.849    13.8131   3.866771    32.1157     6.1836    269.686      99.93     6.1360 3.0978e-06    95.6241     0.1017     0.1001 1.9412e+00          1  1024.1068  1024.1048         51 0.0000e+00
   46.70010 -125.40118    13.7118   3.858546    32.1239     25.013     24.805    13.7122   3.858816    32.1261     6.2166    271.122      99.93     6.1832 1.0000e-12    96.5288     0.1138     0.0719 1.8006e+00          1  1024.1361  1024.1377         54 0.0000e+00
   46.70010 -125.40118    13.6608   3.854928    32.1328     26.019     25.802    13.6611   3.854888    32.1322     6.2122    270.921      99.93     6.1772 1.0000e-12    97.0628     0.1235     0.0723 2.2179e+00          1  1024.1578  1024.1573         55 0.0000e+00
   46.70010 -125.40118    13.5731   3.848250    32.1440     26.986     26.761    13.5786   3.849179    32.1480     6.2305    271.714      99.93     6.1789 1.0000e-12    97.0142     0.1278     0.0731 2.0429e+00          1  1024.1884  1024.1904         45 0.0000e+00
   46.70010 -125.40117    13.2649   3.823331    32.1709     27.991     27.757    13.2686   3.823841    32.1726     6.2205    271.258      99.93     6.1718 1.0000e-12    96.9232     0.1387     0.0789 2.1608e+00          1  1024.2754  1024.2760         36 0.0000e+00
   46.70010 -125.40116    13.1515   3.816547    32.2029     29.022     28.779    13.1524   3.816639    32.2030     6.2412    272.148      99.93     6.1940 1.0000e-12    96.8979     0.1505     0.0672 2.2309e+00          1  1024.3272  1024.3271         42 0.0000e+00
   46.70010 -125.40116    13.1410   3.815358    32.2002     30.034     29.783    13.1391   3.815214    32.2004     6.3083    275.073      99.93     6.2800 3.0978e-06    96.7950     0.1780     0.0705 1.8026e+00          1  1024.3318  1024.3323         51 0.0000e+00
   46.70010 -125.40116    12.9698   3.798028    32.1819     30.952     30.694    12.9536   3.798713    32.2022     6.3408    276.482      99.93     6.3080 1.0000e-12    96.7197     0.1762     0.0794 2.1348e+00          1  1024.3553  1024.3742         53 0.0000e+00
   46.70008 -125.40116    12.4712   3.751824    32.1684     31.998     31.731    12.4666   3.752761    32.1813     6.3805    278.191      99.93     6.3247 1.0000e-12    96.6608     0.1984     0.0724 2.1608e+00          1  1024.4460  1024.4568         54 0.0000e+00
   46.70009 -125.40116    12.2670   3.733590    32.1687     32.970     32.695    12.2615   3.733842    32.1758     6.5039    283.563      99.93     6.4730 2.9257e-06    96.5731     0.2272     0.0800 2.3899e+00          1  1024.4894  1024.4960         54 0.0000e+00
   46.70010 -125.40116    12.1308   3.721616    32.1704     33.993     33.709    12.1279   3.721707    32.1737     6.5860    287.136      99.93     6.5596 1.0000e-12    96.4098     0.2304     0.0884 2.0625e+00          1  1024.5209  1024.5241         42 0.0000e+00
   46.70009 -125.40116    11.9895   3.710611    32.1857     35.013     34.720    11.9912   3.711029    32.1883     6.6285    288.974      99.93     6.5901 3.7617e-06    96.3003     0.2513     0.0878 1.9784e+00          1  1024.5638  1024.5655         42 0.0000e+00
   46.70010 -125.40116    11.7194   3.687131    32.1916     36.002     35.701    11.7242   3.688090    32.1967     6.6827    291.323      99.93     6.6483 1.0000e-12    96.2195     0.2655     0.0848 2.1215e+00          1  1024.6227  1024.6258         45 0.0000e+00
   46.70010 -125.40116    11.4102   3.659836    32.1938     37.006     36.696    11.4250   3.660767    32.1900     6.7306    293.394      99.93     6.6789 1.0000e-12    96.1059     0.3030     0.0881 2.3321e+00          1  1024.6853  1024.6797         47 0.0000e+00
   46.70008 -125.40116    11.2648   3.647550    32.1998     38.016     37.698    11.2633   3.647628    32.2018     6.7924    296.080      99.94     6.7370 1.0000e-12    95.8170     0.3719     0.0921 2.0076e+00          1  1024.7206  1024.7225         59 0.0000e+00
   46.70008 -125.40116    11.1660   3.639387    32.2055     38.965     38.639    11.1633   3.639588    32.2099     6.8608    299.056      99.94     6.8162 2.9809e-06    95.5845     0.4167     0.0948 2.3683e+00          1  1024.7470  1024.7508         53 0.0000e+00
   46.70008 -125.40116    11.1189   3.635776    32.2107     39.946     39.612    11.1197   3.635725    32.2096     6.8687    299.394      99.94     6.8320 1.0000e-12    95.4480     0.4845     0.0995 2.0312e+00          1  1024.7638  1024.7628         47 0.0000e+00
   46.70010 -125.40116    11.0939   3.635651    32.2310     41.004     40.660    11.0958   3.635728    32.2300     6.8802    299.893      99.94     6.8531 1.0000e-12    95.2555     0.5577     0.1059 2.3444e+00          1  1024.7888  1024.7877         46 0.0000e+00
   46.70010 -125.40116    10.9989   3.627746    32.2359     42.003     41.651    11.0057   3.628162    32.2341     6.9131    301.317      99.94     6.8758 1.0000e-12    95.0244     0.6710     0.1199 2.2369e+00          1  1024.8139  1024.8113         49 0.0000e+00
   46.70010 -125.40116    10.8450   3.614119    32.2359     43.028     42.667    10.8511   3.614430    32.2335     6.9312    302.100      99.94     6.8886 1.0000e-12    94.6363     0.8371     0.1280 2.1697e+00          1  1024.8456  1024.8427         44 0.0000e+00
   46.70010 -125.40116    10.6087   3.595319    32.2568     43.986     43.617    10.6323   3.596854    32.2513     6.9462    302.735      99.94     6.8839 1.0000e-12    93.6966     1.4049     0.1544 2.3697e+00          1  1024.9073  1024.8989         47 0.0000e+00
   46.70010 -125.40116    10.5406   3.591406    32.2777     44.990     44.613    10.5419   3.591417    32.2765     6.9309    302.062      99.94     6.8489 6.7230e-06    91.6012     2.4216     0.1940 1.9936e+00          1  1024.9398  1024.9387         47 0.0000e+00
   46.70010 -125.40116    10.5443   3.592352    32.2834     46.003     45.617    10.5455   3.592405    32.2828     6.9907    304.665      99.94     6.9604 1.0000e-12    90.5731     2.5112     0.1938 2.1783e+00          1  1024.9482  1024.9476         56 0.0000e+00
   46.70010 -125.40116    10.5006   3.589102    32.2892     46.991     46.597    10.5078   3.589714    32.2889     7.0783    308.480      99.95     7.0360 1.0000e-12    90.1632     2.6325     0.1983 2.1064e+00          1  1024.9646  1024.9632         47 0.0000e+00
   46.70010 -125.40116    10.3222   3.574827    32.3040     48.036     47.633    10.3256   3.574943    32.3022     7.0976    309.308      99.95     7.0483 3.4346e-06    89.5778     3.1566     0.2127 2.2291e+00          1  1025.0114  1025.0094         46 0.0000e+00
   46.70010 -125.40116    10.2626   3.569815    32.3063     48.992     48.581    10.2669   3.570101    32.3054     6.9565    303.157      99.94     6.8614 3.0978e-06    89.8117     3.4040     0.2106 2.1145e+00          1  1025.0276  1025.0262         51 0.0000e+00
   46.70010 -125.40116    10.1502   3.560713    32.3143     49.999     49.579    10.1544   3.561024    32.3137     6.8920    300.340      99.94     6.8045 1.0000e-12    89.9558     3.0535     0.2002 1.8521e+00          1  1025.0574  1025.0562         42 0.0000e+00
   46.70010 -125.40116    10.1184   3.558002    32.3149     50.983     50.555    10.1200   3.558111    32.3145     6.7827    295.576      99.93     6.6860 1.0000e-12    91.2569     2.5134     0.1802 2.0754e+00          1  1025.0677  1025.0671         46 0.0000e+00
   46.70010 -125.40116    10.0915   3.555759    32.3158     51.996     51.559    10.0919   3.555775    32.3156     6.6663    290.502      99.93     6.5680 2.9809e-06    92.2760     2.2710     0.1807 1.9013e+00          1  1025.0774  1025.0773         53 0.0000e+00
   46.70010 -125.40116    10.0335   3.551121    32.3203     53.010     52.565    10.0339   3.551145    32.3202     6.6301    288.919      99.93     6.5416 3.4346e-06    93.1637     1.8211     0.1560 1.9985e+00          1  1025.0952  1025.0951         46 0.0000e+00
   46.70010 -125.40116     9.9715   3.546695    32.3305     53.990     53.536     9.9738   3.546830    32.3298     6.5474    285.311      99.93     6.4654 1.0000e-12    94.2897     1.6058     0.1440 2.0205e+00          1  1025.1180  1025.1171         49 0.0000e+00
   46.70010 -125.40116     9.8531   3.538084    32.3488     54.962     54.500     9.8546   3.538223    32.3489     6.4397    280.608      99.91     6.3361 1.0000e-12    95.0922     1.3115     0.1232 2.3452e+00          1  1025.1563  1025.1561         49 0.0000e+00
   46.70010 -125.40116     9.7952   3.533699    32.3558     55.986     55.516     9.7955   3.533717    32.3557     6.2405    271.925      99.90     6.1210 3.5109e-06    95.6021     1.3244     0.1197 2.0429e+00          1  1025.1759  1025.1759         45 0.0000e+00
   46.70010 -125.40116     9.7744   3.532032    32.3570     57.001     56.521     9.7746   3.532014    32.3567     6.1870    269.589      99.90     6.0964 1.0000e-12    95.7976     1.2127     0.1045 1.9936e+00          1  1025.1849  1025.1847         47 0.0000e+00
   46.70010 -125.40116     9.7563   3.530664    32.3590     57.974     57.487     9.7563   3.530616    32.3585     6.1907    269.750      99.89     6.1223 1.0000e-12    95.9522     1.2711     0.1052 2.2917e+00          1  1025.1939  1025.1935         54 0.0000e+00
   46.70010 -125.40116     9.7316   3.528878    32.3626     58.980     58.484     9.7316   3.528866    32.3624     6.1847    269.489      99.89     6.1292 1.0000e-12    96.0835     1.1699     0.1002 2.1697e+00          1  1025.2053  1025.2052         44 0.0000e+00
   46.70010 -125.40116     9.7112   3.527358    32.3649     59.992     59.487     9.7134   3.527526    32.3647     6.1684    268.777      99.89     6.1053 1.0000e-12    96.1216     1.0747     0.0918 2.2099e+00          1  1025.2151  1025.2145         44 0.0000e+00
