test_casts/at5027002_1db.cnv
* Sea-Bird SBE 9 Data File:
* FileName = C:\data\ctd\at5027002.hex
* Software Version Seasave V 7.26.7.121
* Temperature SN = 4312
* Conductivity SN = 3521
* Number of Bytes Per Scan = 40
* Number of Voltage Words = 5
* Number of Scans Averaged by the Deck Unit = 1
* NMEA Latitude = 46 42.01 N
* NMEA Longitude = 125 24.07 W
* NMEA UTC (Time) = Jul 08 2024  11:19:22
** Ship:
** Station:
** Operator:
# nquan = 24
# nvalues = 3903                        
# units = specified
# name 0 = latitude: Latitude [deg]
# name 1 = longitude: Longitude [deg]
# name 2 = t090C: Temperature [ITS-90, deg C]
# name 3 = c0S/m: Conductivity [S/m]
# name 4 = sal00: Salinity, Practical [PSU]
# name 5 = prDM: Pressure, Digiquartz [db]
# name 6 = depSM: Depth [salt water, m]
# name 7 = t190C: Temperature, 2 [ITS-90, deg C]
# name 8 = c1S/m: Conductivity, 2 [S/m]
# name 9 = sal11: Salinity, Practical, 2 [PSU]
# name 10 = sbeox0ML/L: Oxygen, SBE 43 [ml/l]
# name 11 = sbox0Mm/Kg: Oxygen, SBE 43 [umol/kg]
# name 12 = altM: Altimeter [m]
# name 13 = sbeox1ML/L: Oxygen, SBE 43, 2 [ml/l]
# name 14 = par: PAR/Irradiance, Biospherical/Licor
# name 15 = CStarTr0: Beam Transmission, WET Labs C-Star [%]
# name 16 = flECO-AFL: Fluorescence, WET Labs ECO-AFL/FL [mg/m^3]
# name 17 = turbWETntu0: Turbidity, WET Labs ECO [NTU]
# name 18 = spar: SPAR, Biospherical/Licor
# name 19 = pumps: Pump Status
# name 20 = density00: Density [density, kg/m^3]
# name 21 = density11: Density, 2 [density, kg/m^3]
# name 22 = nbin: number of scans per bin
# name 23 = flag: flag
# span 0 =   46.70008,   46.70010       
# span 1 = -125.40118, -125.40114       
# span 2 =     2.0031,    16.2176       
# span 3 =   3.129574,   4.052186       
# span 4 =    31.8242,    34.5900       
# span 5 =      1.382,   1951.826       
# span 6 =      1.371,   1926.686       
# span 7 =     2.0073,    16.1942       
# span 8 =   3.129784,   4.050718       
# span 9 =    31.8278,    34.5881       
# span 10 =     0.2265,     7.0976      
# span 11 =      9.848,    309.308      
# span 12 =       4.77,      99.95      
# span 13 =     0.2032,     7.0483      
# span 14 = 1.0000e-12, 1.0845e+01      
# span 15 =    89.5778,    98.9242      
# span 16 =     0.0085,     3.4040      
# span 17 =     0.0281,     0.2127      
# span 18 = 1.6957e+00, 5.5984e+00      
# span 19 =          1,          1      
# span 20 =  1023.2763,  1036.6459      
# span 21 =  1023.2746,  1036.6448      
# span 22 =         16,       2195      
# span 23 = 0.0000e+00, 0.0000e+00      
# interval = decibars: 1                
# start_time = Jul 08 2024 11:19:22 [NMEA time, header]
# bad_flag = -9.990e-29
*END*
[from data line 1450]
   46.70010 -125.40117     2.7252   3.165346    34.5085   1450.998   1434.000     2.7251   3.165231    34.5072     0.6625     28.795      99.56     0.6518 1.0000e-12    98.7372     0.0390     0.0455 4.0308e+00          1  1034.2211  1034.2201         25 0.0000e+00
   46.70010 -125.40118     2.7230   3.165200    34.5085   1451.975   1434.962     2.7232   3.165148    34.5076     0.6681     29.037      99.56     0.6497 1.0000e-12    98.7166     0.0345     0.0469 4.2276e+00          1  1034.2258  1034.2251         23 0.0000e+00
   46.70010 -125.40118     2.7184   3.164897    34.5092   1452.998   1435.970     2.7184   3.164812    34.5082     0.6654     28.921      99.55     0.6458 6.8691e-06    98.7305     0.0412     0.0423 3.8433e+00          1  1034.2316  1034.2308         23 0.0000e+00
   46.70010 -125.40118     2.7176   3.164883    34.5093   1454.020   1436.977     2.7175   3.164777    34.5082     0.6718     29.198      99.56     0.6446 1.0000e-12    98.7320     0.0442     0.0463 4.0983e+00          1  1034.2365  1034.2355         22 0.0000e+00
   46.70010 -125.40118     2.7158   3.164775    34.5095   1455.024   1437.965     2.7160   3.164702    34.5084     0.6697     29.107      99.56     0.6543 1.0000e-12    98.7211     0.0329     0.0445 4.6302e+00          1  1034.2414  1034.2405         21 0.0000e+00
   46.70010 -125.40118     2.7134   3.164627    34.5098   1455.989   1438.915     2.7134   3.164552    34.5088     0.6723     29.219      99.56     0.6606 1.0000e-12    98.7332     0.0392     0.0426 4.5805e+00          1  1034.2463  1034.2455         22 0.0000e+00
   46.70010 -125.40116     2.7094   3.164367    34.5102   1456.992   1439.903     2.7096   3.164290    34.5092     0.6724     29.227      99.55     0.6476 1.0000e-12    98.7308     0.0359     0.0500 4.6608e+00          1  1034.2517  1034.2508         22 0.0000e+00
   46.70010 -125.40116     2.7076   3.164265    34.5104   1457.979   1440.875     2.7076   3.164168    34.5093     0.6746     29.322      99.56     0.6608 6.8691e-06    98.7420     0.0367     0.0504 4.3045e+00          1  1034.2566  1034.2557         23 0.0000e+00
   46.70010 -125.40116     2.7072   3.164268    34.5104   1458.989   1441.870     2.7073   3.164177    34.5092     0.6735     29.274      99.56     0.6615 1.0000e-12    98.7374     0.0383     0.0460 4.1507e+00          1  1034.2612  1034.2603         23 0.0000e+00
   46.70010 -125.40116     2.7057   3.164187    34.5105   1459.992   1442.858     2.7057   3.164113    34.5096     0.6774     29.440      99.56     0.6520 1.0000e-12    98.7431     0.0380     0.0421 4.2276e+00          1  1034.2661  1034.2653         23 0.0000e+00
   46.70010 -125.40116     2.6986   3.163677    34.5114   1460.987   1443.838     2.6980   3.163557    34.5105     0.6843     29.741      99.55     0.6662 1.0000e-12    98.7385     0.0371     0.0446 4.4198e+00          1  1034.2721  1034.2715         28 0.0000e+00
   46.70010 -125.40116     2.6953   3.163459    34.5117   1462.008   1444.843     2.6954   3.163361    34.5105     0.6772     29.432      99.56     0.6617 1.0000e-12    98.7369     0.0348     0.0451 4.6194e+00          1  1034.2774  1034.2764         31 0.0000e+00
   46.70010 -125.40117     2.6938   3.163368    34.5117   1462.969   1445.790     2.6937   3.163278    34.5107     0.6802     29.566      99.56     0.6710 1.0000e-12    98.7391     0.0399     0.0446 4.1906e+00          1  1034.2820  1034.2813         27 0.0000e+00
   46.70010 -125.40118     2.6891   3.163043    34.5122   1463.977   1446.783     2.6891   3.162952    34.5112     0.6806     29.580      99.56     0.6686 1.0000e-12    98.7356     0.0298     0.0453 4.6237e+00          1  1034.2876  1034.2867         26 0.0000e+00
   46.70010 -125.40118     2.6877   3.162971    34.5124   1464.969   1447.759     2.6877   3.162889    34.5113     0.6839     29.727      99.56     0.6713 1.0000e-12    98.7224     0.0323     0.0447 4.2724e+00          1  1034.2924  1034.2915         24 0.0000e+00
   46.70010 -125.40118     2.6859   3.162870    34.5125   1466.021   1448.796     2.6860   3.162779    34.5113     0.6905     30.011      99.55     0.6666 1.0000e-12    98.7391     0.0402     0.0429 4.2561e+00          1  1034.2975  1034.2966         27 0.0000e+00
   46.70010 -125.40118     2.6847   3.162825    34.5127   1467.020   1449.779     2.6847   3.162735    34.5116     0.6902     30.000      99.55     0.6768 1.0000e-12    98.7478     0.0305     0.0430 4.4198e+00          1  1034.3023  1034.3015         24 0.0000e+00
   46.70010 -125.40118     2.6829   3.162724    34.5129   1467.978   1450.723     2.6829   3.162618    34.5116     0.6916     30.059      99.55     0.6758 7.1814e-06    98.7489     0.0346     0.0429 4.0180e+00          1  1034.3071  1034.3061         22 0.0000e+00
   46.70010 -125.40118     2.6824   3.162724    34.5129   1468.988   1451.717     2.6825   3.162636    34.5118     0.6948     30.197      99.56     0.6740 1.0000e-12    98.7441     0.0375     0.0473 4.4197e+00          1  1034.3117  1034.3109         22 0.0000e+00
   46.70010 -125.40117     2.6797   3.162571    34.5134   1469.989   1452.703     2.6796   3.162469    34.5123     0.6903     30.004      99.55     0.6762 1.0000e-12    98.7489     0.0395     0.0477 4.3314e+00          1  1034.3170  1034.3161         20 0.0000e+00
   46.70010 -125.40116     2.6783   3.162497    34.5135   1471.008   1453.707     2.6784   3.162413    34.5123     0.6930     30.121      99.56     0.6740 1.0000e-12    98.7390     0.0390     0.0434 4.2724e+00          1  1034.3219  1034.3210         24 0.0000e+00
   46.70010 -125.40116     2.6773   3.162469    34.5137   1472.039   1454.722     2.6773   3.162373    34.5125     0.6943     30.174      99.56     0.6774 6.3196e-06    98.7425     0.0414     0.0445 4.3137e+00          1  1034.3269  1034.3259         25 0.0000e+00
   46.70010 -125.40116     2.6764   3.162444    34.5139   1473.000   1455.669     2.6766   3.162364    34.5126     0.6938     30.157      99.55     0.6873 1.0000e-12    98.7394     0.0271     0.0462 3.8894e+00          1  1034.3315  1034.3305         25 0.0000e+00
   46.70010 -125.40116     2.6753   3.162416    34.5142   1473.946   1456.600     2.6755   3.162322    34.5128     0.7021     30.517      99.55     0.6744 6.5829e-06    98.7467     0.0293     0.0479 4.1988e+00          1  1034.3362  1034.3351         24 0.0000e+00
   46.70010 -125.40117     2.6741   3.162348    34.5141   1474.989   1457.628     2.6745   3.162290    34.5130     0.7001     30.427      99.56     0.6843 1.0000e-12    98.7302     0.0364     0.0439 4.4525e+00          1  1034.3410  1034.3401         27 0.0000e+00
   46.70010 -125.40118     2.6737   3.162359    34.5141   1476.046   1458.668     2.6739   3.162284    34.5130     0.6995     30.401      99.55     0.6839 1.0000e-12    98.7499     0.0391     0.0386 4.2838e+00          1  1034.3459  1034.3450         26 0.0000e+00
   46.70010 -125.40118     2.6728   3.162323    34.5142   1477.041   1459.648     2.6717   3.162151    34.5133     0.7026     30.538      77.71     0.7027 5.8515e-06    98.7440     0.0356     0.0428 4.2561e+00          1  1034.3506  1034.3500         27 0.0000e+00
   46.70010 -125.40118     2.6693   3.162092    34.5146   1477.995   1460.588     2.6700   3.162070    34.5136     0.7010     30.469      99.55     0.6787 1.0000e-12    98.7394     0.0373     0.0444 4.3566e+00          1  1034.3556  1034.3548         28 0.0000e+00
   46.70010 -125.40118     2.6623   3.161586    34.5154   1478.967   1461.545     2.6622   3.161510    34.5146     0.7046     30.622      99.56     0.6781 1.0000e-12    98.7420     0.0348     0.0464 4.3215e+00          1  1034.3616  1034.3610         27 0.0000e+00
   46.70010 -125.40118     2.6606   3.161504    34.5157   1479.981   1462.543     2.6607   3.161409    34.5144     0.7033     30.568      99.55     0.6873 1.0000e-12    98.7480     0.0269     0.0462 4.1041e+00          1  1034.3666  1034.3657         28 0.0000e+00
   46.70010 -125.40118     2.6590   3.161408    34.5157   1481.018   1463.565     2.6590   3.161320    34.5146     0.7061     30.691      99.55     0.6927 1.0000e-12    98.7454     0.0370     0.0426 4.2276e+00          1  1034.3716  1034.3707         23 0.0000e+00
   46.70010 -125.40117     2.6581   3.161377    34.5158   1481.991   1464.523     2.6581   3.161273    34.5146     0.7113     30.915      99.55     0.6926 1.0000e-12    98.7284     0.0382     0.0435 4.5001e+00          1  1034.3762  1034.3753         22 0.0000e+00
   46.70010 -125.40116     2.6580   3.161445    34.5162   1482.995   1465.511     2.6582   3.161336    34.5147     0.7110     30.904      99.55     0.6913 6.8691e-06    98.7385     0.0339     0.0469 4.2276e+00          1  1034.3811  1034.3799         23 0.0000e+00
   46.70010 -125.40116     2.6614   3.161875    34.5173   1484.014   1466.515     2.6614   3.161722    34.5155     0.7102     30.867      99.56     0.6952 1.0000e-12    98.7262     0.0350     0.0454 4.0409e+00          1  1034.3861  1034.3848         21 0.0000e+00
   46.70010 -125.40116     2.6631   3.162066    34.5174   1485.031   1467.516     2.6630   3.161955    34.5161     0.7121     30.951      99.55     0.7012 1.0000e-12    98.7135     0.0346     0.0453 4.3777e+00          1  1034.3906  1034.3896         21 0.0000e+00
   46.70010 -125.40116     2.6640   3.162208    34.5176   1486.032   1468.502     2.6640   3.162093    34.5162     0.7176     31.188      99.55     0.7031 1.0000e-12    98.6971     0.0343     0.0476 4.2093e+00          1  1034.3953  1034.3942         21 0.0000e+00
   46.70010 -125.40116     2.6640   3.162265    34.5177   1487.033   1469.487     2.6642   3.162175    34.5165     0.7185     31.230      99.56     0.7016 1.0000e-12    98.6886     0.0399     0.0481 4.2838e+00          1  1034.3999  1034.3989         26 0.0000e+00
   46.70010 -125.40118     2.6637   3.162264    34.5176   1488.014   1470.454     2.6636   3.162156    34.5164     0.7248     31.502      99.55     0.7042 1.0000e-12    98.6816     0.0418     0.0482 3.9778e+00          1  1034.4043  1034.4034         28 0.0000e+00
   46.70010 -125.40118     2.6633   3.162279    34.5177   1488.957   1471.382     2.6633   3.162183    34.5166     0.7306     31.755      99.56     0.7143 1.0000e-12    98.6764     0.0287     0.0453 4.4198e+00          1  1034.4087  1034.4078         26 0.0000e+00
   46.70010 -125.40117     2.6629   3.162304    34.5179   1489.976   1472.386     2.6631   3.162212    34.5167     0.7344     31.920      99.55     0.7188 1.0000e-12    98.6743     0.0273     0.0476 4.1478e+00          1  1034.4135  1034.4125         26 0.0000e+00
   46.70010 -125.40116     2.6630   3.162358    34.5180   1491.013   1473.407     2.6631   3.162254    34.5166     0.7317     31.800      99.56     0.7272 1.0000e-12    98.6656     0.0339     0.0527 4.3394e+00          1  1034.4183  1034.4172         22 0.0000e+00
   46.70010 -125.40116     2.6617   3.162276    34.5178   1492.036   1474.414     2.6618   3.162192    34.5166     0.7340     31.902      99.55     0.7158 1.0000e-12    98.6792     0.0341     0.0507 4.1988e+00          1  1034.4230  1034.4221         24 0.0000e+00
   46.70010 -125.40116     2.6608   3.162236    34.5178   1493.052   1475.415     2.6607   3.162143    34.5167     0.7366     32.014      99.55     0.7153 1.0000e-12    98.6672     0.0399     0.0498 4.6237e+00          1  1034.4278  1034.4269         26 0.0000e+00
   46.70010 -125.40116     2.6595   3.162170    34.5178   1493.998   1476.346     2.6595   3.162067    34.5167     0.7341     31.907      99.56     0.7140 1.0000e-12    98.6820     0.0356     0.0518 4.4525e+00          1  1034.4322  1034.4313         27 0.0000e+00
   46.70010 -125.40116     2.6587   3.162148    34.5180   1494.952   1477.286     2.6587   3.162042    34.5167     0.7349     31.939      99.56     0.7201 1.0000e-12    98.6869     0.0280     0.0488 4.1251e+00          1  1034.4368  1034.4357         24 0.0000e+00
   46.70010 -125.40116     2.6587   3.162189    34.5179   1495.967   1478.285     2.6587   3.162085    34.5167     0.7296     31.709      99.55     0.7209 1.0000e-12    98.6842     0.0281     0.0480 4.6119e+00          1  1034.4413  1034.4404         23 0.0000e+00
   46.70010 -125.40116     2.6577   3.162153    34.5180   1497.006   1479.308     2.6577   3.162061    34.5170     0.7369     32.029      99.55     0.7144 1.0000e-12    98.6743     0.0266     0.0492 4.6302e+00          1  1034.4462  1034.4454         21 0.0000e+00
   46.70010 -125.40116     2.6560   3.162053    34.5181   1497.988   1480.275     2.6559   3.161948    34.5170     0.7377     32.062      99.56     0.7150 1.0000e-12    98.6636     0.0264     0.0480 4.7454e+00          1  1034.4510  1034.4502         19 0.0000e+00
   46.70010 -125.40116     2.6542   3.161981    34.5186   1499.015   1481.287     2.6544   3.161886    34.5173     0.7314     31.788      99.56     0.7098 1.0000e-12    98.6813     0.0302     0.0468 4.5001e+00          1  1034.4563  1034.4552         22 0.0000e+00
   46.70010 -125.40116     2.6540   3.162014    34.5188   1500.015   1482.271     2.6540   3.161914    34.5175     0.7326     31.842      99.55     0.7156 1.0000e-12    98.6789     0.0429     0.0523 4.1787e+00          1  1034.4610  1034.4600         22 0.0000e+00
   46.70010 -125.40116     2.6532   3.161980    34.5187   1500.967   1483.208     2.6533   3.161900    34.5177     0.7343     31.914      99.56     0.7162 1.0000e-12    98.6623     0.0418     0.0450 4.3045e+00          1  1034.4654  1034.4645         23 0.0000e+00
   46.70010 -125.40116     2.6524   3.161965    34.5189   1502.005   1484.231     2.6525   3.161868    34.5176     0.7354     31.962      99.56     0.7185 1.0000e-12    98.6809     0.0344     0.0497 4.5258e+00          1  1034.4703  1034.4693         25 0.0000e+00
   46.70010 -125.40116     2.6496   3.161755    34.5189   1503.005   1485.215     2.6493   3.161675    34.5182     0.7398     32.152      99.55     0.7200 1.0000e-12    98.6792     0.0344     0.0529 4.1251e+00          1  1034.4752  1034.4747         24 0.0000e+00
   46.70010 -125.40116     2.6452   3.161437    34.5192   1503.976   1486.172     2.6454   3.161383    34.5183     0.7409     32.201      99.55     0.7230 1.0000e-12    98.6796     0.0281     0.0485 4.2276e+00          1  1034.4804  1034.4796         23 0.0000e+00
   46.70010 -125.40116     2.6420   3.161225    34.5195   1504.969   1487.149     2.6416   3.161115    34.5185     0.7380     32.074      99.56     0.7253 1.0000e-12    98.6703     0.0382     0.0476 4.1722e+00          1  1034.4856  1034.4848         25 0.0000e+00
   46.70010 -125.40116     2.6384   3.160952    34.5195   1506.007   1488.171     2.6381   3.160857    34.5186     0.7385     32.099      99.55     0.7072 1.0000e-12    98.6820     0.0364     0.0477 4.5965e+00          1  1034.4907  1034.4901         25 0.0000e+00
   46.70010 -125.40116     2.6337   3.160634    34.5200   1507.008   1489.157     2.6334   3.160542    34.5192     0.7410     32.205      99.55     0.7313 1.0000e-12    98.6841     0.0364     0.0480 4.3137e+00          1  1034.4963  1034.4957         25 0.0000e+00
   46.70010 -125.40116     2.6321   3.160550    34.5203   1508.008   1490.142     2.6321   3.160446    34.5190     0.7452     32.390      99.56     0.7304 1.0000e-12    98.6857     0.0294     0.0456 4.3283e+00          1  1034.5012  1034.5002         29 0.0000e+00
   46.70010 -125.40116     2.6313   3.160531    34.5203   1508.992   1491.110     2.6313   3.160426    34.5190     0.7441     32.343      99.55     0.7311 1.0000e-12    98.6938     0.0345     0.0493 4.2561e+00          1  1034.5058  1034.5048         27 0.0000e+00
