test_casts/CTD09_1db.cnv
* Sea-Bird SBE 9 Data File:
* FileName = D:\ctd\raw\CTD09.hex
* Software Version Seasave V 7.27.0.46
* Temperature SN = 4695
* Conductivity SN = 0618
* Number of Bytes Per Scan = 40
* Number of Voltage Words = 5
* Number of Scans Averaged by the Deck Unit = 1
* NMEA Latitude = 36 15.06 N
* NMEA Longitude = 066 35.01 W
* NMEA UTC (Time) = Jul 26 2025  12:08:57
* NMEA baud rate = 4800
** Ship: R/V Endeavor
** Cruise: EN734
** Principal Investigators: Bess Ward
** Chief_Scientist: Bess Ward
** Project: Nitrous Oxide Consumption in Surface Waters
** Cruise Start Date: 21 July 2025
** Ports: Narragansett to Narragansett, Rhode Island
** Bottom Depth:
** Operator:  Weiyi
# nquan = 24
# nvalues = 3959                        
# units = specified
# name 0 = latitude: Latitude [deg]
# name 1 = longitude: Longitude [deg]
# name 2 = t090C: Temperature [ITS-90, deg C]
# name 3 = c0S/m: Conductivity [S/m]
# name 4 = sal00: Salinity, Practical [PSU]
# name 5 = prDM: Pressure, Digiquartz [db]
# name 6 = depSM: Depth [salt water, m]
# name 7 = t190C: Temperature, 2 [ITS-90, deg C]
# name 8 = c1S/m: Conductivity, 2 [S/m]
# name 9 = sal11: Salinity, Practical, 2 [PSU]
# name 10 = CStarTr0: Beam Transmission, WET Labs C-Star [%]
# name 11 = flECO-AFL: Fluorescence, WET Labs ECO-AFL/FL [mg/m^3]
# name 12 = altM: Altimeter [m]
# name 13 = par: PAR/Irradiance, Biospherical/Licor [umol photons/m^2/sec]
# name 14 = sbeox0ML/L: Oxygen, SBE 43 [ml/l]
# name 15 = sbox0Mm/Kg: Oxygen, SBE 43 [umol/kg]
# name 16 = sbeox1ML/L: Oxygen, SBE 43, 2 [ml/l]
# name 17 = upoly0: Upoly 0, SUNA
# name 18 = spar: SPAR, Biospherical/Licor [umol photons/m^2/sec]
# name 19 = pumps: Pump Status
# name 20 = density00: Density [density, kg/m^3]
# name 21 = density11: Density, 2 [density, kg/m^3]
# name 22 = nbin: number of scans per bin
# name 23 = flag: flag
# span 0 =   36.25105,   36.26152       
# span 1 =  -66.61420,  -66.58374       
# span 2 =     3.9493,    27.5512       
# span 3 =   3.334444,   5.751298       
# span 4 =    34.9764,    36.8517       
# span 5 =      2.801,   1983.553       
# span 6 =      2.781,   1959.722       
# span 7 =     3.9496,    27.5501       
# span 8 =   3.333184,   5.749548       
# span 9 =    34.9621,    36.8382       
# span 10 =    87.7597,    89.0614      
# span 11 =    -0.0173,     0.5162      
# span 12 =       0.43,      64.59      
# span 13 = 1.0000e-12, 1.6521e+03      
# span 14 =     2.9730,     5.6765      
# span 15 =    129.276,    246.657      
# span 16 =     3.1479,     6.0628      
# span 17 = -7.4937500, -7.4920631      
# span 18 = 7.2586e+02, 2.4668e+03      
# span 19 =          1,          1      
# span 20 =  1023.4919,  1036.8196      
# span 21 =  1023.4834,  1036.8085      
# span 22 =         12,       6344      
# span 23 = 0.0000e+00, 0.0000e+00      
# interval = decibars: 1                
# start_time = Jul 26 2025 12:08:57 [NMEA time, header]
# bad_flag = -9.990e-29
*END*
[from data line 2416]
   36.25502  -66.59722     4.5366   3.371625    35.0019   1545.018   1528.032     4.5377   3.370425    34.9870    88.7472     0.0069       0.63 1.1193e-03     5.4949    238.779     5.8613 -7.4937500 1.7997e+03          1  1034.7867  1034.7749         20 0.0000e+00
   36.25502  -66.59722     4.5406   3.371972    35.0023   1543.965   1526.994     4.5456   3.371116    34.9873    88.7578    -0.0037       0.62 1.1368e-03     5.5017    239.072     5.8570 -7.4937500 1.7959e+03          1  1034.7817  1034.7692         20 0.0000e+00
   36.25502  -66.59722     4.5455   3.372418    35.0029   1542.997   1526.040     4.5521   3.371779    34.9886    88.7521     0.0060       0.84 1.1406e-03     5.4954    238.799     5.8549 -7.4937500 1.7947e+03          1  1034.7771  1034.7650         18 0.0000e+00
   36.25502  -66.59723     4.5463   3.372449    35.0029   1541.995   1525.053     4.5550   3.372066    34.9893    88.7515     0.0017       0.73 1.1346e-03     5.4937    238.727     5.8540 -7.4937500 1.7963e+03          1  1034.7725  1034.7606         32 0.0000e+00
   36.25502  -66.59724     4.5492   3.372679    35.0029   1541.029   1524.101     4.5479   3.371352    34.9889    88.7547     0.0018      31.25 1.8702e-03     5.4918    238.642     5.8537 -7.4937500 1.8002e+03          1  1034.7677  1034.7570         39 0.0000e+00
   36.25502  -66.59724     4.5521   3.372980    35.0039   1540.039   1523.125     4.5464   3.371147    34.9887    88.7608    -0.0002       0.65 1.6256e-03     5.4848    238.338     5.8471 -7.4937500 1.7991e+03          1  1034.7636  1034.7525         27 0.0000e+00
   36.25502  -66.59724     4.5594   3.373635    35.0044   1539.019   1522.120     4.5544   3.371854    34.9890    88.7614     0.0073       0.68 1.4758e-03     5.4886    238.503     5.8417 -7.4937500 1.7948e+03          1  1034.7584  1034.7470         21 0.0000e+00
   36.25502  -66.59724     4.5618   3.373737    35.0036   1538.003   1521.119     4.5615   3.372414    34.9886    88.7496     0.0043       0.65 1.4508e-03     5.4834    238.278     5.8398 -7.4937500 1.7868e+03          1  1034.7528  1034.7411         20 0.0000e+00
   36.25502  -66.59724     4.5626   3.373759    35.0035   1536.987   1520.118     4.5628   3.372508    34.9888    88.7457    -0.0011       0.61 1.3759e-03     5.4804    238.147     5.8525 -7.4937500 1.7786e+03          1  1034.7480  1034.7365         21 0.0000e+00
   36.25502  -66.59726     4.5626   3.373751    35.0038   1535.978   1519.124     4.5641   3.372617    34.9892    88.7468     0.0064       1.03 1.3198e-03     5.4823    238.231     5.8567 -7.4937500 1.7750e+03          1  1034.7438  1034.7321         24 0.0000e+00
   36.25502  -66.59726     4.5629   3.373754    35.0041   1534.990   1518.150     4.5657   3.372737    34.9894    88.7517    -0.0015       0.61 1.3052e-03     5.4838    238.294     5.8514 -7.4937500 1.7744e+03          1  1034.7395  1034.7275         24 0.0000e+00
   36.25502  -66.59726     4.5631   3.373742    35.0041   1534.022   1517.196     4.5655   3.372677    34.9894    88.7453     0.0023       0.62 1.3030e-03     5.4821    238.221     5.8466 -7.4937500 1.7756e+03          1  1034.7352  1034.7233         26 0.0000e+00
   36.25502  -66.59726     4.5621   3.373597    35.0040   1533.021   1516.209     4.5648   3.372587    34.9896    88.7382     0.0015       0.74 1.3576e-03     5.4788    238.076     5.8474 -7.4937500 1.7796e+03          1  1034.7307  1034.7190         30 0.0000e+00
   36.25502  -66.59726     4.5649   3.373865    35.0047   1532.029   1515.232     4.5634   3.372437    34.9897    88.7397    -0.0018       0.72 1.3275e-03     5.4808    238.167     5.8441 -7.4937500 1.7848e+03          1  1034.7264  1034.7149         34 0.0000e+00
   36.25502  -66.59726     4.5695   3.374211    35.0043   1531.036   1514.254     4.5654   3.372548    34.9893    88.7516    -0.0047       0.57 1.4258e-03     5.4792    238.097     5.8414 -7.4937500 1.7866e+03          1  1034.7210  1034.7098         28 0.0000e+00
   36.25502  -66.59727     4.5720   3.374384    35.0042   1530.003   1513.236     4.5715   3.373065    34.9895    88.7625    -0.0030       0.74 1.4362e-03     5.4788    238.079     5.8402 -7.4937500 1.7828e+03          1  1034.7158  1034.7044         24 0.0000e+00
   36.25502  -66.59728     4.5720   3.374314    35.0039   1529.001   1512.248     4.5721   3.373046    34.9892    88.7390     0.0008       0.65 1.4184e-03     5.4778    238.037     5.8402 -7.4937500 1.7751e+03          1  1034.7111  1034.6996         27 0.0000e+00
   36.25502  -66.59728     4.5715   3.374233    35.0040   1527.972   1511.235     4.5718   3.372977    34.9892    88.7414     0.0018       0.85 1.5090e-03     5.4793    238.102     5.8426 -7.4937500 1.7652e+03          1  1034.7066  1034.6950         39 0.0000e+00
   36.25502  -66.59729     4.5712   3.374164    35.0039   1526.992   1510.268     4.5715   3.372931    34.9894    88.7528     0.0049      15.23 1.9339e-03     5.4760    237.956     5.8408 -7.4937500 1.7646e+03          1  1034.7022  1034.6908         41 0.0000e+00
   36.25503  -66.59730     4.5712   3.374097    35.0037   1525.987   1509.278     4.5710   3.372845    34.9894    88.7522    -0.0011       0.72 1.6474e-03     5.4783    238.057     5.8395 -7.4937500 1.7703e+03          1  1034.6975  1034.6864         32 0.0000e+00
   36.25504  -66.59730     4.5722   3.374143    35.0037   1524.954   1508.260     4.5712   3.372796    34.9892    88.7552    -0.0021       0.71 1.6172e-03     5.4756    237.938     5.8413 -7.4937500 1.7649e+03          1  1034.6927  1034.6815         42 0.0000e+00
   36.25504  -66.59730     4.5748   3.374330    35.0035   1524.070   1507.389     4.5712   3.372766    34.9892    88.7449     0.0046       0.74 1.6096e-03     5.4790    238.085     5.8394 -7.4937500 1.7597e+03          1  1034.6882  1034.6776         44 0.0000e+00
   36.25504  -66.59730     4.5805   3.374855    35.0042   1523.040   1506.374     4.5793   3.373465    34.9893    88.7609    -0.0004       0.58 1.5789e-03     5.4769    237.998     5.8370 -7.4937500 1.7570e+03          1  1034.6833  1034.6718         30 0.0000e+00
   36.25504  -66.59731     4.5836   3.375136    35.0047   1522.001   1505.350     4.5835   3.373816    34.9896    88.7537    -0.0002       0.79 1.6255e-03     5.4732    237.837     5.8402 -7.4937500 1.7542e+03          1  1034.6786  1034.6667         32 0.0000e+00
   36.25504  -66.59732     4.5870   3.375394    35.0047   1520.870   1504.235     4.5848   3.373947    34.9902    88.7430     0.0010       0.76 1.6206e-03     5.4742    237.878     5.8347 -7.4937500 1.7516e+03          1  1034.6730  1034.6619         71 0.0000e+00
   36.25504  -66.59732     4.5914   3.375821    35.0054   1520.071   1503.447     4.5888   3.374273    34.9903    88.7593    -0.0025       0.83 1.6176e-03     5.4657    237.512     5.8308 -7.4937500 1.7424e+03          1  1034.6693  1034.6578         44 0.0000e+00
   36.25504  -66.59732     4.5915   3.375787    35.0054   1519.013   1502.405     4.5905   3.374428    34.9908    88.7618     0.0050       0.72 1.6255e-03     5.4607    237.293     5.8281 -7.4937500 1.7405e+03          1  1034.6645  1034.6532         33 0.0000e+00
   36.25504  -66.59734     4.5925   3.375832    35.0054   1517.882   1501.291     4.5901   3.374355    34.9909    88.7613     0.0017       0.74 1.6255e-03     5.4661    237.528     5.8306 -7.4937500 1.7403e+03          1  1034.6593  1034.6483         78 0.0000e+00
   36.25504  -66.59736     4.5889   3.375399    35.0046   1517.047   1500.468     4.5884   3.374092    34.9901    88.7484    -0.0008       0.81 1.6191e-03     5.4644    237.454     5.8285 -7.4937500 1.7336e+03          1  1034.6554  1034.6441         55 0.0000e+00
   36.25504  -66.59736     4.5867   3.375094    35.0039   1515.932   1499.369     4.5871   3.373880    34.9895    88.7563     0.0025       0.70 1.6509e-03     5.4694    237.672     5.8330 -7.4937500 1.7219e+03          1  1034.6502  1034.6388        179 0.0000e+00
   36.25531  -66.59834     4.5875   3.375119    35.0038   1515.037   1498.486     4.5871   3.373842    34.9894    88.7625     0.0010       0.66 2.1407e-03     5.4698    237.688     5.8369 -7.4937500 1.6447e+03          1  1034.6460  1034.6348         32 0.0000e+00
   36.25532  -66.59838     4.5886   3.375163    35.0037   1513.986   1497.450     4.5886   3.373913    34.9892    88.7625    -0.0028       0.78 2.1913e-03     5.4701    237.703     5.8333 -7.4937500 1.6383e+03          1  1034.6410  1034.6296         31 0.0000e+00
   36.25532  -66.59838     4.5900   3.375243    35.0036   1512.983   1496.462     4.5897   3.373965    34.9891    88.7625    -0.0004       0.64 2.2253e-03     5.4745    237.891     5.8330 -7.4937500 1.6325e+03          1  1034.6362  1034.6249         31 0.0000e+00
   36.25532  -66.59838     4.5913   3.375303    35.0034   1512.008   1495.502     4.5910   3.374028    34.9890    88.7625     0.0074       0.80 2.2239e-03     5.4692    237.661     5.8317 -7.4937500 1.6262e+03          1  1034.6315  1034.6203         34 0.0000e+00
   36.25532  -66.59838     4.5921   3.375335    35.0035   1511.031   1494.538     4.5920   3.374068    34.9889    88.7662     0.0017       0.97 2.0857e-03     5.4681    237.615     5.8308 -7.4937500 1.6212e+03          1  1034.6270  1034.6156         32 0.0000e+00
   36.25532  -66.59839     4.5934   3.375413    35.0035   1510.018   1493.540     4.5943   3.374237    34.9889    88.7609     0.0005       0.74 1.8708e-03     5.4761    237.961     5.8315 -7.4937500 1.6154e+03          1  1034.6223  1034.6108         30 0.0000e+00
   36.25532  -66.59840     4.5968   3.375718    35.0039   1509.004   1492.541     4.5967   3.374452    34.9894    88.7625    -0.0006       0.66 1.8290e-03     5.4705    237.719     5.8282 -7.4937500 1.6097e+03          1  1034.6176  1034.6062         31 0.0000e+00
   36.25532  -66.59840     4.5999   3.375981    35.0043   1507.979   1491.530     4.6002   3.374714    34.9893    88.7559    -0.0015       0.48 1.8918e-03     5.4697    237.683     5.8275 -7.4924679 1.6027e+03          1  1034.6128  1034.6010         25 0.0000e+00
   36.25532  -66.59840     4.6048   3.376450    35.0051   1507.031   1490.597     4.6100   3.375627    34.9901    88.7604     0.0026       0.71 1.8644e-03     5.4710    237.742     5.8252 -7.4937500 1.5963e+03          1  1034.6084  1034.5960         22 0.0000e+00
   36.25532  -66.59840     4.6138   3.377281    35.0057   1506.048   1489.627     4.6164   3.376245    34.9910    88.7410     0.0028      25.44 2.2063e-03     5.4681    237.615     5.8234 -7.4937500 1.5913e+03          1  1034.6032  1034.5913         23 0.0000e+00
   36.25532  -66.59841     4.6154   3.377388    35.0058   1504.999   1488.594     4.6176   3.376323    34.9912    88.7543    -0.0016       1.27 2.4653e-03     5.4733    237.840     5.8256 -7.4937500 1.5886e+03          1  1034.5983  1034.5866         23 0.0000e+00
   36.25534  -66.59842     4.6163   3.377442    35.0060   1503.988   1487.597     4.6177   3.376302    34.9913    88.7625     0.0021      24.36 2.6386e-03     5.4720    237.784     5.8221 -7.4937500 1.5879e+03          1  1034.5938  1034.5821         25 0.0000e+00
   36.25534  -66.59842     4.6167   3.377439    35.0060   1503.057   1486.680     4.6177   3.376262    34.9914    88.7616     0.0032       0.84 2.4965e-03     5.4573    237.146     5.8252 -7.4937500 1.5879e+03          1  1034.5895  1034.5780         25 0.0000e+00
   36.25534  -66.59842     4.6171   3.377412    35.0058   1502.006   1485.644     4.6175   3.376206    34.9915    88.7617     0.0043       0.75 2.2182e-03     5.4586    237.202     5.8162 -7.4926448 1.5881e+03          1  1034.5846  1034.5733         29 0.0000e+00
   36.25534  -66.59842     4.6172   3.377402    35.0060   1501.043   1484.694     4.6174   3.376162    34.9914    88.7617    -0.0028       0.82 2.1265e-03     5.4585    237.197     5.8190 -7.4937500 1.5883e+03          1  1034.5804  1034.5690         28 0.0000e+00
   36.25534  -66.59842     4.6174   3.377362    35.0059   1500.026   1483.692     4.6176   3.376129    34.9914    88.7625     0.0018       0.57 2.1213e-03     5.4570    237.134     5.8186 -7.4937500 1.5896e+03          1  1034.5757  1034.5644         29 0.0000e+00
   36.25534  -66.59843     4.6174   3.377309    35.0058   1498.992   1482.673     4.6176   3.376080    34.9913    88.7625     0.0032       0.71 2.0743e-03     5.4604    237.282     5.8179 -7.4937500 1.5917e+03          1  1034.5710  1034.5596         25 0.0000e+00
   36.25534  -66.59844     4.6174   3.377278    35.0058   1498.006   1481.702     4.6183   3.376087    34.9911    88.7625     0.0052       0.61 1.9927e-03     5.4584    237.193     5.8159 -7.4937500 1.5943e+03          1  1034.5665  1034.5549         21 0.0000e+00
   36.25534  -66.59844     4.6184   3.377310    35.0056   1496.995   1480.705     4.6187   3.376093    34.9912    88.7555    -0.0048       0.83 1.9759e-03     5.4538    236.993     5.8162 -7.4921474 1.5968e+03          1  1034.5617  1034.5505         20 0.0000e+00
   36.25534  -66.59844     4.6187   3.377300    35.0057   1495.968   1479.693     4.6191   3.376081    34.9912    88.7555    -0.0008      26.34 2.7510e-03     5.4530    236.957     5.8162 -7.4921474 1.5988e+03          1  1034.5571  1034.5458         20 0.0000e+00
   36.25534  -66.59844     4.6191   3.377294    35.0058   1494.995   1478.734     4.6196   3.376084    34.9912    88.7555     0.0091       0.85 2.3978e-03     5.4590    237.221     5.8145 -7.4937500 1.6018e+03          1  1034.5527  1034.5413         20 0.0000e+00
   36.25534  -66.59844     4.6192   3.377274    35.0058   1494.044   1477.796     4.6202   3.376123    34.9915    88.7602     0.0010       0.66 2.2746e-03     5.4603    237.276     5.8137 -7.4937500 1.6044e+03          1  1034.5485  1034.5371         20 0.0000e+00
   36.25534  -66.59844     4.6201   3.377326    35.0059   1493.015   1476.782     4.6206   3.376110    34.9914    88.7615     0.0012       0.65 2.1516e-03     5.4577    237.164     5.8137 -7.4937500 1.6067e+03          1  1034.5439  1034.5324         24 0.0000e+00
   36.25534  -66.59846     4.6202   3.377293    35.0060   1491.981   1475.763     4.6206   3.376079    34.9915    88.7566     0.0053       0.71 2.1626e-03     5.4561    237.091     5.8119 -7.4937500 1.6143e+03          1  1034.5392  1034.5279         32 0.0000e+00
   36.25536  -66.59846     4.6203   3.377263    35.0060   1491.009   1474.805     4.6198   3.375959    34.9915    88.7542     0.0009       0.85 2.1309e-03     5.4540    237.002     5.8130 -7.4937500 1.6225e+03          1  1034.5349  1034.5236         34 0.0000e+00
   36.25536  -66.59846     4.6207   3.377252    35.0059   1490.014   1473.824     4.6204   3.375961    34.9913    88.7553     0.0028       0.73 2.1287e-03     5.4552    237.054     5.8171 -7.4937500 1.6281e+03          1  1034.5303  1034.5189         23 0.0000e+00
   36.25536  -66.59846     4.6214   3.377279    35.0060   1489.004   1472.828     4.6224   3.376109    34.9914    88.7614     0.0017       0.64 2.1098e-03     5.4581    237.178     5.8243 -7.4937500 1.6305e+03          1  1034.5257  1034.5141         21 0.0000e+00
   36.25536  -66.59846     4.6227   3.377361    35.0061   1487.994   1471.833     4.6242   3.376237    34.9915    88.7612     0.0023       0.64 2.1321e-03     5.4585    237.197     5.8245 -7.4937500 1.6322e+03          1  1034.5210  1034.5094         18 0.0000e+00
   36.25536  -66.59847     4.6241   3.377445    35.0061   1487.001   1470.855     4.6254   3.376309    34.9916    88.7484     0.0084       0.66 2.0989e-03     5.4579    237.170     5.8214 -7.4937500 1.6322e+03          1  1034.5163  1034.5048         20 0.0000e+00
