test_casts/CTD09_1db.cnv
* Sea-Bird SBE 9 Data File:
* FileName = D:\ctd\raw\CTD09.hex
* Software Version Seasave V 7.27.0.46
* Temperature SN = 4695
* Conductivity SN = 0618
* Number of Bytes Per Scan = 40
* Number of Voltage Words = 5
* Number of Scans Averaged by the Deck Unit = 1
* NMEA Latitude = 36 15.06 N
* NMEA Longitude = 066 35.01 W
* NMEA UTC (Time) = Jul 26 2025  12:08:57
* NMEA baud rate = 4800
** Ship: R/V Endeavor
** Cruise: EN734
** Principal Investigators: Bess Ward
** Chief_Scientist: Bess Ward
** Project: Nitrous Oxide Consumption in Surface Waters
** Cruise Start Date: 21 July 2025
** Ports: Narragansett to Narragansett, Rhode Island
** Bottom Depth:
** Operator:  Weiyi
# nquan = 24
# nvalues = 3959                        
# units = specified
# name 0 = latitude: Latitude [deg]
# name 1 = longitude: Longitude [deg]
# name 2 = t090C: Temperature [ITS-90, deg C]
# name 3 = c0S/m: Conductivity [S/m]
# name 4 = sal00: Salinity, Practical [PSU]
# name 5 = prDM: Pressure, Digiquartz [db]
# name 6 = depSM: Depth [salt water, m]
# name 7 = t190C: Temperature, 2 [ITS-90, deg C]
# name 8 = c1S/m: Conductivity, 2 [S/m]
# name 9 = sal11: Salinity, Practical, 2 [PSU]
# name 10 = CStarTr0: Beam Transmission, WET Labs C-Star [%]
# name 11 = flECO-AFL: Fluorescence, WET Labs ECO-AFL/FL [mg/m^3]
# name 12 = altM: Altimeter [m]
# name 13 = par: PAR/Irradiance, Biospherical/Licor [umol photons/m^2/sec]
# name 14 = sbeox0ML/L: Oxygen, SBE 43 [ml/l]
# name 15 = sbox0Mm/Kg: Oxygen, SBE 43 [umol/kg]
# name 16 = sbeox1ML/L: Oxygen, SBE 43, 2 [ml/l]
# name 17 = upoly0: Upoly 0, SUNA
# name 18 = spar: SPAR, Biospherical/Licor [umol photons/m^2/sec]
# name 19 = pumps: Pump Status
# name 20 = density00: Density [density, kg/m^3]
# name 21 = density11: Density, 2 [density, kg/m^3]
# name 22 = nbin: number of scans per bin
# name 23 = flag: flag
# span 0 =   36.25105,   36.26152       
# span 1 =  -66.61420,  -66.58374       
# span 2 =     3.9493,    27.5512       
# span 3 =   3.334444,   5.751298       
# span 4 =    34.9764,    36.8517       
# span 5 =      2.801,   1983.553       
# span 6 =      2.781,   1959.722       
# span 7 =     3.9496,    27.5501       
# span 8 =   3.333184,   5.749548       
# span 9 =    34.9621,    36.8382       
# span 10 =    87.7597,    89.0614      
# span 11 =    -0.0173,     0.5162      
# span 12 =       0.43,      64.59      
# span 13 = 1.0000e-12, 1.6521e+03      
# span 14 =     2.9730,     5.6765      
# span 15 =    129.276,    246.657      
# span 16 =     3.1479,     6.0628      
# span 17 = -7.4937500, -7.4920631      
# span 18 = 7.2586e+02, 2.4668e+03      
# span 19 =          1,          1      
# span 20 =  1023.4919,  1036.8196      
# span 21 =  1023.4834,  1036.8085      
# span 22 =         12,       6344      
# span 23 = 0.0000e+00, 0.0000e+00      
# interval = decibars: 1                
# start_time = Jul 26 2025 12:08:57 [NMEA time, header]
# bad_flag = -9.990e-29
*END*
[from data line 182]
   36.25175  -66.58568    19.2297   4.925350    36.6980    189.006    187.535    19.2303   4.923428    36.6813    89.0341     0.0029       0.83 3.8637e-02     4.4981    195.741     4.7255 -7.4937500 2.1637e+03          1  1027.0842  1027.0713         31 0.0000e+00
   36.25176  -66.58568    19.2240   4.924827    36.6982    190.010    188.530    19.2244   4.922877    36.6815    89.0257    -0.0028       1.06 3.8421e-02     4.5082    196.184     4.7243 -7.4937500 2.1836e+03          1  1027.0903  1027.0774         26 0.0000e+00
   36.25176  -66.58569    19.2222   4.924791    36.6991    191.016    189.528    19.2226   4.922822    36.6822    89.0212     0.0047       0.86 3.1267e-02     4.5178    196.599     4.7341 -7.4937500 2.2852e+03          1  1027.0958  1027.0828         20 0.0000e+00
   36.25176  -66.58570    19.2066   4.922896    36.6967    191.953    190.457    19.2087   4.921333    36.6817    89.0212    -0.0041       0.72 3.0862e-02     4.5234    196.845     4.7361 -7.4937500 2.2882e+03          1  1027.1021  1027.0901         20 0.0000e+00
   36.25176  -66.58570    19.1922   4.921282    36.6954    192.963    191.459    19.1929   4.919409    36.6791    89.0212     0.0053       0.84 2.8978e-02     4.5304    197.149     4.7496 -7.4937500 2.2013e+03          1  1027.1093  1027.0967         22 0.0000e+00
   36.25176  -66.58570    19.1887   4.920958    36.6954    194.003    192.491    19.1890   4.918996    36.6787    89.0120     0.0022       0.82 2.4552e-02     4.5327    197.249     4.7392 -7.4937500 2.1692e+03          1  1027.1147  1027.1019         23 0.0000e+00
   36.25176  -66.58570    19.1842   4.920413    36.6945    195.008    193.488    19.1846   4.918515    36.6781    89.0067     0.0051       0.59 1.8592e-02     4.5200    196.695     4.7214 -7.4937500 2.1530e+03          1  1027.1196  1027.1070         26 0.0000e+00
   36.25176  -66.58572    19.1758   4.919443    36.6933    195.992    194.464    19.1765   4.917568    36.6770    89.0074     0.0066      21.27 1.6549e-02     4.5230    196.825     4.7190 -7.4937500 2.1255e+03          1  1027.1252  1027.1125         29 0.0000e+00
   36.25176  -66.58572    19.1665   4.918371    36.6922    196.987    195.450    19.1673   4.916529    36.6761    89.0090     0.0030       0.51 1.3375e-02     4.5194    196.668     4.7218 -7.4937500 2.1168e+03          1  1027.1311  1027.1186         27 0.0000e+00
   36.25176  -66.58573    19.1560   4.917214    36.6914    198.004    196.458    19.1565   4.915308    36.6750    88.9988     0.0055       0.68 1.1625e-02     4.5155    196.498     4.7464 -7.4937500 2.1244e+03          1  1027.1377  1027.1250         21 0.0000e+00
   36.25176  -66.58574    19.1553   4.917375    36.6929    199.020    197.466    19.1551   4.915251    36.6753    88.9988     0.0041       0.79 9.4427e-03     4.5146    196.457     4.7443 -7.4937500 2.1490e+03          1  1027.1435  1027.1300         21 0.0000e+00
   36.25176  -66.58574    19.1628   4.918825    36.6981    200.022    198.460    19.1627   4.916731    36.6806    89.0067     0.0094       0.70 2.9726e-03     4.5116    196.327     4.7300 -7.4937500 2.1657e+03          1  1027.1498  1027.1365         21 0.0000e+00
   36.25176  -66.58574    19.1589   4.918594    36.6993    200.999    199.429    19.1597   4.916714    36.6828    88.9977     0.0035       0.67 2.6524e-03     4.5147    196.462     4.7392 -7.4937500 2.1616e+03          1  1027.1560  1027.1432         23 0.0000e+00
   36.25176  -66.58574    19.1496   4.917584    36.6987    202.009    200.431    19.1501   4.915698    36.6823    89.0071    -0.0065       0.71 4.6705e-03     4.5503    198.012     4.7690 -7.4937500 2.1590e+03          1  1027.1623  1027.1497         25 0.0000e+00
   36.25176  -66.58576    19.1461   4.917235    36.6984    203.021    201.434    19.1464   4.915259    36.6816    89.0076     0.0003       0.69 3.0344e-03     4.5844    199.496     4.7881 -7.4937500 2.1399e+03          1  1027.1674  1027.1545         26 0.0000e+00
   36.25177  -66.58576    19.1455   4.917192    36.6982    204.022    202.427    19.1457   4.915210    36.6814    88.9839     0.0003       0.95 1.4080e-03     4.5922    199.833     4.8087 -7.4937500 2.1224e+03          1  1027.1718  1027.1589         29 0.0000e+00
   36.25178  -66.58576    19.1431   4.916942    36.6978    205.006    203.402    19.1436   4.915010    36.6812    88.9968    -0.0017       0.88 1.0118e-03     4.5906    199.763     4.8113 -7.4937500 2.1236e+03          1  1027.1764  1027.1636         25 0.0000e+00
   36.25178  -66.58577    19.1369   4.916273    36.6974    206.000    204.388    19.1372   4.914327    36.6808    89.0028     0.0076       0.93 7.5057e-04     4.5877    199.637     4.8123 -7.4937500 2.1284e+03          1  1027.1820  1027.1692         23 0.0000e+00
   36.25178  -66.58578    19.1318   4.915721    36.6968    207.018    205.398    19.1324   4.913838    36.6805    89.0055     0.0031       0.89 2.8780e-03     4.5802    199.312     4.8235 -7.4937500 2.1368e+03          1  1027.1874  1027.1747         21 0.0000e+00
   36.25178  -66.58578    19.1220   4.914660    36.6962    208.009    206.381    19.1228   4.912817    36.6800    88.9977     0.0072       0.67 9.9959e-04     4.5797    199.289     4.8131 -7.4937500 2.1522e+03          1  1027.1938  1027.1812         19 0.0000e+00
   36.25178  -66.58578    19.1169   4.914103    36.6956    209.003    207.366    19.1173   4.912170    36.6791    89.0073     0.0020       0.82 1.0000e-12     4.5870    199.607     4.7884 -7.4937500 2.1587e+03          1  1027.1990  1027.1862         22 0.0000e+00
   36.25178  -66.58580    19.1158   4.913989    36.6953    210.009    208.364    19.1161   4.912025    36.6785    89.0015     0.0018       0.72 1.0000e-12     4.5828    199.422     4.7928 -7.4937500 2.1603e+03          1  1027.2034  1027.1905         25 0.0000e+00
   36.25178  -66.58580    19.1127   4.913727    36.6955    210.974    209.321    19.1131   4.911783    36.6788    89.0149     0.0062       0.73 1.0000e-12     4.5780    199.215     4.8054 -7.4937500 2.1596e+03          1  1027.2085  1027.1957         26 0.0000e+00
   36.25178  -66.58580    19.1116   4.913727    36.6961    211.975    210.313    19.1118   4.911731    36.6791    89.0022    -0.0036      19.97 1.0000e-12     4.5768    199.161     4.7985 -7.4937500 2.1473e+03          1  1027.2137  1027.2006         26 0.0000e+00
   36.25178  -66.58581    19.1112   4.913815    36.6968    213.005    211.335    19.1114   4.911811    36.6797    89.0062     0.0026       0.82 1.0000e-12     4.5831    199.435     4.8080 -7.4937500 2.1371e+03          1  1027.2187  1027.2057         25 0.0000e+00
   36.25178  -66.58582    19.1112   4.913876    36.6969    214.008    212.330    19.1114   4.911876    36.6800    89.0130     0.0038       0.75 1.0000e-12     4.5883    199.661     4.8146 -7.4937500 2.1345e+03          1  1027.2233  1027.2103         23 0.0000e+00
   36.25178  -66.58582    19.1126   4.914177    36.6978    215.000    213.313    19.1126   4.912105    36.6805    89.0016    -0.0012       0.84 1.0000e-12     4.5974    200.059     4.8184 -7.4937500 2.1317e+03          1  1027.2279  1027.2146         24 0.0000e+00
   36.25178  -66.58582    19.1166   4.915053    36.7012    215.970    214.275    19.1171   4.913083    36.6843    88.9977     0.0010       0.77 1.0000e-12     4.6057    200.417     4.8124 -7.4937500 2.1373e+03          1  1027.2337  1027.2206         22 0.0000e+00
   36.25178  -66.58584    19.1171   4.915197    36.7016    217.012    215.308    19.1174   4.913208    36.6847    89.0191     0.0030       0.59 1.0000e-12     4.6038    200.335     4.8033 -7.4937500 2.1496e+03          1  1027.2383  1027.2254         22 0.0000e+00
   36.25178  -66.58584    19.1152   4.915009    36.7014    217.997    216.286    19.1155   4.913051    36.6847    89.0156     0.0003       0.90 1.0000e-12     4.6124    200.712     4.8108 -7.4937500 2.1550e+03          1  1027.2429  1027.2301         21 0.0000e+00
   36.25178  -66.58584    19.1136   4.914866    36.7013    219.029    217.308    19.1139   4.912891    36.6844    89.0168     0.0038       1.06 1.0000e-12     4.6186    200.982     4.8257 -7.4937500 2.1560e+03          1  1027.2478  1027.2348         27 0.0000e+00
   36.25178  -66.58584    19.1098   4.914459    36.7008    220.020    218.291    19.1103   4.912542    36.6842    89.0001     0.0003       0.69 1.0000e-12     4.6184    200.972     4.8124 -7.4937500 2.1486e+03          1  1027.2527  1027.2399         29 0.0000e+00
   36.25179  -66.58585    19.1053   4.913973    36.7003    221.011    219.274    19.1058   4.912039    36.6837    89.0146     0.0024       0.70 1.0000e-12     4.6147    200.809     4.8158 -7.4937500 2.1406e+03          1  1027.2578  1027.2450         25 0.0000e+00
   36.25180  -66.58586    19.1007   4.913488    36.6999    222.011    220.265    19.1010   4.911516    36.6831    89.0111     0.0034       0.90 1.0000e-12     4.6187    200.984     4.8364 -7.4937500 2.1452e+03          1  1027.2631  1027.2502         21 0.0000e+00
   36.25180  -66.58586    19.0982   4.913217    36.6995    222.982    221.228    19.0985   4.911256    36.6828    89.0175     0.0003       0.74 1.0000e-12     4.6193    201.009     4.8395 -7.4937500 2.1505e+03          1  1027.2676  1027.2548         19 0.0000e+00
   36.25180  -66.58586    19.0969   4.913117    36.6994    224.022    222.260    19.0972   4.911117    36.6824    89.0084     0.0016       0.62 1.0000e-12     4.6185    200.974     4.8408 -7.4937500 2.1511e+03          1  1027.2724  1027.2594         22 0.0000e+00
   36.25180  -66.58586    19.0945   4.912857    36.6990    225.033    223.262    19.0950   4.910935    36.6824    89.0049     0.0032       0.69 1.0000e-12     4.6162    200.874     4.8426 -7.4937500 2.1516e+03          1  1027.2771  1027.2644         23 0.0000e+00
   36.25180  -66.58586    19.0905   4.912453    36.6987    226.017    224.238    19.0909   4.910502    36.6820    89.0170    -0.0018       0.54 1.0000e-12     4.6171    200.915     4.8417 -7.4937500 2.1586e+03          1  1027.2822  1027.2694         28 0.0000e+00
   36.25180  -66.58588    19.0889   4.912312    36.6986    227.015    225.228    19.0891   4.910339    36.6818    89.0212     0.0043       0.89 1.0000e-12     4.6185    200.976     4.8376 -7.4937500 2.1491e+03          1  1027.2870  1027.2741         29 0.0000e+00
   36.25180  -66.58588    19.0865   4.912070    36.6983    228.011    226.215    19.0868   4.910124    36.6817    89.0203     0.0011       0.93 1.0000e-12     4.6196    201.025     4.8414 -7.4937500 2.1192e+03          1  1027.2917  1027.2789         26 0.0000e+00
   36.25180  -66.58589    19.0828   4.911729    36.6984    228.973    227.169    19.0831   4.909773    36.6816    89.0212     0.0003       0.92 1.0000e-12     4.6184    200.969     4.8353 -7.4937500 2.1144e+03          1  1027.2969  1027.2840         24 0.0000e+00
   36.25180  -66.58590    19.0779   4.911320    36.6989    229.992    228.180    19.0782   4.909381    36.6823    89.0201     0.0003       1.11 1.0000e-12     4.6142    200.787     4.8297 -7.4937500 2.1353e+03          1  1027.3030  1027.2902         22 0.0000e+00
   36.25180  -66.58590    19.0758   4.911177    36.6991    231.012    229.191    19.0761   4.909207    36.6823    89.0212    -0.0050       1.03 1.0000e-12     4.6163    200.879     4.8292 -7.4937500 2.1524e+03          1  1027.3082  1027.2952         18 0.0000e+00
   36.25180  -66.58590    19.0718   4.910858    36.6997    231.996    230.166    19.0722   4.908913    36.6829    89.0342    -0.0001       0.49 1.0000e-12     4.6199    201.037     4.8348 -7.4937500 2.1523e+03          1  1027.3139  1027.3010         20 0.0000e+00
   36.25182  -66.58590    19.0678   4.910509    36.6998    233.029    231.191    19.0682   4.908568    36.6832    89.0221     0.0025       0.80 1.0000e-12     4.6178    200.944     4.8458 -7.4937500 2.1535e+03          1  1027.3195  1027.3067         26 0.0000e+00
   36.25182  -66.58590    19.0660   4.910336    36.6996    234.016    232.170    19.0664   4.908373    36.6828    89.0212     0.0041       0.88 1.0000e-12     4.6080    200.517     4.8355 -7.4937500 2.1598e+03          1  1027.3242  1027.3112         29 0.0000e+00
   36.25182  -66.58592    19.0645   4.910213    36.6995    235.003    233.148    19.0648   4.908237    36.6827    89.0212     0.0006       0.84 1.0000e-12     4.6125    200.713     4.8367 -7.4937500 2.1524e+03          1  1027.3287  1027.3158         27 0.0000e+00
   36.25182  -66.58592    19.0625   4.910036    36.6994    236.015    234.152    19.0628   4.908079    36.6827    89.0313     0.0041       0.65 1.0000e-12     4.6217    201.115     4.8451 -7.4937500 2.1549e+03          1  1027.3336  1027.3208         21 0.0000e+00
   36.25182  -66.58592    19.0598   4.909789    36.6994    237.022    235.150    19.0601   4.907844    36.6827    89.0377     0.0025       0.62 1.0000e-12     4.6237    201.199     4.8433 -7.4937500 2.1695e+03          1  1027.3387  1027.3259         20 0.0000e+00
   36.25182  -66.58594    19.0572   4.909563    36.6994    238.009    236.129    19.0575   4.907602    36.6826    89.0212     0.0021       0.68 1.0000e-12     4.6212    201.091     4.8404 -7.4937500 2.1882e+03          1  1027.3436  1027.3308         24 0.0000e+00
   36.25182  -66.58594    19.0559   4.909447    36.6992    239.024    237.135    19.0562   4.907472    36.6823    89.0125     0.0003       0.83 1.0000e-12     4.6210    201.084     4.8536 -7.4937500 2.1831e+03          1  1027.3482  1027.3353         27 0.0000e+00
   36.25182  -66.58594    19.0547   4.909331    36.6989    239.989    238.091    19.0550   4.907370    36.6821    88.9969     0.0032       0.76 1.0000e-12     4.6218    201.118     4.8500 -7.4937500 2.1462e+03          1  1027.3525  1027.3396         28 0.0000e+00
   36.25182  -66.58595    19.0522   4.909082    36.6986    240.964    239.059    19.0528   4.907157    36.6820    89.0190    -0.0028       0.84 1.0000e-12     4.6267    201.328     4.8350 -7.4937500 2.1367e+03          1  1027.3572  1027.3443         21 0.0000e+00
   36.25182  -66.58596    19.0487   4.908709    36.6982    241.988    240.074    19.0492   4.906776    36.6816    89.0233    -0.0053       0.77 1.0000e-12     4.6307    201.504     4.8427 -7.4937500 2.1490e+03          1  1027.3623  1027.3494         22 0.0000e+00
   36.25182  -66.58596    19.0472   4.908561    36.6979    242.997    241.075    19.0475   4.906591    36.6811    89.0200     0.0003       0.57 1.0000e-12     4.6282    201.394     4.8390 -7.4937500 2.1831e+03          1  1027.3668  1027.3539         20 0.0000e+00
   36.25182  -66.58596    19.0467   4.908512    36.6976    243.970    242.039    19.0468   4.906520    36.6807    89.0365     0.0003       0.66 1.0000e-12     4.6269    201.336     4.8249 -7.4937500 2.2256e+03          1  1027.3709  1027.3580         20 0.0000e+00
   36.25182  -66.58596    19.0462   4.908480    36.6974    245.024    243.084    19.0464   4.906513    36.6806    89.0357     0.0003       0.72 1.0000e-12     4.6227    201.157     4.8280 -7.4937500 2.2133e+03          1  1027.3755  1027.3627         26 0.0000e+00
   36.25182  -66.58598    19.0431   4.908134    36.6969    246.000    244.052    19.0435   4.906199    36.6802    89.0414    -0.0063       0.67 1.0000e-12     4.6208    201.074     4.8481 -7.4937500 2.1906e+03          1  1027.3802  1027.3673         28 0.0000e+00
   36.25182  -66.58598    19.0369   4.907448    36.6962    246.961    245.004    19.0373   4.905532    36.6797    89.0439     0.0033       0.57 1.0000e-12     4.6265    201.320     4.8555 -7.4937500 2.1558e+03          1  1027.3854  1027.3727         27 0.0000e+00
