test_casts/CTD09_1db.cnv
* Sea-Bird SBE 9 Data File:
* FileName = D:\ctd\raw\CTD09.hex
* Software Version Seasave V 7.27.0.46
* Temperature SN = 4695
* Conductivity SN = 0618
* Number of Bytes Per Scan = 40
* Number of Voltage Words = 5
* Number of Scans Averaged by the Deck Unit = 1
* NMEA Latitude = 36 15.06 N
* NMEA Longitude = 066 35.01 W
* NMEA UTC (Time) = Jul 26 2025  12:08:57
* NMEA baud rate = 4800
** Ship: R/V Endeavor
** Cruise: EN734
** Principal Investigators: Bess Ward
** Chief_Scientist: Bess Ward
** Project: Nitrous Oxide Consumption in Surface Waters
** Cruise Start Date: 21 July 2025
** Ports: Narragansett to Narragansett, Rhode Island
** Bottom Depth:
** Operator:  Weiyi
# nquan = 24
# nvalues = 3959                        
# units = specified
# name 0 = latitude: Latitude [deg]
# name 1 = longitude: Longitude [deg]
# name 2 = t090C: Temperature [ITS-90, deg C]
# name 3 = c0S/m: Conductivity [S/m]
# name 4 = sal00: Salinity, Practical [PSU]
# name 5 = prDM: Pressure, Digiquartz [db]
# name 6 = depSM: Depth [salt water, m]
# name 7 = t190C: Temperature, 2 [ITS-90, deg C]
# name 8 = c1S/m: Conductivity, 2 [S/m]
# name 9 = sal11: Salinity, Practical, 2 [PSU]
# name 10 = CStarTr0: Beam Transmission, WET Labs C-Star [%]
# name 11 = flECO-AFL: Fluorescence, WET Labs ECO-AFL/FL [mg/m^3]
# name 12 = altM: Altimeter [m]
# name 13 = par: PAR/Irradiance, Biospherical/Licor [umol photons/m^2/sec]
# name 14 = sbeox0ML/L: Oxygen, SBE 43 [ml/l]
# name 15 = sbox0Mm/Kg: Oxygen, SBE 43 [umol/kg]
# name 16 = sbeox1ML/L: Oxygen, SBE 43, 2 [ml/l]
# name 17 = upoly0: Upoly 0, SUNA
# name 18 = spar: SPAR, Biospherical/Licor [umol photons/m^2/sec]
# name 19 = pumps: Pump Status
# name 20 = density00: Density [density, kg/m^3]
# name 21 = density11: Density, 2 [density, kg/m^3]
# name 22 = nbin: number of scans per bin
# name 23 = flag: flag
# span 0 =   36.25105,   36.26152       
# span 1 =  -66.61420,  -66.58374       
# span 2 =     3.9493,    27.5512       
# span 3 =   3.334444,   5.751298       
# span 4 =    34.9764,    36.8517       
# span 5 =      2.801,   1983.553       
# span 6 =      2.781,   1959.722       
# span 7 =     3.9496,    27.5501       
# span 8 =   3.333184,   5.749548       
# span 9 =    34.9621,    36.8382       
# span 10 =    87.7597,    89.0614      
# span 11 =    -0.0173,     0.5162      
# span 12 =       0.43,      64.59      
# span 13 = 1.0000e-12, 1.6521e+03      
# span 14 =     2.9730,     5.6765      
# span 15 =    129.276,    246.657      
# span 16 =     3.1479,     6.0628      
# span 17 = -7.4937500, -7.4920631      
# span 18 = 7.2586e+02, 2.4668e+03      
# span 19 =          1,          1      
# span 20 =  1023.4919,  1036.8196      
# span 21 =  1023.4834,  1036.8085      
# span 22 =         12,       6344      
# span 23 = 0.0000e+00, 0.0000e+00      
# interval = decibars: 1                
# start_time = Jul 26 2025 12:08:57 [NMEA time, header]
# bad_flag = -9.990e-29
*END*
[from data line 1691]
   36.25396  -66.59326     4.3124   3.357496    34.9986   1698.038   1678.763     4.3128   3.356321    34.9845    88.8106     0.0033       0.63 1.0000e-12     5.5932    243.045     5.9817 -7.4937500 2.1129e+03          1  1035.5042  1035.4931         22 0.0000e+00
   36.25396  -66.59328     4.3099   3.357286    34.9982   1699.046   1679.756     4.3098   3.356061    34.9841    88.8106    -0.0004       0.71 1.0000e-12     5.6003    243.354     5.9830 -7.4937500 2.1052e+03          1  1035.5088  1035.4977         22 0.0000e+00
   36.25398  -66.59328     4.3083   3.357181    34.9983   1699.996   1680.692     4.3082   3.355940    34.9839    88.8287    -0.0010      27.85 1.0000e-12     5.6040    243.514     5.9819 -7.4937500 2.0947e+03          1  1035.5133  1035.5021         22 0.0000e+00
   36.25398  -66.59328     4.3059   3.357010    34.9983   1700.978   1681.658     4.3059   3.355782    34.9840    88.8260     0.0163       0.83 1.0000e-12     5.6034    243.489     5.9795 -7.4937500 2.0809e+03          1  1035.5181  1035.5069         27 0.0000e+00
   36.25398  -66.59328     4.3049   3.356975    34.9984   1702.011   1682.676     4.3048   3.355710    34.9838    88.8152     0.0073      21.25 1.0000e-12     5.6061    243.604     5.9761 -7.4937500 2.0827e+03          1  1035.5230  1035.5116         29 0.0000e+00
   36.25398  -66.59328     4.3051   3.357021    34.9983   1702.991   1683.640     4.3049   3.355768    34.9839    88.8330     0.0041       0.73 1.0000e-12     5.6047    243.543     5.9861 -7.4937500 2.1158e+03          1  1035.5273  1035.5160         27 0.0000e+00
   36.25398  -66.59330     4.3046   3.357017    34.9983   1703.973   1684.608     4.3048   3.355812    34.9841    88.8142     0.0012       0.73 1.0000e-12     5.6078    243.677     5.9874 -7.4937500 2.1302e+03          1  1035.5317  1035.5206         25 0.0000e+00
   36.25398  -66.59330     4.3042   3.357011    34.9982   1704.995   1685.613     4.3042   3.355776    34.9838    88.8127     0.0013       0.64 1.0000e-12     5.6051    243.561     5.9838 -7.4937500 2.1216e+03          1  1035.5363  1035.5251         22 0.0000e+00
   36.25398  -66.59330     4.3027   3.356912    34.9981   1706.002   1686.605     4.3026   3.355670    34.9838    88.8117     0.0027       0.86 1.0000e-12     5.6088    243.720     5.9815 -7.4937500 2.0970e+03          1  1035.5409  1035.5298         21 0.0000e+00
   36.25398  -66.59330     4.3008   3.356775    34.9980   1707.026   1687.614     4.3001   3.355490    34.9838    88.8084    -0.0010       0.87 1.0000e-12     5.6113    243.831     5.9789 -7.4937500 2.0836e+03          1  1035.5457  1035.5348         22 0.0000e+00
   36.25398  -66.59330     4.2993   3.356681    34.9980   1708.058   1688.630     4.2991   3.355433    34.9837    88.8074     0.0030       0.78 1.0000e-12     5.6070    243.644     5.9837 -7.4937500 2.0874e+03          1  1035.5505  1035.5394         22 0.0000e+00
   36.25398  -66.59330     4.2987   3.356663    34.9979   1709.025   1689.582     4.2986   3.355420    34.9836    88.8095    -0.0014      27.72 1.0000e-12     5.6109    243.812     5.9814 -7.4937500 2.0883e+03          1  1035.5549  1035.5437         22 0.0000e+00
   36.25398  -66.59332     4.2979   3.356610    34.9977   1709.995   1690.537     4.2981   3.355403    34.9835    88.8236    -0.0047      24.53 1.0000e-12     5.6070    243.645     5.9842 -7.4937500 2.0851e+03          1  1035.5593  1035.5481         25 0.0000e+00
   36.25398  -66.59332     4.2967   3.356560    34.9979   1710.997   1691.524     4.2966   3.355319    34.9835    88.8134    -0.0012       0.71 1.0000e-12     5.6020    243.427     5.9862 -7.4937500 2.0869e+03          1  1035.5640  1035.5529         24 0.0000e+00
   36.25398  -66.59332     4.2964   3.356557    34.9977   1712.005   1692.516     4.2958   3.355267    34.9834    88.8116    -0.0053       0.69 1.0000e-12     5.6066    243.624     5.9798 -7.4937500 2.0973e+03          1  1035.5685  1035.5574         22 0.0000e+00
   36.25398  -66.59332     4.2960   3.356562    34.9976   1713.009   1693.505     4.2959   3.355310    34.9833    88.8126     0.0032       0.56 1.0000e-12     5.6083    243.701     5.9826 -7.4937500 2.1147e+03          1  1035.5730  1035.5618         23 0.0000e+00
   36.25398  -66.59334     4.2942   3.356433    34.9976   1714.004   1694.485     4.2942   3.355210    34.9834    88.8236     0.0021       0.53 1.0000e-12     5.6118    243.852     5.9864 -7.4937500 2.1367e+03          1  1035.5777  1035.5666         25 0.0000e+00
   36.25398  -66.59334     4.2919   3.356254    34.9975   1714.992   1695.457     4.2923   3.355069    34.9833    88.8294    -0.0011       0.91 1.0000e-12     5.6077    243.672     5.9801 -7.4937500 2.1294e+03          1  1035.5824  1035.5712         26 0.0000e+00
   36.25398  -66.59334     4.2904   3.356170    34.9976   1716.001   1696.451     4.2903   3.354915    34.9831    88.8111     0.0031       0.60 1.0000e-12     5.6099    243.768     5.9909 -7.4937500 2.0952e+03          1  1035.5872  1035.5759         29 0.0000e+00
   36.25398  -66.59334     4.2895   3.356127    34.9975   1717.033   1697.466     4.2896   3.354894    34.9831    88.8154     0.0107       0.81 1.0000e-12     5.6113    243.829     5.9986 -7.4937500 2.0948e+03          1  1035.5918  1035.5806         24 0.0000e+00
   36.25398  -66.59334     4.2892   3.356135    34.9975   1717.991   1698.410     4.2891   3.354880    34.9830    88.8147     0.0105      33.67 1.0000e-12     5.6095    243.749     5.9784 -7.4937500 2.0939e+03          1  1035.5962  1035.5849         18 0.0000e+00
   36.25398  -66.59334     4.2893   3.356178    34.9974   1718.958   1699.362     4.2890   3.354920    34.9830    88.8119     0.0124       0.56 1.0000e-12     5.6078    243.676     5.9752 -7.4937500 2.0902e+03          1  1035.6005  1035.5893         20 0.0000e+00
   36.25398  -66.59335     4.2894   3.356232    34.9974   1719.977   1700.366     4.2891   3.354975    34.9831    88.8177     0.0050       0.77 1.0000e-12     5.6091    243.736     5.9866 -7.4937500 2.0945e+03          1  1035.6050  1035.5938         20 0.0000e+00
   36.25399  -66.59336     4.2894   3.356273    34.9974   1720.997   1701.370     4.2893   3.355019    34.9829    88.8208    -0.0009       0.76 1.0000e-12     5.6115    243.838     5.9847 -7.4937500 2.1051e+03          1  1035.6096  1035.5983         25 0.0000e+00
   36.25400  -66.59336     4.2893   3.356300    34.9973   1721.972   1702.330     4.2892   3.355051    34.9829    88.8173     0.0074       0.61 1.0000e-12     5.6048    243.545     5.9833 -7.4937500 2.1056e+03          1  1035.6139  1035.6027         30 0.0000e+00
   36.25400  -66.59336     4.2885   3.356261    34.9973   1722.971   1703.313     4.2884   3.355015    34.9829    88.8112     0.0008      22.69 1.0000e-12     5.6079    243.681     5.9838 -7.4937500 2.0962e+03          1  1035.6185  1035.6073         27 0.0000e+00
   36.25400  -66.59336     4.2876   3.356214    34.9972   1723.977   1704.304     4.2872   3.354942    34.9828    88.8116     0.0140       0.76 1.0000e-12     5.6129    243.899     5.9854 -7.4937500 2.0954e+03          1  1035.6231  1035.6119         22 0.0000e+00
   36.25400  -66.59338     4.2865   3.356159    34.9972   1725.005   1705.316     4.2864   3.354908    34.9828    88.8148     0.0010       0.66 1.0000e-12     5.6134    243.921     5.9848 -7.4937500 2.1072e+03          1  1035.6278  1035.6165         22 0.0000e+00
   36.25400  -66.59338     4.2865   3.356195    34.9972   1726.007   1706.303     4.2864   3.354943    34.9827    88.8106    -0.0004       0.78 1.0000e-12     5.6116    243.842     5.9806 -7.4937500 2.1069e+03          1  1035.6323  1035.6210         21 0.0000e+00
   36.25400  -66.59338     4.2854   3.356129    34.9971   1727.002   1707.282     4.2853   3.354891    34.9827    88.8242    -0.0006      25.19 1.0000e-12     5.6125    243.882     5.9884 -7.4937500 2.0890e+03          1  1035.6368  1035.6256         24 0.0000e+00
   36.25400  -66.59338     4.2844   3.356079    34.9970   1728.015   1708.280     4.2841   3.354818    34.9827    88.8183     0.0067       0.95 1.0000e-12     5.6117    243.848     5.9916 -7.4937500 2.0827e+03          1  1035.6415  1035.6303         24 0.0000e+00
   36.25400  -66.59339     4.2826   3.355952    34.9969   1728.990   1709.239     4.2826   3.354717    34.9826    88.8044     0.0076       0.80 1.0000e-12     5.6169    244.074     5.9889 -7.4937500 2.0783e+03          1  1035.6461  1035.6348         23 0.0000e+00
   36.25400  -66.59340     4.2808   3.355816    34.9968   1729.949   1710.184     4.2807   3.354578    34.9825    88.7901     0.0057       0.84 1.0000e-12     5.6137    243.933     5.9903 -7.4937500 2.0814e+03          1  1035.6505  1035.6394         23 0.0000e+00
   36.25400  -66.59340     4.2795   3.355738    34.9967   1730.989   1711.207     4.2795   3.354518    34.9825    88.8054     0.0086       0.69 1.0000e-12     5.6031    243.473     5.9914 -7.4937500 2.0872e+03          1  1035.6553  1035.6442         23 0.0000e+00
   36.25400  -66.59340     4.2749   3.355352    34.9965   1732.008   1712.211     4.2751   3.354146    34.9823    88.8126     0.0038       0.75 1.0000e-12     5.6045    243.535     5.9897 -7.4937500 2.0929e+03          1  1035.6604  1035.6493         23 0.0000e+00
   36.25400  -66.59340     4.2728   3.355181    34.9963   1732.972   1713.160     4.2726   3.353934    34.9820    88.8116     0.0030       0.80 1.0000e-12     5.6152    244.001     5.9799 -7.4937500 2.0868e+03          1  1035.6649  1035.6537         22 0.0000e+00
   36.25400  -66.59341     4.2711   3.355051    34.9961   1733.990   1714.162     4.2711   3.353818    34.9818    88.8086     0.0033       0.59 1.0000e-12     5.6156    244.019     5.9859 -7.4937500 2.0796e+03          1  1035.6695  1035.6583         27 0.0000e+00
   36.25400  -66.59342     4.2701   3.354990    34.9960   1734.996   1715.152     4.2702   3.353767    34.9816    88.8122     0.0048       0.70 1.0000e-12     5.6165    244.057     5.9841 -7.4937500 2.0766e+03          1  1035.6741  1035.6628         26 0.0000e+00
   36.25400  -66.59342     4.2691   3.354926    34.9958   1735.915   1716.057     4.2690   3.353691    34.9815    88.8151     0.0069       0.60 1.0000e-12     5.6178    244.111     5.9908 -7.4937500 2.0748e+03          1  1035.6782  1035.6671         21 0.0000e+00
   36.25400  -66.59342     4.2680   3.354857    34.9957   1736.980   1717.106     4.2679   3.353614    34.9813    88.8173     0.0076       0.72 1.0000e-12     5.6175    244.099     5.9973 -7.4937500 2.0690e+03          1  1035.6831  1035.6719         24 0.0000e+00
   36.25400  -66.59342     4.2672   3.354830    34.9957   1738.004   1718.114     4.2671   3.353579    34.9813    88.8151    -0.0007       0.66 1.0000e-12     5.6203    244.221     6.0014 -7.4937500 2.0663e+03          1  1035.6878  1035.6765         21 0.0000e+00
   36.25401  -66.59342     4.2667   3.354811    34.9955   1739.004   1719.098     4.2667   3.353579    34.9812    88.7743     0.0050       0.76 1.0000e-12     5.6203    244.220     5.9999 -7.4937500 2.0697e+03          1  1035.6922  1035.6810         22 0.0000e+00
   36.25402  -66.59343     4.2660   3.354791    34.9955   1740.024   1720.103     4.2659   3.353552    34.9812    88.8056     0.0061       0.66 1.0000e-12     5.6174    244.094     5.9898 -7.4937500 2.0754e+03          1  1035.6968  1035.6857         24 0.0000e+00
   36.25402  -66.59344     4.2656   3.354790    34.9955   1741.020   1721.083     4.2655   3.353536    34.9809    88.8095     0.0070       0.71 1.0000e-12     5.6131    243.908     5.9936 -7.4937500 2.0740e+03          1  1035.7013  1035.6900         25 0.0000e+00
   36.25402  -66.59344     4.2654   3.354803    34.9954   1741.992   1722.041     4.2652   3.353554    34.9810    88.8086     0.0056       0.59 1.0000e-12     5.6202    244.214     5.9974 -7.4937500 2.0693e+03          1  1035.7056  1035.6945         25 0.0000e+00
   36.25402  -66.59344     4.2652   3.354831    34.9954   1743.005   1723.037     4.2651   3.353579    34.9810    88.8085     0.0021      25.77 1.0000e-12     5.6171    244.082     5.9952 -7.4937500 2.0744e+03          1  1035.7102  1035.6990         24 0.0000e+00
   36.25402  -66.59345     4.2652   3.354865    34.9954   1744.001   1724.018     4.2650   3.353616    34.9810    88.7898     0.0067       0.68 1.0000e-12     5.6169    244.073     5.9888 -7.4937500 2.0718e+03          1  1035.7147  1035.7034         25 0.0000e+00
   36.25402  -66.59346     4.2649   3.354893    34.9954   1745.013   1725.014     4.2648   3.353635    34.9809    88.8095     0.0063       0.75 1.0000e-12     5.6205    244.228     5.9875 -7.4937500 2.0714e+03          1  1035.7193  1035.7080         22 0.0000e+00
   36.25402  -66.59346     4.2649   3.354917    34.9954   1745.975   1725.961     4.2646   3.353657    34.9810    88.8095    -0.0009       0.86 1.0000e-12     5.6210    244.253     5.9835 -7.4937500 2.0698e+03          1  1035.7236  1035.7124         19 0.0000e+00
   36.25402  -66.59346     4.2649   3.354971    34.9954   1746.974   1726.945     4.2647   3.353716    34.9810    88.8107     0.0036       0.79 1.0000e-12     5.6211    244.255     5.9917 -7.4937500 2.0684e+03          1  1035.7281  1035.7169         20 0.0000e+00
   36.25402  -66.59346     4.2651   3.355037    34.9956   1747.969   1727.924     4.2649   3.353778    34.9811    88.8115     0.0013       0.55 1.0000e-12     5.6216    244.276     5.9920 -7.4937500 2.0641e+03          1  1035.7326  1035.7214         23 0.0000e+00
   36.25402  -66.59346     4.2652   3.355091    34.9956   1749.011   1728.950     4.2650   3.353834    34.9811    88.8130     0.0014       0.70 1.0000e-12     5.6201    244.210     5.9965 -7.4937500 2.0653e+03          1  1035.7373  1035.7260         27 0.0000e+00
   36.25402  -66.59347     4.2649   3.355121    34.9957   1750.018   1729.941     4.2648   3.353874    34.9813    88.8103     0.0038       0.74 1.0000e-12     5.6163    244.048     5.9973 -7.4937500 2.0697e+03          1  1035.7419  1035.7307         29 0.0000e+00
   36.25402  -66.59348     4.2643   3.355124    34.9959   1751.027   1730.934     4.2642   3.353876    34.9815    88.8127     0.0010       0.78 1.0000e-12     5.6156    244.018     5.9970 -7.4937500 2.0678e+03          1  1035.7467  1035.7355         22 0.0000e+00
   36.25402  -66.59348     4.2620   3.354964    34.9960   1751.979   1731.872     4.2620   3.353749    34.9818    88.8299     0.0013       0.59 1.0000e-12     5.6116    243.840     5.9918 -7.4937500 2.0710e+03          1  1035.7514  1035.7403         23 0.0000e+00
   36.25402  -66.59349     4.2561   3.354468    34.9959   1753.000   1732.877     4.2565   3.353286    34.9818    88.8218     0.0054      26.74 1.0000e-12     5.6129    243.898     5.9762 -7.4937500 2.0722e+03          1  1035.7568  1035.7457         23 0.0000e+00
   36.25402  -66.59350     4.2543   3.354325    34.9957   1753.954   1733.817     4.2540   3.353080    34.9814    88.8072     0.0043       0.67 1.0000e-12     5.6176    244.104     5.9842 -7.4937500 2.0629e+03          1  1035.7612  1035.7501         20 0.0000e+00
   36.25402  -66.59350     4.2538   3.354302    34.9954   1754.981   1734.827     4.2530   3.352994    34.9810    88.8074    -0.0004       0.67 1.0000e-12     5.6158    244.026     5.9964 -7.4937500 2.0530e+03          1  1035.7656  1035.7545         22 0.0000e+00
   36.25402  -66.59350     4.2528   3.354243    34.9953   1755.973   1735.804     4.2523   3.352960    34.9809    88.8095     0.0080       0.53 1.0000e-12     5.6223    244.306     5.9966 -7.4937500 2.0476e+03          1  1035.7701  1035.7590         22 0.0000e+00
