test_casts/CTD09_1db.cnv
* Sea-Bird SBE 9 Data File:
* FileName = D:\ctd\raw\CTD09.hex
* Software Version Seasave V 7.27.0.46
* Temperature SN = 4695
* Conductivity SN = 0618
* Number of Bytes Per Scan = 40
* Number of Voltage Words = 5
* Number of Scans Averaged by the Deck Unit = 1
* NMEA Latitude = 36 15.06 N
* NMEA Longitude = 066 35.01 W
* NMEA UTC (Time) = Jul 26 2025  12:08:57
* NMEA baud rate = 4800
** Ship: R/V Endeavor
** Cruise: EN734
** Principal Investigators: Bess Ward
** Chief_Scientist: Bess Ward
** Project: Nitrous Oxide Consumption in Surface Waters
** Cruise Start Date: 21 July 2025
** Ports: Narragansett to Narragansett, Rhode Island
** Bottom Depth:
** Operator:  Weiyi
# nquan = 24
# nvalues = 3959                        
# units = specified
# name 0 = latitude: Latitude [deg]
# name 1 = longitude: Longitude [deg]
# name 2 = t090C: Temperature [ITS-90, deg C]
# name 3 = c0S/m: Conductivity [S/m]
# name 4 = sal00: Salinity, Practical [PSU]
# name 5 = prDM: Pressure, Digiquartz [db]
# name 6 = depSM: Depth [salt water, m]
# name 7 = t190C: Temperature, 2 [ITS-90, deg C]
# name 8 = c1S/m: Conductivity, 2 [S/m]
# name 9 = sal11: Salinity, Practical, 2 [PSU]
# name 10 = CStarTr0: Beam Transmission, WET Labs C-Star [%]
# name 11 = flECO-AFL: Fluorescence, WET Labs ECO-AFL/FL [mg/m^3]
# name 12 = altM: Altimeter [m]
# name 13 = par: PAR/Irradiance, Biospherical/Licor [umol photons/m^2/sec]
# name 14 = sbeox0ML/L: Oxygen, SBE 43 [ml/l]
# name 15 = sbox0Mm/Kg: Oxygen, SBE 43 [umol/kg]
# name 16 = sbeox1ML/L: Oxygen, SBE 43, 2 [ml/l]
# name 17 = upoly0: Upoly 0, SUNA
# name 18 = spar: SPAR, Biospherical/Licor [umol photons/m^2/sec]
# name 19 = pumps: Pump Status
# name 20 = density00: Density [density, kg/m^3]
# name 21 = density11: Density, 2 [density, kg/m^3]
# name 22 = nbin: number of scans per bin
# name 23 = flag: flag
# span 0 =   36.25105,   36.26152       
# span 1 =  -66.61420,  -66.58374       
# span 2 =     3.9493,    27.5512       
# span 3 =   3.334444,   5.751298       
# span 4 =    34.9764,    36.8517       
# span 5 =      2.801,   1983.553       
# span 6 =      2.781,   1959.722       
# span 7 =     3.9496,    27.5501       
# span 8 =   3.333184,   5.749548       
# span 9 =    34.9621,    36.8382       
# span 10 =    87.7597,    89.0614      
# span 11 =    -0.0173,     0.5162      
# span 12 =       0.43,      64.59      
# span 13 = 1.0000e-12, 1.6521e+03      
# span 14 =     2.9730,     5.6765      
# span 15 =    129.276,    246.657      
# span 16 =     3.1479,     6.0628      
# span 17 = -7.4937500, -7.4920631      
# span 18 = 7.2586e+02, 2.4668e+03      
# span 19 =          1,          1      
# span 20 =  1023.4919,  1036.8196      
# span 21 =  1023.4834,  1036.8085      
# span 22 =         12,       6344      
# span 23 = 0.0000e+00, 0.0000e+00      
# interval = decibars: 1                
# start_time = Jul 26 2025 12:08:57 [NMEA time, header]
# bad_flag = -9.990e-29
*END*
[from data line 2536]
   36.25544  -66.59868     4.8026   3.392298    35.0215   1425.043   1409.776     4.7972   3.390471    35.0061    88.7625    -0.0005       0.66 2.1321e-03     5.3676    233.251     5.7192 -7.4937500 1.6165e+03          1  1034.2235  1034.2122         27 0.0000e+00
   36.25544  -66.59870     4.8109   3.393070    35.0223   1424.011   1408.758     4.8084   3.391490    35.0066    88.7625    -0.0009       0.70 2.1867e-03     5.3661    233.184     5.7195 -7.4937500 1.6202e+03          1  1034.2181  1034.2063         25 0.0000e+00
   36.25544  -66.59870     4.8108   3.393019    35.0223   1423.011   1407.773     4.8137   3.391956    35.0070    88.7625     0.0023       0.77 2.2954e-03     5.3683    233.282     5.7241 -7.4937500 1.6227e+03          1  1034.2137  1034.2013         22 0.0000e+00
   36.25544  -66.59870     4.8133   3.393185    35.0221   1422.013   1406.788     4.8115   3.391725    35.0071    88.7614     0.0076       0.65 2.3273e-03     5.3648    233.127     5.7214 -7.4937500 1.6262e+03          1  1034.2087  1034.1972         22 0.0000e+00
   36.25544  -66.59870     4.8124   3.392981    35.0211   1421.023   1405.812     4.8117   3.391649    35.0066    88.7602    -0.0004       0.64 2.3097e-03     5.3641    233.096     5.7167 -7.4937500 1.6304e+03          1  1034.2036  1034.1923         20 0.0000e+00
   36.25544  -66.59870     4.8118   3.392872    35.0210   1420.010   1404.814     4.8116   3.391572    35.0062    88.7519     0.0018       0.58 2.3625e-03     5.3633    233.063     5.7120 -7.4937500 1.6359e+03          1  1034.1991  1034.1875         20 0.0000e+00
   36.25544  -66.59870     4.8112   3.392773    35.0209   1418.982   1403.799     4.8109   3.391455    35.0061    88.7625     0.0026       0.77 2.3433e-03     5.3618    232.999     5.7059 -7.4937500 1.6410e+03          1  1034.1945  1034.1829         22 0.0000e+00
   36.25544  -66.59870     4.8105   3.392663    35.0209   1417.981   1402.813     4.8101   3.391334    35.0060    88.7651     0.0071       0.81 2.3534e-03     5.3537    232.645     5.7032 -7.4937500 1.6473e+03          1  1034.1900  1034.1784         27 0.0000e+00
   36.25544  -66.59871     4.8090   3.392497    35.0210   1416.988   1401.834     4.8093   3.391242    35.0063    88.7648     0.0018       0.73 2.3390e-03     5.3594    232.891     5.7100 -7.4937500 1.6547e+03          1  1034.1859  1034.1743         30 0.0000e+00
   36.25544  -66.59872     4.8084   3.392354    35.0205   1416.003   1400.863     4.8085   3.391141    35.0064    88.7625    -0.0055       0.61 2.2851e-03     5.3492    232.452     5.7009 -7.4937500 1.6620e+03          1  1034.1811  1034.1701         25 0.0000e+00
   36.25544  -66.59872     4.8079   3.392241    35.0202   1414.996   1399.870     4.8080   3.390987    35.0057    88.7625     0.0057       0.60 2.2815e-03     5.3530    232.614     5.7157 -7.4937500 1.6674e+03          1  1034.1765  1034.1651         23 0.0000e+00
   36.25544  -66.59872     4.8078   3.392202    35.0204   1413.977   1398.865     4.8072   3.390861    35.0055    88.7615    -0.0013       0.73 2.3120e-03     5.3568    232.782     5.7169 -7.4923565 1.6719e+03          1  1034.1720  1034.1605         23 0.0000e+00
   36.25544  -66.59872     4.8070   3.392071    35.0201   1412.989   1397.891     4.8067   3.390747    35.0053    88.7625     0.0150       0.63 2.2954e-03     5.3555    232.725     5.7105 -7.4937500 1.6751e+03          1  1034.1675  1034.1559         22 0.0000e+00
   36.25544  -66.59874     4.8062   3.391933    35.0198   1412.029   1396.944     4.8064   3.390679    35.0053    88.7614     0.0096       0.75 2.3273e-03     5.3584    232.849     5.7031 -7.4937500 1.6782e+03          1  1034.1631  1034.1516         22 0.0000e+00
   36.25544  -66.59874     4.8060   3.391869    35.0198   1411.011   1395.941     4.8062   3.390618    35.0052    88.7614     0.0010       0.78 2.3441e-03     5.3531    232.621     5.7025 -7.4937500 1.6818e+03          1  1034.1585  1034.1470         21 0.0000e+00
   36.25545  -66.59874     4.8059   3.391796    35.0196   1410.000   1394.944     4.8060   3.390534    35.0049    88.7625    -0.0007       0.74 2.3776e-03     5.3541    232.661     5.7044 -7.4937500 1.6867e+03          1  1034.1538  1034.1423         21 0.0000e+00
   36.25546  -66.59874     4.8059   3.391747    35.0195   1409.018   1393.976     4.8074   3.390599    35.0047    88.7615    -0.0037       0.78 2.4447e-03     5.3607    232.952     5.7137 -7.4937500 1.6916e+03          1  1034.1493  1034.1375         24 0.0000e+00
   36.25546  -66.59874     4.8070   3.391816    35.0196   1408.017   1392.989     4.8098   3.390777    35.0048    88.7616    -0.0042       0.77 2.4221e-03     5.3605    232.939     5.7128 -7.4937500 1.6972e+03          1  1034.1447  1034.1327         26 0.0000e+00
   36.25546  -66.59874     4.8110   3.392161    35.0199   1407.047   1392.032     4.8120   3.390981    35.0053    88.7625     0.0025      23.64 2.7625e-03     5.3567    232.778     5.7146 -7.4937500 1.7022e+03          1  1034.1400  1034.1284         26 0.0000e+00
   36.25546  -66.59874     4.8139   3.392383    35.0199   1406.046   1391.045     4.8137   3.391103    35.0054    88.7616     0.0061       0.70 2.8917e-03     5.3573    232.803     5.7212 -7.4937500 1.7071e+03          1  1034.1351  1034.1237         25 0.0000e+00
   36.25546  -66.59876     4.8149   3.392458    35.0203   1405.048   1390.061     4.8154   3.391229    35.0055    88.7527    -0.0006       0.79 2.6209e-03     5.3558    232.734     5.7169 -7.4924145 1.7128e+03          1  1034.1307  1034.1191         24 0.0000e+00
   36.25546  -66.59876     4.8197   3.392857    35.0203   1404.046   1389.073     4.8230   3.391846    35.0052    88.7593     0.0023       0.63 2.5995e-03     5.3536    232.642     5.7073 -7.4937500 1.7171e+03          1  1034.1255  1034.1132         22 0.0000e+00
   36.25546  -66.59876     4.8209   3.392909    35.0201   1403.024   1388.065     4.8286   3.392312    35.0053    88.7615     0.0038       0.74 2.5571e-03     5.3588    232.868     5.7092 -7.4937500 1.7207e+03          1  1034.1206  1034.1079         23 0.0000e+00
   36.25546  -66.59876     4.8243   3.393206    35.0205   1402.031   1387.086     4.8283   3.392283    35.0058    88.7625     0.0092       0.58 2.5475e-03     5.3565    232.769     5.7070 -7.4937500 1.7229e+03          1  1034.1159  1034.1038         24 0.0000e+00
   36.25546  -66.59876     4.8286   3.393536    35.0203   1400.987   1386.057     4.8296   3.392363    35.0058    88.7625    -0.0006       0.59 2.4888e-03     5.3536    232.643     5.7121 -7.4937500 1.7246e+03          1  1034.1105  1034.0990         24 0.0000e+00
   36.25546  -66.59877     4.8309   3.393698    35.0203   1399.992   1385.075     4.8317   3.392457    35.0052    88.7614     0.0023       0.62 2.5835e-03     5.3594    232.894     5.7061 -7.4937500 1.7255e+03          1  1034.1056  1034.0937         22 0.0000e+00
   36.25546  -66.59878     4.8314   3.393688    35.0201   1399.006   1384.103     4.8335   3.392587    35.0053    88.7513     0.0102       0.64 2.6030e-03     5.3517    232.558     5.7018 -7.4937500 1.7262e+03          1  1034.1009  1034.0890         23 0.0000e+00
   36.25546  -66.59878     4.8328   3.393756    35.0199   1398.007   1383.118     4.8333   3.392507    35.0051    88.7512    -0.0010      26.50 3.3883e-03     5.3445    232.248     5.7008 -7.4923565 1.7285e+03          1  1034.0961  1034.0844         23 0.0000e+00
   36.25546  -66.59878     4.8334   3.393733    35.0195   1397.007   1382.132     4.8342   3.392515    35.0047    88.7282     0.0027       0.62 2.9594e-03     5.3447    232.256     5.6953 -7.4937500 1.7325e+03          1  1034.0912  1034.0794         24 0.0000e+00
   36.25546  -66.59878     4.8352   3.393828    35.0192   1396.022   1381.161     4.8371   3.392685    35.0041    88.7431     0.0124       0.60 2.8333e-03     5.3423    232.151     5.6988 -7.4937500 1.7368e+03          1  1034.0863  1034.0742         23 0.0000e+00
   36.25546  -66.59878     4.8363   3.393869    35.0191   1395.000   1380.153     4.8376   3.392697    35.0042    88.7390     0.0038       0.69 2.8210e-03     5.3434    232.200     5.6976 -7.4937500 1.7412e+03          1  1034.0814  1034.0695         25 0.0000e+00
   36.25546  -66.59879     4.8369   3.393864    35.0189   1393.978   1379.145     4.8381   3.392660    35.0038    88.7362     0.0135       0.66 2.7644e-03     5.3486    232.424     5.6930 -7.4937500 1.7451e+03          1  1034.0766  1034.0645         25 0.0000e+00
   36.25546  -66.59880     4.8374   3.393836    35.0185   1392.965   1378.146     4.8387   3.392657    35.0036    88.7207    -0.0008       0.60 2.7712e-03     5.3497    232.474     5.6850 -7.4937500 1.7487e+03          1  1034.0717  1034.0597         27 0.0000e+00
   36.25546  -66.59880     4.8392   3.393898    35.0179   1391.996   1377.190     4.8392   3.392645    35.0035    88.7484     0.0076       0.71 2.7079e-03     5.3459    232.307     5.6824 -7.4937500 1.7518e+03          1  1034.0665  1034.0552         25 0.0000e+00
   36.25546  -66.59880     4.8400   3.393915    35.0177   1391.025   1376.233     4.8394   3.392616    35.0034    88.7435    -0.0018       0.54 2.7133e-03     5.3327    231.734     5.6961 -7.4937500 1.7540e+03          1  1034.0619  1034.0507         21 0.0000e+00
   36.25546  -66.59880     4.8396   3.393858    35.0179   1390.025   1375.247     4.8406   3.392651    35.0030    88.7593    -0.0017       0.84 2.7920e-03     5.3395    232.028     5.6950 -7.4937500 1.7552e+03          1  1034.0576  1034.0458         22 0.0000e+00
   36.25546  -66.59880     4.8394   3.393807    35.0180   1389.025   1374.261     4.8430   3.392814    35.0029    88.7496    -0.0030       0.76 2.7856e-03     5.3381    231.969     5.7042 -7.4937500 1.7559e+03          1  1034.0532  1034.0408         20 0.0000e+00
   36.25546  -66.59880     4.8416   3.393945    35.0178   1388.047   1373.297     4.8439   3.392846    35.0028    88.7584     0.0032       0.62 2.8333e-03     5.3359    231.871     5.6995 -7.4937500 1.7576e+03          1  1034.0483  1034.0363         23 0.0000e+00
   36.25546  -66.59881     4.8425   3.393960    35.0175   1387.027   1372.291     4.8451   3.392917    35.0028    88.7399    -0.0017       0.66 2.8291e-03     5.3380    231.966     5.6921 -7.4937500 1.7592e+03          1  1034.0433  1034.0315         26 0.0000e+00
   36.25546  -66.59882     4.8434   3.393990    35.0174   1386.019   1371.297     4.8454   3.392896    35.0028    88.7538     0.0019       0.73 2.8628e-03     5.3374    231.940     5.6926 -7.4937500 1.7626e+03          1  1034.0386  1034.0269         27 0.0000e+00
   36.25546  -66.59882     4.8441   3.394016    35.0175   1385.029   1370.320     4.8460   3.392908    35.0027    88.7508     0.0000       0.68 2.8699e-03     5.3409    232.091     5.6910 -7.4937500 1.7661e+03          1  1034.0341  1034.0223         26 0.0000e+00
   36.25546  -66.59882     4.8477   3.394289    35.0174   1384.014   1369.319     4.8478   3.393020    35.0026    88.7390     0.0006       0.73 2.8947e-03     5.3395    232.028     5.6885 -7.4937500 1.7688e+03          1  1034.0289  1034.0174         23 0.0000e+00
   36.25546  -66.59882     4.8507   3.394511    35.0172   1383.007   1368.326     4.8522   3.393333    35.0022    88.7401     0.0013       0.66 2.8815e-03     5.3330    231.746     5.6899 -7.4937500 1.7713e+03          1  1034.0239  1034.0119         21 0.0000e+00
   36.25547  -66.59882     4.8510   3.394496    35.0173   1381.991   1367.324     4.8564   3.393689    35.0024    88.7465    -0.0010       0.95 2.9206e-03     5.3394    232.024     5.6848 -7.4922931 1.7737e+03          1  1034.0193  1034.0068         22 0.0000e+00
   36.25548  -66.59883     4.8531   3.394634    35.0171   1380.985   1366.333     4.8570   3.393712    35.0025    88.7390    -0.0000      27.93 3.3405e-03     5.3432    232.189     5.6836 -7.4937500 1.7774e+03          1  1034.0143  1034.0023         22 0.0000e+00
   36.25548  -66.59884     4.8550   3.394767    35.0172   1379.982   1365.343     4.8581   3.393769    35.0025    88.7390     0.0061       0.64 3.2693e-03     5.3373    231.936     5.6844 -7.4937500 1.7817e+03          1  1034.0096  1033.9976         24 0.0000e+00
   36.25548  -66.59884     4.8575   3.394940    35.0171   1378.982   1364.357     4.8588   3.393801    35.0026    88.7390     0.0003       0.56 3.0194e-03     5.3333    231.762     5.6835 -7.4937500 1.7849e+03          1  1034.0046  1033.9931         26 0.0000e+00
   36.25548  -66.59884     4.8558   3.394768    35.0174   1377.985   1363.374     4.8581   3.393698    35.0027    88.7473     0.0005       0.55 3.0216e-03     5.3337    231.777     5.6848 -7.4937500 1.7857e+03          1  1034.0006  1033.9888         31 0.0000e+00
   36.25548  -66.59884     4.8592   3.395007    35.0170   1376.995   1362.397     4.8587   3.393690    35.0024    88.7543     0.0108       0.49 3.0023e-03     5.3300    231.616     5.6878 -7.4937500 1.7875e+03          1  1033.9954  1033.9840         23 0.0000e+00
   36.25548  -66.59884     4.8592   3.394965    35.0170   1376.007   1361.424     4.8602   3.393780    35.0023    88.7566    -0.0012       0.82 2.9623e-03     5.3294    231.590     5.6818 -7.4937500 1.7900e+03          1  1033.9909  1033.9793         20 0.0000e+00
   36.25548  -66.59884     4.8599   3.394999    35.0172   1374.990   1360.420     4.8612   3.393824    35.0023    88.7625     0.0036       0.57 2.9977e-03     5.3294    231.593     5.6775 -7.4937500 1.7927e+03          1  1033.9864  1033.9745         20 0.0000e+00
   36.25548  -66.59885     4.8611   3.395050    35.0170   1373.959   1359.403     4.8615   3.393817    35.0024    88.7625     0.0059       0.71 2.9687e-03     5.3300    231.620     5.6812 -7.4937500 1.7929e+03          1  1033.9814  1033.9700         22 0.0000e+00
   36.25548  -66.59886     4.8611   3.395020    35.0171   1372.941   1358.400     4.8618   3.393823    35.0027    88.7453     0.0006       0.75 3.0058e-03     5.3302    231.626     5.6813 -7.4937500 1.7925e+03          1  1033.9769  1033.9655         26 0.0000e+00
   36.25548  -66.59886     4.8616   3.395026    35.0171   1372.029   1357.500     4.8615   3.393747    35.0026    88.7541     0.0016       0.95 2.9951e-03     5.3325    231.727     5.6768 -7.4937500 1.7933e+03          1  1033.9728  1033.9614         28 0.0000e+00
   36.25548  -66.59886     4.8632   3.395151    35.0174   1371.060   1356.545     4.8620   3.393748    35.0026    88.7512    -0.0016       0.56 2.9937e-03     5.3294    231.593     5.6743 -7.4937500 1.7962e+03          1  1033.9684  1033.9569         27 0.0000e+00
   36.25548  -66.59886     4.8639   3.395176    35.0174   1370.071   1355.569     4.8641   3.393910    35.0028    88.7561    -0.0014       0.90 3.0009e-03     5.3284    231.548     5.6736 -7.4937500 1.7984e+03          1  1033.9638  1033.9523         22 0.0000e+00
   36.25548  -66.59886     4.8650   3.395243    35.0176   1369.035   1354.548     4.8674   3.394160    35.0027    88.7593     0.0023       0.74 3.0330e-03     5.3272    231.498     5.6733 -7.4937500 1.8002e+03          1  1033.9591  1033.9471         22 0.0000e+00
   36.25548  -66.59886     4.8680   3.395455    35.0174   1368.013   1353.539     4.8690   3.394245    35.0025    88.7604     0.0056       0.81 3.0330e-03     5.3267    231.474     5.6812 -7.4937500 1.8002e+03          1  1033.9539  1033.9421         22 0.0000e+00
   36.25548  -66.59886     4.8696   3.395541    35.0172   1366.981   1352.522     4.8703   3.394322    35.0025    88.7590     0.0018       0.82 3.0153e-03     5.3252    231.410     5.6876 -7.4937500 1.7986e+03          1  1033.9489  1033.9373         20 0.0000e+00
   36.25548  -66.59887     4.8706   3.395593    35.0172   1366.004   1351.558     4.8722   3.394448    35.0025    88.7497    -0.0007       0.61 3.0169e-03     5.3252    231.410     5.6847 -7.4937500 1.7981e+03          1  1033.9444  1033.9326         22 0.0000e+00
