test_casts/EN695_014_test.cnv
* Sea-Bird SBE 9 Data File:
* FileName = D:\ctd\raw\EN695_014.hdr
* Software Version Seasave V 7.26.7.121
* Temperature SN = 4333
* Conductivity SN = 2459
* Number of Bytes Per Scan = 40
* Number of Voltage Words = 5
* Number of Scans Averaged by the Deck Unit = 1
* NMEA Latitude = 40 41.94 N
* NMEA Longitude = 070 53.14 W
* NMEA UTC (Time) = Jan 14 2023  09:34:14
* NMEA baud rate = 4800
** Ship: R/V Endeavor
** Cruise: EN695
** Principal Investigator: Heidi Sosik
** Chief Scientist: Heidi Sosik
** Project: NES-LTER Transect 12 Winter
** Cruise Start Date: 11 Jan 2023
** Ports: Senesco Shipyard to Senesco Shipyard, North Kingstown, Rhode Island
** Station:  L4
** Bottom Depth: 65
** Operator:
# nquan = 4
# nvalues = 8470                                  
# units = specified
# name 0 = altM: Altimeter [m]
# name 1 = depSM: Depth [salt water, m]
# name 2 = svCM: Sound Velocity [Chen-Millero, m/s]
# name 3 = flag:  0.000e+00
# span 0 =       0.00,      68.35                 
# span 1 =      3.947,     60.778                 
# span 2 =    1484.26,    1493.95                 
# span 3 = 0.0000e+00, 0.0000e+00                 
# interval = seconds: 0.0416667
# start_time = Jan 14 2023 09:34:16 [System UTC, header]
# bad_flag = -9.990e-29
*END*
[from data line 6756]
      60.17      8.605    1484.39  0.000e+00
      60.17      8.605    1484.38  0.000e+00
      60.17      8.539    1484.38  0.000e+00
      60.17      8.539    1484.38  0.000e+00
      60.00      8.539    1484.38  0.000e+00
      59.32      8.482    1484.38  0.000e+00
      59.02      8.539    1484.38  0.000e+00
      59.00      8.482    1484.37  0.000e+00
      59.02      8.482    1484.37  0.000e+00
      59.02      8.416    1484.37  0.000e+00
      58.93      8.416    1484.37  0.000e+00
      58.71      8.416    1484.37  0.000e+00
      58.61      8.358    1484.37  0.000e+00
      58.61      8.358    1484.37  0.000e+00
      58.61      8.358    1484.37  0.000e+00
      58.58      8.301    1484.38  0.000e+00
      58.61      8.235    1484.38  0.000e+00
      58.66      8.219    1484.38  0.000e+00
      58.68      8.235    1484.38  0.000e+00
      58.68      8.235    1484.38  0.000e+00
      58.71      8.112    1484.38  0.000e+00
      58.66      8.112    1484.37  0.000e+00
      58.63      8.112    1484.37  0.000e+00
      58.41      8.112    1484.38  0.000e+00
      58.32      7.988    1484.37  0.000e+00
      58.32      8.054    1484.38  0.000e+00
      58.34      7.988    1484.38  0.000e+00
      58.29      7.931    1484.37  0.000e+00
      58.34      7.931    1484.38  0.000e+00
      58.44      7.931    1484.38  0.000e+00
      58.46      7.873    1484.39  0.000e+00
      58.46      7.873    1484.39  0.000e+00
      58.46      7.873    1484.39  0.000e+00
      58.44      7.808    1484.39  0.000e+00
      58.41      7.807    1484.39  0.000e+00
      58.34      7.807    1484.39  0.000e+00
      58.29      7.750    1484.39  0.000e+00
      58.29      7.750    1484.39  0.000e+00
      58.29      7.750    1484.39  0.000e+00
      58.27      7.684    1484.40  0.000e+00
      58.32      7.750    1484.40  0.000e+00
      58.53      7.569    1484.40  0.000e+00
      58.66      7.791    1484.40  0.000e+00
      58.66      7.684    1484.40  0.000e+00
      58.63      7.627    1484.40  0.000e+00
      58.61      7.627    1484.40  0.000e+00
      58.58      7.684    1484.40  0.000e+00
      58.46      7.627    1484.40  0.000e+00
      58.41      7.627    1484.40  0.000e+00
      58.41      7.627    1484.40  0.000e+00
      58.41      7.627    1484.39  0.000e+00
      58.39      7.627    1484.39  0.000e+00
      58.34      7.569    1484.39  0.000e+00
      58.12      7.627    1484.39  0.000e+00
      58.00      7.627    1484.39  0.000e+00
      58.00      7.569    1484.39  0.000e+00
      58.02      7.627    1484.39  0.000e+00
      58.00      7.569    1484.39  0.000e+00
      58.07      7.627    1484.39  0.000e+00
      58.24      7.627    1484.39  0.000e+00
      58.34      7.627    1484.39  0.000e+00
      58.32      7.627    1484.39  0.000e+00
      58.32      7.569    1484.38  0.000e+00
      58.29      7.627    1484.38  0.000e+00
      58.34      7.627    1484.38  0.000e+00
      58.68      7.569    1484.38  0.000e+00
      58.88      7.627    1484.38  0.000e+00
      58.88      7.627    1484.38  0.000e+00
      58.88      7.569    1484.38  0.000e+00
      58.85      7.626    1484.38  0.000e+00
      58.83      7.610    1484.38  0.000e+00
      58.73      7.626    1484.37  0.000e+00
      58.68      7.569    1484.37  0.000e+00
      58.68      7.626    1484.37  0.000e+00
      58.68      7.626    1484.37  0.000e+00
      58.66      7.569    1484.37  0.000e+00
      58.71      7.626    1484.36  0.000e+00
      58.88      7.569    1484.36  0.000e+00
      58.97      7.569    1484.35  0.000e+00
      58.97      7.626    1484.36  0.000e+00
      58.95      7.569    1484.35  0.000e+00
      58.95      7.569    1484.35  0.000e+00
      59.02      7.569    1484.35  0.000e+00
      59.29      7.569    1484.35  0.000e+00
      59.41      7.569    1484.35  0.000e+00
      59.41      7.569    1484.36  0.000e+00
      59.41      7.503    1484.36  0.000e+00
      59.39      7.503    1484.35  0.000e+00
      59.37      7.569    1484.36  0.000e+00
      59.27      7.503    1484.35  0.000e+00
      59.24      7.503    1484.35  0.000e+00
      59.24      7.503    1484.35  0.000e+00
      59.24      7.445    1484.35  0.000e+00
      59.22      7.445    1484.35  0.000e+00
      59.24      7.445    1484.35  0.000e+00
      59.51      7.380    1484.35  0.000e+00
      59.76      7.445    1484.35  0.000e+00
      59.80      7.380    1484.35  0.000e+00
      59.80      7.445    1484.35  0.000e+00
      59.78      7.322    1484.35  0.000e+00
      59.78      7.322    1484.34  0.000e+00
      59.71      7.429    1484.35  0.000e+00
      59.68      7.322    1484.34  0.000e+00
      59.68      7.322    1484.34  0.000e+00
      59.66      7.322    1484.34  0.000e+00
      59.63      7.322    1484.35  0.000e+00
      59.56      7.265    1484.35  0.000e+00
      59.37      7.199    1484.35  0.000e+00
      59.32      7.265    1484.35  0.000e+00
      59.32      7.199    1484.35  0.000e+00
      59.29      7.199    1484.35  0.000e+00
      59.29      7.141    1484.35  0.000e+00
      59.37      7.141    1484.35  0.000e+00
      59.54      7.076    1484.36  0.000e+00
      59.61      7.018    1484.35  0.000e+00
      59.58      7.018    1484.35  0.000e+00
      59.58      6.952    1484.35  0.000e+00
      59.56      6.952    1484.35  0.000e+00
      59.61      6.952    1484.35  0.000e+00
      59.68      6.837    1484.34  0.000e+00
      59.71      6.837    1484.34  0.000e+00
      59.71      6.771    1484.34  0.000e+00
      59.71      6.714    1484.34  0.000e+00
      59.68      6.714    1484.34  0.000e+00
      59.78      6.648    1484.35  0.000e+00
      59.98      6.591    1484.35  0.000e+00
      60.07      6.591    1484.35  0.000e+00
      60.07      6.533    1484.35  0.000e+00
      60.07      6.533    1484.35  0.000e+00
      60.02      6.410    1484.35  0.000e+00
      60.07      6.410    1484.35  0.000e+00
      60.15      6.286    1484.35  0.000e+00
      60.17      6.286    1484.35  0.000e+00
      60.17      6.221    1484.34  0.000e+00
      60.17      6.163    1484.34  0.000e+00
      60.15      6.163    1484.34  0.000e+00
      60.17      6.106    1484.34  0.000e+00
      60.29      6.040    1484.34  0.000e+00
      60.34      5.982    1484.33  0.000e+00
      60.37      5.916    1484.33  0.000e+00
      60.34      5.916    1484.33  0.000e+00
      60.32      5.859    1484.33  0.000e+00
      60.39      5.801    1484.33  0.000e+00
      60.51      5.801    1484.33  0.000e+00
      60.56      5.736    1484.33  0.000e+00
      60.59      5.678    1484.32  0.000e+00
      60.56      5.678    1484.33  0.000e+00
      60.54      5.555    1484.32  0.000e+00
      60.76      5.612    1484.32  0.000e+00
      61.17      5.555    1484.32  0.000e+00
      61.34      5.497    1484.32  0.000e+00
      61.34      5.497    1484.32  0.000e+00
      61.32      5.497    1484.32  0.000e+00
      61.29      5.431    1484.32  0.000e+00
      61.34      5.374    1484.32  0.000e+00
      61.39      5.374    1484.32  0.000e+00
      61.44      5.308    1484.32  0.000e+00
      61.44      5.374    1484.32  0.000e+00
      61.44      5.431    1484.32  0.000e+00
      61.42      5.251    1484.32  0.000e+00
      61.59      5.374    1484.32  0.000e+00
      62.12      5.308    1484.32  0.000e+00
      62.32      5.308    1484.32  0.000e+00
      62.32      5.251    1484.32  0.000e+00
      62.32      5.308    1484.32  0.000e+00
      62.27      5.308    1484.32  0.000e+00
      62.30      5.308    1484.32  0.000e+00
      62.32      5.308    1484.32  0.000e+00
      62.34      5.251    1484.32  0.000e+00
      62.32      5.308    1484.32  0.000e+00
      62.34      5.308    1484.32  0.000e+00
      62.32      5.308    1484.32  0.000e+00
      62.39      5.308    1484.32  0.000e+00
      62.74      5.308    1484.32  0.000e+00
      62.88      5.308    1484.32  0.000e+00
      62.88      5.374    1484.32  0.000e+00
      62.88      5.308    1484.32  0.000e+00
      62.83      5.374    1484.33  0.000e+00
      62.95      5.308    1484.32  0.000e+00
      63.27      5.374    1484.32  0.000e+00
      63.39      5.431    1484.33  0.000e+00
      63.42      5.374    1484.32  0.000e+00
      63.39      5.431    1484.32  0.000e+00
      63.37      5.431    1484.32  0.000e+00
      63.42      5.431    1484.32  0.000e+00
      63.52      5.497    1484.32  0.000e+00
      63.57      5.431    1484.33  0.000e+00
      63.57      5.497    1484.33  0.000e+00
      63.54      5.497    1484.33  0.000e+00
      63.54      5.555    1484.33  0.000e+00
      63.66      5.555    1484.33  0.000e+00
      64.13      5.555    1484.33  0.000e+00
      64.30      5.612    1484.33  0.000e+00
      64.32      5.612    1484.33  0.000e+00
      64.30      5.612    1484.33  0.000e+00
      64.27      5.612    1484.33  0.000e+00
      64.37      5.735    1484.33  0.000e+00
      64.74      5.678    1484.33  0.000e+00
      64.86      5.678    1484.33  0.000e+00
      64.86      5.735    1484.33  0.000e+00
      64.86      5.735    1484.33  0.000e+00
      64.84      5.735    1484.33  0.000e+00
      65.03      5.735    1484.33  0.000e+00
      65.79      5.801    1484.33  0.000e+00
      66.11      5.801    1484.33  0.000e+00
      66.11      5.801    1484.33  0.000e+00
      66.08      5.859    1484.33  0.000e+00
      66.03      5.859    1484.33  0.000e+00
      65.91      5.859    1484.33  0.000e+00
      65.40      5.916    1484.33  0.000e+00
      65.18      5.916    1484.33  0.000e+00
      65.18      5.916    1484.33  0.000e+00
      65.18      5.982    1484.33  0.000e+00
      65.18      5.982    1484.32  0.000e+00
      65.20      5.982    1484.32  0.000e+00
      65.37      6.040    1484.32  0.000e+00
      65.45      6.040    1484.32  0.000e+00
      65.42      6.040    1484.32  0.000e+00
      65.42      6.105    1484.32  0.000e+00
      65.40      6.105    1484.32  0.000e+00
      65.42      6.105    1484.33  0.000e+00
      65.49      6.163    1484.33  0.000e+00
      65.67      6.163    1484.34  0.000e+00
      65.71      6.163    1484.34  0.000e+00
      65.71      6.220    1484.34  0.000e+00
      65.69      6.220    1484.35  0.000e+00
      65.67      6.220    1484.35  0.000e+00
      64.71      6.286    1484.34  0.000e+00
      63.91      6.286    1484.34  0.000e+00
      63.74      6.286    1484.33  0.000e+00
      63.79      6.344    1484.33  0.000e+00
      63.79      6.344    1484.33  0.000e+00
      63.52      6.344    1484.33  0.000e+00
      62.74      6.344    1484.32  0.000e+00
      62.47      6.409    1484.33  0.000e+00
      62.47      6.409    1484.32  0.000e+00
      62.52      6.409    1484.32  0.000e+00
      62.47      6.467    1484.33  0.000e+00
      62.37      6.409    1484.33  0.000e+00
      62.08      6.467    1484.33  0.000e+00
      61.98      6.467    1484.33  0.000e+00
      61.95      6.467    1484.33  0.000e+00
      61.98      6.533    1484.33  0.000e+00
      61.95      6.467    1484.33  0.000e+00
      61.78      6.533    1484.33  0.000e+00
      61.10      6.467    1484.33  0.000e+00
      60.83      6.533    1484.33  0.000e+00
      60.81      6.533    1484.33  0.000e+00
      60.83      6.533    1484.33  0.000e+00
      60.83      6.533    1484.33  0.000e+00
      60.83      6.533    1484.33  0.000e+00
      60.88      6.533    1484.33  0.000e+00
      60.90      6.533    1484.33  0.000e+00
      60.93      6.533    1484.33  0.000e+00
      60.90      6.590    1484.33  0.000e+00
      60.90      6.533    1484.33  0.000e+00
      60.76      6.533    1484.33  0.000e+00
      60.32      6.590    1484.33  0.000e+00
      60.15      6.533    1484.34  0.000e+00
      60.15      6.533    1484.34  0.000e+00
      60.17      6.590    1484.34  0.000e+00
      60.15      6.590    1484.34  0.000e+00
      60.07      6.533    1484.34  0.000e+00
      59.80      6.533    1484.34  0.000e+00
      59.73      6.590    1484.34  0.000e+00
      59.71      6.533    1484.34  0.000e+00
      59.71      6.590    1484.34  0.000e+00
      59.71      6.533    1484.34  0.000e+00
      59.61      6.590    1484.34  0.000e+00
      59.34      6.533    1484.34  0.000e+00
      59.22      6.533    1484.34  0.000e+00
      59.24      6.590    1484.34  0.000e+00
      59.24      6.533    1484.34  0.000e+00
      59.22      6.533    1484.34  0.000e+00
      59.19      6.590    1484.34  0.000e+00
      59.17      6.533    1484.34  0.000e+00
      59.15      6.533    1484.34  0.000e+00
      59.15      6.533    1484.34  0.000e+00
      59.15      6.533    1484.34  0.000e+00
      59.12      6.590    1484.34  0.000e+00
      59.10      6.533    1484.34  0.000e+00
      59.05      6.409    1484.34  0.000e+00
      59.05      6.574    1484.34  0.000e+00
      59.05      6.590    1484.34  0.000e+00
      59.02      6.467    1484.34  0.000e+00
      59.02      6.467    1484.34  0.000e+00
      59.02      6.533    1484.34  0.000e+00
      59.00      6.533    1484.34  0.000e+00
      59.00      6.467    1484.34  0.000e+00
      59.00      6.467    1484.34  0.000e+00
      59.00      6.533    1484.34  0.000e+00
      59.00      6.533    1484.34  0.000e+00
      58.95      6.467    1484.34  0.000e+00
      58.75      6.467    1484.34  0.000e+00
      58.68      6.467    1484.34  0.000e+00
      58.68      6.467    1484.34  0.000e+00
      58.68      6.467    1484.34  0.000e+00
      58.68      6.533    1484.34  0.000e+00
      58.73      6.467    1484.34  0.000e+00
      58.95      6.467    1484.34  0.000e+00
      59.02      6.467    1484.34  0.000e+00
      59.02      6.467    1484.34  0.000e+00
      59.00      6.467    1484.34  0.000e+00
      59.00      6.467    1484.34  0.000e+00
      58.93      6.467    1484.34  0.000e+00
      58.61      6.467    1484.34  0.000e+00
      58.51      6.467    1484.34  0.000e+00
      58.49      6.467    1484.34  0.000e+00
      58.49      6.467    1484.34  0.000e+00
      58.49      6.467    1484.34  0.000e+00
      58.53      6.467    1484.34  0.000e+00
      58.71      6.533    1484.34  0.000e+00
      58.73      6.467    1484.34  0.000e+00
      58.75      6.467    1484.34  0.000e+00
      58.73      6.467    1484.34  0.000e+00
      58.71      6.467    1484.34  0.000e+00
      58.75      6.533    1484.35  0.000e+00
      58.88      6.409    1484.35  0.000e+00
      58.93      6.533    1484.35  0.000e+00
      58.95      6.467    1484.35  0.000e+00
      58.93      6.533    1484.35  0.000e+00
      58.90      6.533    1484.35  0.000e+00
      58.88      6.467    1484.35  0.000e+00
      58.73      6.467    1484.35  0.000e+00
      58.68      6.533    1484.35  0.000e+00
      58.68      6.533    1484.35  0.000e+00
      58.68      6.533    1484.35  0.000e+00
      58.66      6.467    1484.35  0.000e+00
      58.68      6.533    1484.35  0.000e+00
      58.71      6.533    1484.35  0.000e+00
      58.75      6.532    1484.35  0.000e+00
      58.75      6.590    1484.35  0.000e+00
      58.75      6.532    1484.35  0.000e+00
      58.73      6.532    1484.35  0.000e+00
      58.78      6.532    1484.35  0.000e+00
      58.90      6.590    1484.35  0.000e+00
      58.97      6.532    1484.35  0.000e+00
      58.97      6.532    1484.35  0.000e+00
      58.95      6.590    1484.35  0.000e+00
      58.95      6.590    1484.35  0.000e+00
      58.95      6.532    1484.35  0.000e+00
      58.95      6.590    1484.35  0.000e+00
      58.95      6.590    1484.35  0.000e+00
      58.95      6.532    1484.35  0.000e+00
      58.97      6.590    1484.35  0.000e+00
      58.95      6.590    1484.35  0.000e+00
      58.95      6.590    1484.35  0.000e+00
      59.00      6.590    1484.35  0.000e+00
      59.02      6.648    1484.35  0.000e+00
      59.05      6.590    1484.35  0.000e+00
      59.05      6.532    1484.35  0.000e+00
      59.02      6.648    1484.35  0.000e+00
      59.02      6.590    1484.35  0.000e+00
      59.07      6.590    1484.35  0.000e+00
      59.12      6.590    1484.35  0.000e+00
