test_casts/EN695_012_test.cnv
* Sea-Bird SBE 9 Data File:
* FileName = D:\ctd\raw\EN695_012.hdr
* Software Version Seasave V 7.26.7.121
* Temperature SN = 4333
* Conductivity SN = 2459
* Number of Bytes Per Scan = 40
* Number of Voltage Words = 5
* Number of Scans Averaged by the Deck Unit = 1
* NMEA Latitude = 40 41.59 N
* NMEA Longitude = 070 46.55 W
* NMEA UTC (Time) = Jan 14 2023  06:14:22
* NMEA baud rate = 4800
** Ship: R/V Endeavor
** Cruise: EN695
** Principal Investigator: Heidi Sosik
** Chief Scientist: Heidi Sosik
** Project: NES-LTER Transect 12 Winter
** Cruise Start Date: 11 Jan 2023
** Ports: Senesco Shipyard to Senesco Shipyard, North Kingstown, Rhode Island
** Station:  u4a
** Bottom Depth: 66
** Operator:
# nquan = 4
# nvalues = 7026                                  
# units = specified
# name 0 = altM: Altimeter [m]
# name 1 = depSM: Depth [salt water, m]
# name 2 = svCM: Sound Velocity [Chen-Millero, m/s]
# name 3 = flag:  0.000e+00
# span 0 =       5.49,      85.40                 
# span 1 =      2.915,     59.730                 
# span 2 =    1482.85,    1485.98                 
# span 3 = 0.0000e+00, 0.0000e+00                 
# interval = seconds: 0.0416667
# start_time = Jan 14 2023 06:14:24 [System UTC, header]
# bad_flag = -9.990e-29
*END*
[from data line 3912]
       6.32     59.549    1485.73  0.000e+00
       6.30     59.549    1485.76  0.000e+00
       6.30     59.615    1485.79  0.000e+00
       6.32     59.549    1485.83  0.000e+00
       6.25     59.672    1485.85  0.000e+00
       6.11     59.615    1485.88  0.000e+00
       6.06     59.672    1485.91  0.000e+00
       6.03     59.681    1485.94  0.000e+00
       6.03     59.672    1485.95  0.000e+00
       6.03     59.730    1485.96  0.000e+00
       5.98     59.672    1485.96  0.000e+00
       5.81     59.672    1485.96  0.000e+00
       5.74     59.730    1485.96  0.000e+00
       5.74     59.730    1485.96  0.000e+00
       5.76     59.730    1485.97  0.000e+00
       5.76     59.672    1485.97  0.000e+00
       5.71     59.730    1485.98  0.000e+00
       5.59     59.680    1485.98  0.000e+00
       5.54     59.672    1485.97  0.000e+00
       5.54     59.730    1485.97  0.000e+00
       5.54     59.615    1485.95  0.000e+00
       5.54     59.672    1485.93  0.000e+00
       5.54     59.615    1485.90  0.000e+00
       5.52     59.615    1485.88  0.000e+00
       5.52     59.549    1485.88  0.000e+00
       5.49     59.614    1485.88  0.000e+00
       5.49     59.549    1485.89  0.000e+00
       5.49     59.557    1485.90  0.000e+00
       5.49     59.491    1485.90  0.000e+00
       5.52     59.491    1485.90  0.000e+00
       5.54     59.425    1485.90  0.000e+00
       5.54     59.425    1485.89  0.000e+00
       5.54     59.425    1485.87  0.000e+00
       5.52     59.368    1485.86  0.000e+00
       5.57     59.368    1485.85  0.000e+00
       5.67     59.302    1485.82  0.000e+00
       5.71     59.302    1485.79  0.000e+00
       5.71     59.244    1485.75  0.000e+00
       5.69     59.195    1485.72  0.000e+00
       5.69     59.244    1485.69  0.000e+00
       5.71     59.121    1485.64  0.000e+00
       5.76     59.121    1485.61  0.000e+00
       5.79     59.063    1485.60  0.000e+00
       5.79     59.063    1485.59  0.000e+00
       5.79     59.063    1485.55  0.000e+00
       5.79     58.940    1485.52  0.000e+00
       5.84     58.940    1485.51  0.000e+00
       5.98     58.940    1485.49  0.000e+00
       6.03     58.816    1485.48  0.000e+00
       6.06     58.816    1485.47  0.000e+00
       6.03     58.767    1485.44  0.000e+00
       6.03     58.759    1485.41  0.000e+00
       6.08     58.693    1485.39  0.000e+00
       6.15     58.693    1485.37  0.000e+00
       6.18     58.635    1485.36  0.000e+00
       6.18     58.570    1485.35  0.000e+00
       6.18     58.570    1485.34  0.000e+00
       6.18     58.512    1485.33  0.000e+00
       6.23     58.512    1485.32  0.000e+00
       6.37     58.454    1485.31  0.000e+00
       6.42     58.389    1485.31  0.000e+00
       6.42     58.331    1485.30  0.000e+00
       6.42     58.389    1485.30  0.000e+00
       6.42     58.339    1485.30  0.000e+00
       6.45     58.265    1485.30  0.000e+00
       6.57     58.265    1485.30  0.000e+00
       6.62     58.142    1485.29  0.000e+00
       6.62     58.208    1485.29  0.000e+00
       6.59     58.142    1485.29  0.000e+00
       6.59     58.142    1485.29  0.000e+00
       6.64     58.084    1485.29  0.000e+00
       6.76     58.084    1485.29  0.000e+00
       6.84     58.027    1485.29  0.000e+00
       6.84     57.961    1485.29  0.000e+00
       6.84     57.961    1485.28  0.000e+00
       6.81     57.961    1485.28  0.000e+00
       6.86     57.961    1485.28  0.000e+00
       6.96     57.837    1485.28  0.000e+00
       7.01     57.911    1485.28  0.000e+00
       6.98     57.903    1485.28  0.000e+00
       6.98     57.837    1485.28  0.000e+00
       6.98     57.837    1485.28  0.000e+00
       7.01     57.837    1485.28  0.000e+00
       7.11     57.837    1485.28  0.000e+00
       7.16     57.780    1485.28  0.000e+00
       7.16     57.780    1485.28  0.000e+00
       7.16     57.780    1485.28  0.000e+00
       7.16     57.656    1485.27  0.000e+00
       7.18     57.722    1485.27  0.000e+00
       7.25     57.722    1485.27  0.000e+00
       7.25     57.656    1485.27  0.000e+00
       7.28     57.599    1485.27  0.000e+00
       7.28     57.599    1485.27  0.000e+00
       7.25     57.656    1485.27  0.000e+00
       7.28     57.533    1485.27  0.000e+00
       7.35     57.607    1485.27  0.000e+00
       7.40     57.599    1485.27  0.000e+00
       7.42     57.533    1485.27  0.000e+00
       7.42     57.599    1485.27  0.000e+00
       7.40     57.599    1485.28  0.000e+00
       7.42     57.533    1485.28  0.000e+00
       7.50     57.599    1485.28  0.000e+00
       7.50     57.599    1485.29  0.000e+00
       7.50     57.599    1485.29  0.000e+00
       7.50     57.599    1485.29  0.000e+00
       7.50     57.599    1485.29  0.000e+00
       7.52     57.599    1485.29  0.000e+00
       7.50     57.599    1485.29  0.000e+00
       7.50     57.599    1485.29  0.000e+00
       7.52     57.656    1485.29  0.000e+00
       7.52     57.656    1485.28  0.000e+00
       7.52     57.598    1485.28  0.000e+00
       7.50     57.664    1485.28  0.000e+00
       7.52     57.656    1485.28  0.000e+00
       7.55     57.656    1485.28  0.000e+00
       7.55     57.722    1485.28  0.000e+00
       7.52     57.722    1485.28  0.000e+00
       7.55     57.656    1485.28  0.000e+00
       7.52     57.779    1485.28  0.000e+00
       7.52     57.722    1485.28  0.000e+00
       7.52     57.779    1485.28  0.000e+00
       7.52     57.779    1485.28  0.000e+00
       7.50     57.837    1485.28  0.000e+00
       7.50     57.779    1485.28  0.000e+00
       7.52     57.837    1485.28  0.000e+00
       7.52     57.837    1485.28  0.000e+00
       7.52     57.903    1485.28  0.000e+00
       7.52     57.837    1485.28  0.000e+00
       7.52     57.960    1485.28  0.000e+00
       7.52     57.911    1485.29  0.000e+00
       7.52     57.960    1485.29  0.000e+00
       7.47     57.960    1485.29  0.000e+00
       7.47     57.960    1485.29  0.000e+00
       7.47     58.026    1485.30  0.000e+00
       7.47     58.026    1485.31  0.000e+00
       7.47     58.084    1485.31  0.000e+00
       7.45     58.026    1485.31  0.000e+00
       7.42     58.026    1485.32  0.000e+00
       7.40     58.141    1485.32  0.000e+00
       7.40     58.083    1485.32  0.000e+00
       7.42     58.141    1485.32  0.000e+00
       7.42     58.141    1485.32  0.000e+00
       7.40     58.141    1485.32  0.000e+00
       7.40     58.141    1485.32  0.000e+00
       7.40     58.157    1485.33  0.000e+00
       7.40     58.207    1485.33  0.000e+00
       7.40     58.141    1485.33  0.000e+00
       7.40     58.207    1485.33  0.000e+00
       7.37     58.207    1485.34  0.000e+00
       7.28     58.207    1485.34  0.000e+00
       7.23     58.264    1485.34  0.000e+00
       7.23     58.207    1485.34  0.000e+00
       7.23     58.207    1485.34  0.000e+00
       7.25     58.264    1485.34  0.000e+00
       7.23     58.207    1485.34  0.000e+00
       7.20     58.264    1485.34  0.000e+00
       7.20     58.264    1485.34  0.000e+00
       7.18     58.207    1485.34  0.000e+00
       7.20     58.264    1485.34  0.000e+00
       7.18     58.215    1485.34  0.000e+00
       7.18     58.141    1485.33  0.000e+00
       7.13     58.207    1485.34  0.000e+00
       7.11     58.207    1485.34  0.000e+00
       7.11     58.207    1485.34  0.000e+00
       7.11     58.207    1485.34  0.000e+00
       7.11     58.207    1485.34  0.000e+00
       7.11     58.141    1485.33  0.000e+00
       7.13     58.141    1485.32  0.000e+00
       7.16     58.207    1485.31  0.000e+00
       7.16     58.083    1485.31  0.000e+00
       7.16     58.141    1485.31  0.000e+00
       7.16     58.141    1485.30  0.000e+00
       7.16     58.026    1485.30  0.000e+00
       7.18     58.091    1485.30  0.000e+00
       7.18     58.026    1485.30  0.000e+00
       7.18     58.026    1485.30  0.000e+00
       7.20     58.026    1485.30  0.000e+00
       7.18     57.960    1485.30  0.000e+00
       7.18     58.026    1485.30  0.000e+00
       7.23     57.960    1485.30  0.000e+00
       7.23     57.960    1485.30  0.000e+00
       7.23     57.902    1485.30  0.000e+00
       7.25     57.902    1485.30  0.000e+00
       7.23     57.960    1485.30  0.000e+00
       7.25     57.836    1485.29  0.000e+00
       7.30     57.836    1485.29  0.000e+00
       7.35     57.836    1485.29  0.000e+00
       7.33     57.836    1485.29  0.000e+00
       7.35     57.779    1485.29  0.000e+00
       7.33     57.729    1485.29  0.000e+00
       7.37     57.721    1485.29  0.000e+00
       7.47     57.721    1485.29  0.000e+00
       7.52     57.721    1485.29  0.000e+00
       7.52     57.598    1485.29  0.000e+00
       7.52     57.655    1485.29  0.000e+00
       7.52     57.598    1485.29  0.000e+00
       7.55     57.598    1485.29  0.000e+00
       7.57     57.598    1485.29  0.000e+00
       7.59     57.474    1485.28  0.000e+00
       7.62     57.532    1485.28  0.000e+00
       7.59     57.532    1485.28  0.000e+00
       7.59     57.409    1485.28  0.000e+00
       7.62     57.409    1485.28  0.000e+00
       7.77     57.409    1485.28  0.000e+00
       7.81     57.351    1485.27  0.000e+00
       7.81     57.409    1485.27  0.000e+00
       7.79     57.293    1485.27  0.000e+00
       7.79     57.302    1485.27  0.000e+00
       7.81     57.293    1485.27  0.000e+00
       7.89     57.228    1485.27  0.000e+00
       7.94     57.170    1485.27  0.000e+00
       7.94     57.228    1485.27  0.000e+00
       7.91     57.170    1485.27  0.000e+00
       7.91     57.104    1485.27  0.000e+00
       7.94     57.170    1485.27  0.000e+00
       8.03     57.104    1485.27  0.000e+00
       8.06     57.047    1485.27  0.000e+00
       8.06     57.104    1485.27  0.000e+00
       8.06     56.981    1485.26  0.000e+00
       8.03     56.981    1485.26  0.000e+00
       8.06     57.047    1485.26  0.000e+00
       8.16     56.923    1485.26  0.000e+00
       8.21     56.981    1485.26  0.000e+00
       8.18     56.866    1485.26  0.000e+00
       8.18     56.866    1485.26  0.000e+00
       8.18     56.923    1485.26  0.000e+00
       8.21     56.800    1485.26  0.000e+00
       8.30     56.866    1485.26  0.000e+00
       8.33     56.800    1485.26  0.000e+00
       8.33     56.808    1485.26  0.000e+00
       8.33     56.742    1485.26  0.000e+00
       8.33     56.800    1485.26  0.000e+00
       8.35     56.676    1485.26  0.000e+00
       8.40     56.742    1485.26  0.000e+00
       8.45     56.742    1485.26  0.000e+00
       8.45     56.676    1485.26  0.000e+00
       8.45     56.619    1485.25  0.000e+00
       8.45     56.676    1485.26  0.000e+00
       8.47     56.619    1485.25  0.000e+00
       8.52     56.561    1485.25  0.000e+00
       8.55     56.619    1485.25  0.000e+00
       8.55     56.561    1485.25  0.000e+00
       8.55     56.561    1485.25  0.000e+00
       8.55     56.561    1485.25  0.000e+00
       8.57     56.561    1485.25  0.000e+00
       8.62     56.561    1485.25  0.000e+00
       8.67     56.495    1485.25  0.000e+00
       8.67     56.495    1485.25  0.000e+00
       8.67     56.495    1485.25  0.000e+00
       8.64     56.495    1485.25  0.000e+00
       8.67     56.495    1485.25  0.000e+00
       8.72     56.438    1485.25  0.000e+00
       8.74     56.495    1485.25  0.000e+00
       8.74     56.438    1485.25  0.000e+00
       8.74     56.438    1485.25  0.000e+00
       8.74     56.438    1485.25  0.000e+00
       8.74     56.372    1485.25  0.000e+00
       8.77     56.569    1485.26  0.000e+00
       8.77     56.372    1485.25  0.000e+00
       8.77     56.438    1485.26  0.000e+00
       8.74     56.438    1485.26  0.000e+00
       8.77     56.438    1485.26  0.000e+00
       8.77     56.372    1485.25  0.000e+00
       8.77     56.495    1485.26  0.000e+00
       8.79     56.438    1485.25  0.000e+00
       8.79     56.372    1485.25  0.000e+00
       8.79     56.438    1485.25  0.000e+00
       8.79     56.372    1485.25  0.000e+00
       8.79     56.438    1485.25  0.000e+00
       8.84     56.372    1485.25  0.000e+00
       8.86     56.438    1485.25  0.000e+00
       8.84     56.438    1485.25  0.000e+00
       8.84     56.438    1485.25  0.000e+00
       8.84     56.438    1485.25  0.000e+00
       8.82     56.372    1485.25  0.000e+00
       8.79     56.495    1485.26  0.000e+00
       8.77     56.438    1485.25  0.000e+00
       8.79     56.438    1485.25  0.000e+00
       8.77     56.372    1485.25  0.000e+00
       8.77     56.495    1485.25  0.000e+00
       8.77     56.372    1485.25  0.000e+00
       8.79     56.495    1485.25  0.000e+00
       8.82     56.372    1485.25  0.000e+00
       8.79     56.495    1485.25  0.000e+00
       8.82     56.438    1485.25  0.000e+00
       8.82     56.372    1485.24  0.000e+00
       8.79     56.446    1485.25  0.000e+00
       8.74     56.495    1485.25  0.000e+00
       8.74     56.372    1485.24  0.000e+00
       8.74     56.438    1485.25  0.000e+00
       8.74     56.438    1485.24  0.000e+00
       8.74     56.438    1485.24  0.000e+00
       8.74     56.372    1485.24  0.000e+00
       8.77     56.438    1485.24  0.000e+00
       8.77     56.438    1485.24  0.000e+00
       8.77     56.438    1485.24  0.000e+00
       8.74     56.438    1485.24  0.000e+00
       8.74     56.372    1485.24  0.000e+00
       8.74     56.438    1485.24  0.000e+00
       8.74     56.372    1485.24  0.000e+00
       8.74     56.438    1485.24  0.000e+00
       8.74     56.438    1485.24  0.000e+00
       8.74     56.372    1485.24  0.000e+00
       8.74     56.314    1485.23  0.000e+00
       8.74     56.372    1485.24  0.000e+00
       8.77     56.372    1485.24  0.000e+00
       8.77     56.314    1485.23  0.000e+00
       8.77     56.314    1485.23  0.000e+00
       8.77     56.314    1485.23  0.000e+00
       8.77     56.314    1485.23  0.000e+00
       8.79     56.314    1485.23  0.000e+00
       8.82     56.248    1485.23  0.000e+00
       8.82     56.314    1485.23  0.000e+00
       8.82     56.191    1485.23  0.000e+00
       8.82     56.248    1485.23  0.000e+00
       8.82     56.191    1485.23  0.000e+00
       8.82     56.191    1485.23  0.000e+00
       8.89     56.141    1485.23  0.000e+00
       8.89     56.191    1485.23  0.000e+00
       8.89     56.133    1485.23  0.000e+00
       8.89     56.133    1485.23  0.000e+00
       8.89     56.133    1485.23  0.000e+00
       8.91     56.133    1485.24  0.000e+00
       8.94     56.067    1485.24  0.000e+00
       8.94     56.067    1485.24  0.000e+00
       8.94     56.067    1485.24  0.000e+00
       8.94     56.010    1485.24  0.000e+00
       8.94     56.010    1485.24  0.000e+00
       8.96     55.944    1485.24  0.000e+00
       9.08     55.944    1485.24  0.000e+00
       9.16     55.944    1485.24  0.000e+00
       9.13     55.944    1485.24  0.000e+00
       9.13     55.829    1485.24  0.000e+00
       9.13     55.886    1485.24  0.000e+00
       9.13     55.829    1485.24  0.000e+00
       9.18     55.829    1485.24  0.000e+00
       9.21     55.705    1485.24  0.000e+00
       9.21     55.763    1485.24  0.000e+00
       9.21     55.763    1485.24  0.000e+00
       9.21     55.705    1485.24  0.000e+00
       9.23     55.582    1485.23  0.000e+00
       9.28     55.705    1485.24  0.000e+00
       9.33     55.582    1485.23  0.000e+00
       9.33     55.582    1485.23  0.000e+00
       9.33     55.582    1485.23  0.000e+00
       9.33     55.516    1485.23  0.000e+00
       9.35     55.516    1485.23  0.000e+00
       9.43     55.516    1485.23  0.000e+00
       9.45     55.401    1485.23  0.000e+00
       9.47     55.459    1485.23  0.000e+00
       9.45     55.401    1485.23  0.000e+00
       9.45     55.335    1485.23  0.000e+00
       9.50     55.335    1485.23  0.000e+00
       9.65     55.335    1485.23  0.000e+00
