test_casts/EN695_001_test.cnv
* Sea-Bird SBE 9 Data File:
* FileName = D:\ctd\raw\EN695_001.hdr
* Software Version Seasave V 7.26.7.121
* Temperature SN = 4333
* Conductivity SN = 2459
* Number of Bytes Per Scan = 40
* Number of Voltage Words = 5
* Number of Scans Averaged by the Deck Unit = 1
* NMEA Latitude = 41 11.85 N
* NMEA Longitude = 070 53.03 W
* NMEA UTC (Time) = Jan 11 2023  19:52:12
* NMEA baud rate = 4800
** Ship: R/V Endeavor
** Cruise: EN695
** Principal Investigator: Heidi Sosik
** Chief Scientist: Heidi Sosik
** Project: NES-LTER Transect 12 Winter
** Cruise Start Date: 11 Jan 2023
** Ports: Senesco Shipyard to Senesco Shipyard, North Kingstown, Rhode Island
** Station:  L1
** Bottom Depth: 21 m
** Operator:  DF
# nquan = 4
# nvalues = 21217                                 
# units = specified
# name 0 = altM: Altimeter [m]
# name 1 = depSM: Depth [salt water, m]
# name 2 = svCM: Sound Velocity [Chen-Millero, m/s]
# name 3 = flag:  0.000e+00
# span 0 =       0.00,      19.73                 
# span 1 =      2.556,     22.333                 
# span 2 =    1472.36,    1473.90                 
# span 3 = 0.0000e+00, 0.0000e+00                 
# interval = seconds: 0.0416667
# start_time = Jan 11 2023 19:52:15 [System UTC, header]
# bad_flag = -9.990e-29
*END*
[from data line 19556]
      18.63      2.993    1473.89  0.000e+00
      18.61      2.976    1473.89  0.000e+00
      18.63      2.976    1473.89  0.000e+00
      18.61      3.042    1473.90  0.000e+00
      18.63      2.976    1473.90  0.000e+00
      18.61      3.042    1473.90  0.000e+00
      18.61      2.976    1473.90  0.000e+00
      18.61      2.976    1473.90  0.000e+00
      18.61      3.042    1473.90  0.000e+00
      18.61      3.042    1473.90  0.000e+00
      18.61      3.042    1473.88  0.000e+00
      18.61      2.976    1473.87  0.000e+00
      18.53      3.042    1473.88  0.000e+00
      18.51      2.993    1473.88  0.000e+00
      18.51      3.042    1473.88  0.000e+00
      18.51      3.042    1473.88  0.000e+00
      18.51      3.042    1473.88  0.000e+00
      18.51      3.042    1473.87  0.000e+00
      18.56      3.042    1473.87  0.000e+00
      18.61      2.976    1473.87  0.000e+00
      18.61      3.042    1473.86  0.000e+00
      18.61      3.042    1473.85  0.000e+00
      18.61      3.042    1473.84  0.000e+00
      18.61      2.976    1473.84  0.000e+00
      18.63      3.042    1473.83  0.000e+00
      18.63      2.976    1473.82  0.000e+00
      18.63      3.042    1473.81  0.000e+00
      18.63      2.927    1473.81  0.000e+00
      18.63      3.099    1473.81  0.000e+00
      18.66      2.976    1473.81  0.000e+00
      18.71      3.042    1473.81  0.000e+00
      18.71      2.976    1473.81  0.000e+00
      18.71      2.976    1473.81  0.000e+00
      18.71      3.042    1473.81  0.000e+00
      18.68      2.976    1473.81  0.000e+00
      18.68      2.976    1473.82  0.000e+00
      18.68      2.976    1473.83  0.000e+00
      18.68      2.976    1473.83  0.000e+00
      18.73      2.976    1473.82  0.000e+00
      18.75      2.976    1473.81  0.000e+00
      18.75      2.976    1473.80  0.000e+00
      18.75      2.927    1473.80  0.000e+00
      18.75      2.976    1473.80  0.000e+00
      18.75      2.976    1473.80  0.000e+00
      18.73      2.918    1473.80  0.000e+00
      18.75      2.976    1473.80  0.000e+00
      18.75      2.918    1473.80  0.000e+00
      18.75      2.976    1473.79  0.000e+00
      18.75      2.918    1473.80  0.000e+00
      18.75      2.918    1473.82  0.000e+00
      18.80      2.976    1473.82  0.000e+00
      18.85      2.918    1473.80  0.000e+00
      18.85      2.976    1473.79  0.000e+00
      18.85      2.918    1473.78  0.000e+00
      18.85      2.918    1473.77  0.000e+00
      18.85      2.992    1473.76  0.000e+00
      18.85      2.918    1473.75  0.000e+00
      18.88      2.976    1473.75  0.000e+00
      18.88      2.918    1473.74  0.000e+00
      18.88      2.976    1473.74  0.000e+00
      18.85      2.976    1473.74  0.000e+00
      18.85      2.976    1473.75  0.000e+00
      18.88      2.918    1473.75  0.000e+00
      18.88      2.976    1473.76  0.000e+00
      18.83      2.976    1473.77  0.000e+00
      18.80      2.976    1473.78  0.000e+00
      18.80      2.976    1473.78  0.000e+00
      18.80      2.976    1473.78  0.000e+00
      18.80      3.041    1473.78  0.000e+00
      18.80      2.992    1473.78  0.000e+00
      18.83      2.976    1473.78  0.000e+00
      18.83      3.041    1473.78  0.000e+00
      18.85      3.041    1473.76  0.000e+00
      18.85      3.041    1473.76  0.000e+00
      18.83      3.041    1473.76  0.000e+00
      18.83      2.976    1473.76  0.000e+00
      18.83      3.156    1473.75  0.000e+00
      18.85      2.976    1473.75  0.000e+00
      18.88      3.099    1473.74  0.000e+00
      18.90      3.041    1473.75  0.000e+00
      18.90      3.099    1473.76  0.000e+00
      18.90      3.041    1473.76  0.000e+00
      18.88      3.099    1473.75  0.000e+00
      18.80      3.049    1473.75  0.000e+00
      18.71      3.099    1473.76  0.000e+00
      18.66      3.041    1473.78  0.000e+00
      18.68      3.099    1473.78  0.000e+00
      18.68      3.041    1473.78  0.000e+00
      18.68      3.099    1473.78  0.000e+00
      18.68      3.041    1473.76  0.000e+00
      18.68      3.041    1473.74  0.000e+00
      18.68      3.041    1473.76  0.000e+00
      18.68      3.041    1473.77  0.000e+00
      18.68      3.041    1473.78  0.000e+00
      18.66      3.041    1473.78  0.000e+00
      18.68      3.041    1473.77  0.000e+00
      18.68      3.041    1473.76  0.000e+00
      18.71      3.049    1473.77  0.000e+00
      18.71      2.975    1473.77  0.000e+00
      18.73      3.041    1473.77  0.000e+00
      18.71      3.041    1473.76  0.000e+00
      18.71      2.975    1473.76  0.000e+00
      18.71      3.041    1473.75  0.000e+00
      18.71      3.041    1473.75  0.000e+00
      18.73      2.975    1473.74  0.000e+00
      18.73      3.041    1473.74  0.000e+00
      18.73      2.975    1473.75  0.000e+00
      18.71      3.041    1473.76  0.000e+00
      18.80      2.975    1473.77  0.000e+00
      18.85      2.975    1473.78  0.000e+00
      18.83      3.041    1473.80  0.000e+00
      18.83      2.992    1473.80  0.000e+00
      18.80      2.975    1473.78  0.000e+00
      18.83      2.975    1473.76  0.000e+00
      18.80      2.975    1473.77  0.000e+00
      18.83      2.975    1473.79  0.000e+00
      18.83      2.975    1473.79  0.000e+00
      18.83      2.975    1473.80  0.000e+00
      18.80      2.975    1473.80  0.000e+00
      18.83      2.975    1473.81  0.000e+00
      18.83      2.918    1473.82  0.000e+00
      18.85      2.975    1473.82  0.000e+00
      18.85      2.975    1473.82  0.000e+00
      18.83      2.975    1473.82  0.000e+00
      18.83      2.975    1473.82  0.000e+00
      18.83      2.926    1473.81  0.000e+00
      18.80      2.975    1473.81  0.000e+00
      18.78      2.975    1473.81  0.000e+00
      18.80      2.975    1473.80  0.000e+00
      18.78      2.918    1473.80  0.000e+00
      18.78      2.975    1473.80  0.000e+00
      18.78      2.918    1473.80  0.000e+00
      18.71      2.975    1473.80  0.000e+00
      18.63      2.975    1473.80  0.000e+00
      18.61      2.975    1473.80  0.000e+00
      18.61      2.918    1473.80  0.000e+00
      18.61      2.975    1473.80  0.000e+00
      18.61      2.975    1473.80  0.000e+00
      18.61      2.992    1473.81  0.000e+00
      18.63      3.041    1473.81  0.000e+00
      18.66      2.975    1473.82  0.000e+00
      18.66      3.041    1473.82  0.000e+00
      18.66      2.975    1473.80  0.000e+00
      18.63      3.041    1473.80  0.000e+00
      18.63      2.975    1473.79  0.000e+00
      18.63      3.098    1473.78  0.000e+00
      18.63      2.975    1473.78  0.000e+00
      18.63      3.041    1473.79  0.000e+00
      18.63      3.041    1473.79  0.000e+00
      18.61      3.098    1473.79  0.000e+00
      18.63      3.041    1473.78  0.000e+00
      18.75      3.041    1473.77  0.000e+00
      18.80      3.049    1473.77  0.000e+00
      18.78      3.098    1473.77  0.000e+00
      18.78      3.156    1473.78  0.000e+00
      18.78      3.098    1473.78  0.000e+00
      18.73      3.041    1473.79  0.000e+00
      18.63      3.156    1473.80  0.000e+00
      18.61      3.098    1473.81  0.000e+00
      18.61      3.156    1473.81  0.000e+00
      18.61      3.098    1473.80  0.000e+00
      18.61      3.156    1473.80  0.000e+00
      18.75      3.098    1473.80  0.000e+00
      18.85      3.156    1473.79  0.000e+00
      18.85      3.156    1473.78  0.000e+00
      18.85      3.098    1473.77  0.000e+00
      18.85      3.156    1473.76  0.000e+00
      18.85      3.172    1473.75  0.000e+00
      18.85      3.156    1473.75  0.000e+00
      18.83      3.098    1473.75  0.000e+00
      18.83      3.156    1473.75  0.000e+00
      18.83      3.156    1473.75  0.000e+00
      18.83      3.098    1473.75  0.000e+00
      18.80      3.156    1473.75  0.000e+00
      18.83      3.098    1473.74  0.000e+00
      18.88      3.098    1473.75  0.000e+00
      18.93      3.156    1473.76  0.000e+00
      18.93      3.098    1473.76  0.000e+00
      18.93      3.098    1473.76  0.000e+00
      18.90      3.098    1473.76  0.000e+00
      18.93      3.098    1473.75  0.000e+00
      18.93      3.106    1473.75  0.000e+00
      18.93      3.098    1473.74  0.000e+00
      18.80      3.098    1473.74  0.000e+00
      18.73      3.040    1473.76  0.000e+00
      18.73      3.098    1473.77  0.000e+00
      18.73      3.040    1473.78  0.000e+00
      18.73      3.040    1473.78  0.000e+00
      18.75      3.040    1473.77  0.000e+00
      18.83      2.975    1473.76  0.000e+00
      18.85      3.040    1473.76  0.000e+00
      18.88      2.975    1473.76  0.000e+00
      18.85      2.975    1473.76  0.000e+00
      18.85      2.917    1473.76  0.000e+00
      18.83      2.917    1473.76  0.000e+00
      18.83      2.991    1473.76  0.000e+00
      18.83      2.917    1473.75  0.000e+00
      18.83      2.851    1473.76  0.000e+00
      18.83      2.917    1473.77  0.000e+00
      18.83      2.917    1473.78  0.000e+00
      18.83      2.917    1473.77  0.000e+00
      18.83      2.851    1473.76  0.000e+00
      18.80      2.917    1473.76  0.000e+00
      18.66      2.975    1473.76  0.000e+00
      18.58      2.917    1473.76  0.000e+00
      18.58      2.975    1473.78  0.000e+00
      18.58      2.917    1473.79  0.000e+00
      18.61      3.040    1473.80  0.000e+00
      18.63      2.975    1473.80  0.000e+00
      18.68      2.991    1473.79  0.000e+00
      18.68      3.040    1473.77  0.000e+00
      18.68      3.040    1473.75  0.000e+00
      18.68      3.098    1473.74  0.000e+00
      18.68      3.098    1473.72  0.000e+00
      18.68      3.098    1473.71  0.000e+00
      18.41      3.155    1473.71  0.000e+00
      18.17      3.098    1473.70  0.000e+00
      18.10      3.221    1473.70  0.000e+00
      18.10      3.155    1473.70  0.000e+00
      18.12      3.155    1473.71  0.000e+00
      18.14      3.155    1473.72  0.000e+00
      18.44      3.155    1473.72  0.000e+00
      18.63      3.221    1473.72  0.000e+00
      18.63      3.172    1473.72  0.000e+00
      18.63      3.155    1473.73  0.000e+00
      18.61      3.221    1473.74  0.000e+00
      18.66      3.155    1473.74  0.000e+00
      18.75      3.155    1473.74  0.000e+00
      18.75      3.155    1473.74  0.000e+00
      18.75      3.221    1473.74  0.000e+00
      18.75      3.155    1473.74  0.000e+00
      18.75      3.155    1473.75  0.000e+00
      18.75      3.155    1473.75  0.000e+00
      18.71      3.098    1473.75  0.000e+00
      18.71      3.155    1473.76  0.000e+00
      18.73      3.098    1473.77  0.000e+00
      18.71      3.155    1473.78  0.000e+00
      18.71      3.098    1473.79  0.000e+00
      18.75      3.106    1473.79  0.000e+00
      18.85      3.098    1473.79  0.000e+00
      18.85      3.040    1473.78  0.000e+00
      18.88      3.098    1473.77  0.000e+00
      18.88      3.098    1473.77  0.000e+00
      18.88      2.974    1473.77  0.000e+00
      18.88      3.040    1473.78  0.000e+00
      18.88      3.040    1473.78  0.000e+00
      18.88      3.040    1473.78  0.000e+00
      18.88      2.974    1473.77  0.000e+00
      18.88      2.974    1473.77  0.000e+00
      18.85      3.040    1473.77  0.000e+00
      18.83      2.917    1473.77  0.000e+00
      18.75      2.917    1473.77  0.000e+00
      18.75      2.925    1473.77  0.000e+00
      18.75      2.917    1473.77  0.000e+00
      18.75      2.917    1473.78  0.000e+00
      18.73      2.917    1473.78  0.000e+00
      18.75      2.851    1473.78  0.000e+00
      18.75      2.917    1473.78  0.000e+00
      18.75      2.851    1473.77  0.000e+00
      18.90      2.851    1473.77  0.000e+00
      18.97      2.917    1473.77  0.000e+00
      18.97      2.851    1473.78  0.000e+00
      18.97      2.851    1473.78  0.000e+00
      18.97      2.851    1473.78  0.000e+00
      18.90      2.851    1473.78  0.000e+00
      18.71      2.867    1473.78  0.000e+00
      18.63      2.851    1473.78  0.000e+00
      18.63      2.851    1473.78  0.000e+00
      18.63      2.851    1473.78  0.000e+00
      18.63      2.851    1473.78  0.000e+00
      18.66      2.851    1473.78  0.000e+00
      18.66      2.917    1473.79  0.000e+00
      18.61      2.851    1473.79  0.000e+00
      18.51      2.851    1473.78  0.000e+00
      18.49      2.851    1473.78  0.000e+00
      18.49      2.917    1473.78  0.000e+00
      18.49      2.917    1473.77  0.000e+00
      18.49      2.851    1473.77  0.000e+00
      18.49      2.917    1473.77  0.000e+00
      18.49      2.925    1473.77  0.000e+00
      18.51      2.917    1473.77  0.000e+00
      18.51      2.917    1473.77  0.000e+00
      18.49      2.974    1473.77  0.000e+00
      18.49      3.040    1473.77  0.000e+00
      18.51      2.917    1473.76  0.000e+00
      18.51      2.974    1473.76  0.000e+00
      18.51      2.974    1473.76  0.000e+00
      18.51      2.974    1473.76  0.000e+00
      18.51      2.974    1473.76  0.000e+00
      18.51      2.974    1473.76  0.000e+00
      18.51      3.040    1473.76  0.000e+00
      18.51      3.040    1473.77  0.000e+00
      18.53      2.925    1473.77  0.000e+00
      18.53      3.097    1473.78  0.000e+00
      18.53      3.097    1473.79  0.000e+00
      18.53      3.040    1473.79  0.000e+00
      18.53      2.974    1473.80  0.000e+00
      18.53      3.097    1473.80  0.000e+00
      18.53      3.097    1473.81  0.000e+00
      18.53      2.974    1473.81  0.000e+00
      18.56      3.097    1473.81  0.000e+00
      18.58      3.040    1473.81  0.000e+00
      18.58      3.097    1473.81  0.000e+00
      18.58      3.040    1473.81  0.000e+00
      18.58      3.040    1473.81  0.000e+00
      18.58      3.040    1473.82  0.000e+00
      18.68      2.974    1473.81  0.000e+00
      18.83      3.048    1473.81  0.000e+00
      18.85      3.040    1473.80  0.000e+00
      18.85      2.974    1473.80  0.000e+00
      18.83      3.040    1473.80  0.000e+00
      18.83      2.974    1473.80  0.000e+00
      18.85      2.974    1473.80  0.000e+00
      18.78      2.974    1473.80  0.000e+00
      18.73      3.040    1473.80  0.000e+00
      18.71      2.974    1473.80  0.000e+00
      18.71      2.974    1473.80  0.000e+00
      18.71      2.917    1473.79  0.000e+00
      18.71      2.974    1473.79  0.000e+00
      18.78      2.974    1473.79  0.000e+00
      18.83      2.925    1473.79  0.000e+00
      18.85      2.974    1473.79  0.000e+00
      18.85      2.974    1473.80  0.000e+00
      18.83      2.917    1473.79  0.000e+00
      18.83      2.974    1473.79  0.000e+00
      18.85      2.917    1473.78  0.000e+00
      18.85      2.917    1473.78  0.000e+00
      18.85      2.974    1473.77  0.000e+00
      18.85      2.917    1473.77  0.000e+00
      18.85      2.974    1473.77  0.000e+00
      18.85      2.917    1473.78  0.000e+00
      18.85      2.974    1473.78  0.000e+00
      18.83      2.917    1473.78  0.000e+00
      18.63      2.974    1473.78  0.000e+00
      18.51      2.991    1473.78  0.000e+00
      18.51      2.917    1473.78  0.000e+00
      18.51      2.974    1473.78  0.000e+00
      18.51      2.974    1473.78  0.000e+00
      18.51      2.974    1473.78  0.000e+00
      18.46      2.974    1473.78  0.000e+00
      18.46      3.040    1473.78  0.000e+00
      18.46      2.974    1473.78  0.000e+00
      18.46      3.040    1473.78  0.000e+00
      18.46      2.974    1473.78  0.000e+00
      18.46      3.040    1473.78  0.000e+00
      18.46      3.040    1473.78  0.000e+00
      18.46      2.974    1473.77  0.000e+00
      18.51      3.040    1473.77  0.000e+00
      18.53      3.106    1473.76  0.000e+00
      18.53      3.040    1473.75  0.000e+00
      18.53      3.097    1473.75  0.000e+00
      18.51      3.040    1473.75  0.000e+00
      18.53      3.097    1473.74  0.000e+00
      18.61      3.097    1473.73  0.000e+00
      18.61      3.040    1473.73  0.000e+00
