test_casts/EN695_003_test.cnv
* Sea-Bird SBE 9 Data File:
* FileName = D:\ctd\raw\EN695_003.hdr
* Software Version Seasave V 7.26.7.121
* Temperature SN = 4333
* Conductivity SN = 2459
* Number of Bytes Per Scan = 40
* Number of Voltage Words = 5
* Number of Scans Averaged by the Deck Unit = 1
* NMEA Latitude = 40 02.80 N
* NMEA Longitude = 070 52.84 W
* NMEA UTC (Time) = Jan 12 2023  06:42:36
* NMEA baud rate = 4800
** Ship: R/V Endeavor
** Cruise: EN695
** Principal Investigator: Heidi Sosik
** Chief Scientist: Heidi Sosik
** Project: NES-LTER Transect 12 Winter
** Cruise Start Date: 11 Jan 2023
** Ports: Senesco Shipyard to Senesco Shipyard, North Kingstown, Rhode Island
** Station:  L9
** Bottom Depth: 204m
** Operator:
# nquan = 4
# nvalues = 45735                                 
# units = specified
# name 0 = altM: Altimeter [m]
# name 1 = depSM: Depth [salt water, m]
# name 2 = svCM: Sound Velocity [Chen-Millero, m/s]
# name 3 = flag:  0.000e+00
# span 0 =       0.00,     100.00                 
# span 1 =      2.774,    198.461                 
# span 2 =    1502.08,    1516.11                 
# span 3 = 0.0000e+00, 0.0000e+00                 
# interval = seconds: 0.0416667
# start_time = Jan 12 2023 06:42:38 [System UTC, header]
# bad_flag = -9.990e-29
*END*
[from data line 5334]
       0.34     88.285    1505.38  0.000e+00
       0.34     88.335    1505.38  0.000e+00
       0.32     88.335    1505.42  0.000e+00
       0.32     88.343    1505.43  0.000e+00
       0.34     88.392    1505.43  0.000e+00
       0.32     88.466    1505.39  0.000e+00
       0.32     88.458    1505.35  0.000e+00
       0.34     88.458    1505.32  0.000e+00
       0.39     88.524    1505.29  0.000e+00
       0.42     88.516    1505.28  0.000e+00
       0.42     88.573    1505.28  0.000e+00
       0.42     88.590    1505.28  0.000e+00
       0.42     88.573    1505.31  0.000e+00
       0.39     88.647    1505.34  0.000e+00
       0.32     88.639    1505.36  0.000e+00
       0.29     88.639    1505.37  0.000e+00
       0.29     88.647    1505.38  0.000e+00
       0.29     88.697    1505.43  0.000e+00
       0.29     88.713    1505.55  0.000e+00
       0.29     88.697    1505.68  0.000e+00
       0.29     88.697    1505.78  0.000e+00
       0.29     88.828    1505.85  0.000e+00
       0.29     88.763    1505.87  0.000e+00
       0.29     88.820    1505.89  0.000e+00
       0.29     88.828    1506.01  0.000e+00
       0.29     88.878    1506.14  0.000e+00
       0.32     88.894    1506.27  0.000e+00
       0.32     88.878    1506.38  0.000e+00
       0.32     88.878    1506.49  0.000e+00
       0.32     88.952    1506.58  0.000e+00
       0.32     88.944    1506.68  0.000e+00
       0.32     88.944    1506.86  0.000e+00
       0.32     88.952    1507.11  0.000e+00
       0.34     88.944    1507.53  0.000e+00
       0.34     89.018    1507.93  0.000e+00
       0.34     88.944    1508.11  0.000e+00
       0.34     88.944    1508.20  0.000e+00
       0.32     89.018    1508.19  0.000e+00
       0.27     89.001    1508.12  0.000e+00
       0.27     88.894    1508.06  0.000e+00
       0.27     89.190    1508.01  0.000e+00
       0.27     89.067    1508.01  0.000e+00
       0.27     89.075    1508.02  0.000e+00
       0.24     89.067    1507.95  0.000e+00
       0.27     89.124    1507.92  0.000e+00
       0.27     89.141    1507.95  0.000e+00
       0.27     89.124    1507.90  0.000e+00
       0.27     89.075    1507.74  0.000e+00
       0.27     89.248    1507.52  0.000e+00
       0.34     89.124    1507.46  0.000e+00
       0.73     89.198    1507.59  0.000e+00
       0.90     89.190    1507.97  0.000e+00
       0.93     89.124    1508.26  0.000e+00
       0.90     89.198    1508.19  0.000e+00
       0.88     89.190    1507.83  0.000e+00
       0.85     89.190    1507.54  0.000e+00
       0.73     89.198    1507.33  0.000e+00
       0.71     89.190    1507.19  0.000e+00
       0.71     89.256    1507.11  0.000e+00
       0.71     89.248    1507.05  0.000e+00
       0.68     89.305    1506.98  0.000e+00
       0.59     89.256    1506.83  0.000e+00
       0.32     89.305    1506.65  0.000e+00
       0.24     89.371    1506.51  0.000e+00
       0.24     89.322    1506.44  0.000e+00
       0.24     89.371    1506.42  0.000e+00
       0.24     89.379    1506.40  0.000e+00
       0.29     89.371    1506.33  0.000e+00
       0.51     89.371    1506.29  0.000e+00
       0.61     89.445    1506.25  0.000e+00
       0.63     89.371    1506.22  0.000e+00
       0.59     89.429    1506.19  0.000e+00
       0.61     89.379    1506.14  0.000e+00
       0.54     89.429    1506.10  0.000e+00
       0.42     89.445    1506.10  0.000e+00
       0.34     89.429    1506.12  0.000e+00
       0.34     89.495    1506.14  0.000e+00
       0.34     89.503    1506.14  0.000e+00
       0.34     89.495    1506.15  0.000e+00
       0.37     89.552    1506.18  0.000e+00
       0.44     89.503    1506.22  0.000e+00
       0.46     89.618    1506.25  0.000e+00
       0.46     89.618    1506.28  0.000e+00
       0.46     89.626    1506.29  0.000e+00
       0.46     89.618    1506.30  0.000e+00
       0.44     89.626    1506.31  0.000e+00
       0.37     89.676    1506.31  0.000e+00
       0.34     89.676    1506.31  0.000e+00
       0.32     89.626    1506.35  0.000e+00
       0.32     89.676    1506.47  0.000e+00
       0.34     89.676    1506.58  0.000e+00
       0.34     89.750    1507.03  0.000e+00
       0.34     89.676    1507.77  0.000e+00
       0.34     89.733    1508.56  0.000e+00
       0.34     89.750    1509.16  0.000e+00
       0.32     89.733    1509.53  0.000e+00
       0.34     89.807    1509.78  0.000e+00
      19.07     89.799    1509.96  0.000e+00
      79.32     89.857    1510.16  0.000e+00
     100.00     89.873    1510.32  0.000e+00
     100.00     89.857    1510.42  0.000e+00
     100.00     89.922    1510.45  0.000e+00
     100.00     89.931    1510.44  0.000e+00
      84.35     89.922    1510.45  0.000e+00
      23.20     89.922    1510.48  0.000e+00
       0.00     89.996    1510.51  0.000e+00
       0.00     89.922    1510.50  0.000e+00
       0.00     89.980    1510.47  0.000e+00
       0.00     89.996    1510.43  0.000e+00
       0.27     89.980    1510.42  0.000e+00
       0.39     90.054    1510.43  0.000e+00
       0.39     90.038    1510.48  0.000e+00
       0.39     90.038    1510.56  0.000e+00
       0.39     90.054    1510.59  0.000e+00
       0.39     90.103    1510.60  0.000e+00
       0.37     90.103    1510.60  0.000e+00
       0.29     90.177    1510.56  0.000e+00
       0.27     90.161    1510.52  0.000e+00
       0.29     90.161    1510.52  0.000e+00
       0.29     90.235    1510.59  0.000e+00
       0.29     90.227    1510.68  0.000e+00
       0.29     90.284    1510.76  0.000e+00
       0.37     90.301    1510.82  0.000e+00
       0.39     90.284    1510.86  0.000e+00
       0.39     90.301    1510.93  0.000e+00
       0.39     90.284    1510.99  0.000e+00
       0.39     90.350    1511.05  0.000e+00
       0.39     90.358    1511.09  0.000e+00
       0.42     90.350    1511.13  0.000e+00
       0.42     90.408    1511.13  0.000e+00
       0.42     90.358    1511.13  0.000e+00
       0.42     90.465    1511.15  0.000e+00
       0.42     90.465    1511.13  0.000e+00
       0.42     90.482    1511.11  0.000e+00
       0.39     90.531    1511.08  0.000e+00
       0.39     90.531    1511.07  0.000e+00
       0.37     90.539    1511.06  0.000e+00
       0.39     90.589    1511.05  0.000e+00
       0.37     90.655    1511.00  0.000e+00
       0.34     90.605    1510.93  0.000e+00
       0.29     90.712    1510.90  0.000e+00
       0.27     90.655    1510.91  0.000e+00
       0.27     90.729    1510.93  0.000e+00
       0.27     90.778    1510.98  0.000e+00
       0.27     90.712    1511.05  0.000e+00
       0.27     90.786    1511.11  0.000e+00
       0.27     90.836    1511.14  0.000e+00
       0.27     90.836    1511.10  0.000e+00
       0.27     90.852    1511.04  0.000e+00
       0.27     90.893    1511.00  0.000e+00
       0.27     90.893    1510.95  0.000e+00
       0.27     90.967    1510.91  0.000e+00
       0.29     90.959    1510.89  0.000e+00
       0.32     90.967    1510.86  0.000e+00
       0.32     91.082    1510.86  0.000e+00
       0.32     91.082    1510.88  0.000e+00
       0.32     91.156    1510.89  0.000e+00
       0.32     91.140    1510.91  0.000e+00
       0.32     91.140    1510.92  0.000e+00
       0.32     91.272    1510.95  0.000e+00
       0.32     91.140    1511.02  0.000e+00
       0.32     91.263    1511.13  0.000e+00
       0.32     91.337    1511.24  0.000e+00
       0.32     91.263    1511.31  0.000e+00
       0.37     91.387    1511.37  0.000e+00
       0.39     91.272    1511.40  0.000e+00
       0.39     91.510    1511.44  0.000e+00
       0.39     91.444    1511.46  0.000e+00
       0.39     91.444    1511.49  0.000e+00
       0.39     91.461    1511.51  0.000e+00
       0.42     91.568    1511.53  0.000e+00
       0.42     91.568    1511.55  0.000e+00
       0.42     91.642    1511.57  0.000e+00
       0.42     91.625    1511.58  0.000e+00
       0.42     91.691    1511.60  0.000e+00
       0.42     91.699    1511.60  0.000e+00
       0.42     91.749    1511.59  0.000e+00
       0.39     91.815    1511.58  0.000e+00
       0.42     91.765    1511.57  0.000e+00
       0.42     91.872    1511.57  0.000e+00
       0.39     91.872    1511.57  0.000e+00
      20.83     91.889    1511.57  0.000e+00
      80.44     91.938    1511.57  0.000e+00
     100.00     91.995    1511.58  0.000e+00
     100.00     91.946    1511.58  0.000e+00
     100.00     92.053    1511.58  0.000e+00
     100.00     92.053    1511.59  0.000e+00
      99.88     92.127    1511.59  0.000e+00
      99.90     92.119    1511.59  0.000e+00
      99.95     92.176    1511.58  0.000e+00
      99.98     92.193    1511.56  0.000e+00
      99.98     92.242    1511.53  0.000e+00
      99.93     92.300    1511.52  0.000e+00
      83.76     92.300    1511.52  0.000e+00
      22.93     92.316    1511.53  0.000e+00
       0.00     92.423    1511.55  0.000e+00
       0.00     92.423    1511.56  0.000e+00
       0.00     92.440    1511.57  0.000e+00
       0.24     92.423    1511.58  0.000e+00
       0.44     92.547    1511.59  0.000e+00
       0.49     92.497    1511.60  0.000e+00
       0.46     92.547    1511.61  0.000e+00
       0.44     92.604    1511.61  0.000e+00
       0.44     92.621    1511.61  0.000e+00
       0.44     92.604    1511.62  0.000e+00
       0.42     92.670    1511.63  0.000e+00
       0.32     92.728    1511.65  0.000e+00
       0.27     92.744    1511.66  0.000e+00
       0.27     92.728    1511.67  0.000e+00
       0.27     92.785    1511.69  0.000e+00
       0.27     92.802    1511.71  0.000e+00
      21.81     92.851    1511.73  0.000e+00
      81.15     92.909    1511.74  0.000e+00
     100.00     92.925    1511.75  0.000e+00
     100.00     92.909    1511.76  0.000e+00
     100.00     92.974    1511.77  0.000e+00
     100.00     92.974    1511.78  0.000e+00
      99.88     92.983    1511.79  0.000e+00
      99.90     92.974    1511.79  0.000e+00
      99.98     93.032    1511.80  0.000e+00
      99.98     93.048    1511.82  0.000e+00
      99.98     93.032    1511.84  0.000e+00
      99.93     93.032    1511.85  0.000e+00
      82.69     93.106    1511.85  0.000e+00
      21.95     93.155    1511.85  0.000e+00
       0.00     93.098    1511.85  0.000e+00
       0.00     93.155    1511.86  0.000e+00
       0.00     93.229    1511.86  0.000e+00
       0.00     93.155    1511.87  0.000e+00
       0.27     93.279    1511.88  0.000e+00
       0.37     93.229    1511.88  0.000e+00
       0.39     93.213    1511.89  0.000e+00
       0.39     93.279    1511.89  0.000e+00
       0.37     93.279    1511.91  0.000e+00
       0.37     93.295    1511.92  0.000e+00
       0.44     93.279    1511.93  0.000e+00
       0.66     93.336    1511.93  0.000e+00
       0.76     93.295    1511.93  0.000e+00
       0.78     93.336    1511.94  0.000e+00
       0.76     93.279    1511.94  0.000e+00
       0.73     93.353    1511.95  0.000e+00
       0.76     93.336    1511.95  0.000e+00
       0.81     93.336    1511.96  0.000e+00
       0.81     93.402    1511.98  0.000e+00
       0.81     93.410    1511.99  0.000e+00
       0.81     93.402    1512.01  0.000e+00
       0.81     93.402    1512.02  0.000e+00
       0.81     93.410    1512.02  0.000e+00
       0.78     93.460    1512.03  0.000e+00
       0.78     93.460    1512.04  0.000e+00
       0.76     93.460    1512.04  0.000e+00
       0.78     93.476    1512.04  0.000e+00
       0.76     93.517    1512.04  0.000e+00
       0.68     93.517    1512.04  0.000e+00
       0.46     93.476    1512.04  0.000e+00
       0.39     93.517    1512.05  0.000e+00
       0.39     93.460    1512.05  0.000e+00
       0.39     93.517    1512.05  0.000e+00
       0.39     93.534    1512.05  0.000e+00
       0.42     93.517    1512.06  0.000e+00
       0.59     93.517    1512.06  0.000e+00
       0.68     93.534    1512.06  0.000e+00
       0.68     93.517    1512.06  0.000e+00
       0.68     93.583    1512.06  0.000e+00
       0.68     93.583    1512.06  0.000e+00
       0.66     93.600    1512.06  0.000e+00
       0.61     93.641    1512.06  0.000e+00
       0.59     93.641    1512.06  0.000e+00
       0.59     93.657    1512.06  0.000e+00
       0.59     93.583    1512.06  0.000e+00
       0.59     93.706    1512.07  0.000e+00
       0.56     93.641    1512.07  0.000e+00
       0.51     93.723    1512.07  0.000e+00
       0.49     93.706    1512.07  0.000e+00
       0.49     93.583    1512.07  0.000e+00
       0.49     93.723    1512.07  0.000e+00
       0.49     93.706    1512.07  0.000e+00
       0.51     93.706    1512.07  0.000e+00
       0.54     93.706    1512.07  0.000e+00
       0.56     93.657    1512.07  0.000e+00
       0.59     93.764    1512.07  0.000e+00
       0.56     93.706    1512.07  0.000e+00
       0.56     93.780    1512.08  0.000e+00
       0.56     93.764    1512.08  0.000e+00
       0.56     93.830    1512.08  0.000e+00
       0.56     93.830    1512.08  0.000e+00
       0.56     93.838    1512.08  0.000e+00
       0.56     93.887    1512.08  0.000e+00
       0.56     93.830    1512.09  0.000e+00
       0.49     93.904    1512.09  0.000e+00
       0.34     93.887    1512.09  0.000e+00
       0.29     93.887    1512.09  0.000e+00
       0.29     93.945    1512.09  0.000e+00
       0.29     93.838    1512.09  0.000e+00
       0.29     93.945    1512.09  0.000e+00
       0.29     93.887    1512.10  0.000e+00
       0.29     93.961    1512.12  0.000e+00
       0.27     94.011    1512.14  0.000e+00
       0.27     93.945    1512.15  0.000e+00
       0.27     93.945    1512.15  0.000e+00
       0.27     94.085    1512.15  0.000e+00
       0.29     94.011    1512.15  0.000e+00
       0.34     94.068    1512.15  0.000e+00
       0.37     94.134    1512.15  0.000e+00
       0.37     94.085    1512.14  0.000e+00
       0.37     94.192    1512.14  0.000e+00
       0.37     94.192    1512.15  0.000e+00
       0.42     94.151    1512.17  0.000e+00
       0.54     94.192    1512.21  0.000e+00
       0.59     94.192    1512.25  0.000e+00
       0.59     94.258    1512.28  0.000e+00
       0.59     94.266    1512.31  0.000e+00
       0.59     94.257    1512.32  0.000e+00
       0.51     94.315    1512.34  0.000e+00
       0.37     94.257    1512.34  0.000e+00
       0.32     94.389    1512.35  0.000e+00
       0.32     94.315    1512.35  0.000e+00
       0.32     94.373    1512.35  0.000e+00
       0.32     94.455    1512.37  0.000e+00
       0.34     94.438    1512.36  0.000e+00
       0.39     94.496    1512.35  0.000e+00
       0.42     94.438    1512.34  0.000e+00
       0.42     94.578    1512.33  0.000e+00
       0.42     94.562    1512.31  0.000e+00
       0.42     94.562    1512.29  0.000e+00
       0.39     94.619    1512.28  0.000e+00
       0.34     94.636    1512.27  0.000e+00
       0.34     94.743    1512.27  0.000e+00
       0.34     94.619    1512.26  0.000e+00
       0.34     94.743    1512.26  0.000e+00
       0.34     94.693    1512.25  0.000e+00
      20.51     94.800    1512.25  0.000e+00
      80.27     94.800    1512.25  0.000e+00
     100.00     94.759    1512.24  0.000e+00
     100.00     94.866    1512.23  0.000e+00
     100.00     94.866    1512.13  0.000e+00
     100.00     94.924    1511.87  0.000e+00
      82.91     94.940    1511.60  0.000e+00
      22.15     94.924    1511.41  0.000e+00
       0.00     94.990    1511.29  0.000e+00
       0.00     94.990    1511.20  0.000e+00
       0.00     95.121    1511.15  0.000e+00
       0.05     95.047    1511.12  0.000e+00
      18.34     95.105    1511.08  0.000e+00
      78.90     95.171    1511.03  0.000e+00
     100.00     95.121    1511.00  0.000e+00
     100.00     95.171    1510.98  0.000e+00
     100.00     95.228    1510.98  0.000e+00
     100.00     95.228    1510.97  0.000e+00
      83.05     95.187    1510.97  0.000e+00
      22.56     95.294    1510.96  0.000e+00
       0.00     95.294    1510.95  0.000e+00
       0.00     95.294    1510.94  0.000e+00
       0.00     95.310    1510.94  0.000e+00
