test_casts/EN695_005_test.cnv
* Sea-Bird SBE 9 Data File:
* FileName = D:\ctd\raw\EN695_005.hdr
* Software Version Seasave V 7.26.7.121
* Temperature SN = 4333
* Conductivity SN = 2459
* Number of Bytes Per Scan = 40
* Number of Voltage Words = 5
* Number of Scans Averaged by the Deck Unit = 1
* NMEA Latitude = 39 46.59 N
* NMEA Longitude = 070 53.24 W
* NMEA UTC (Time) = Jan 12 2023  12:23:04
* NMEA baud rate = 4800
** Ship: R/V Endeavor
** Cruise: EN695
** Principal Investigator: Heidi Sosik
** Chief Scientist: Heidi Sosik
** Project: NES-LTER Transect 12 Winter
** Cruise Start Date: 11 Jan 2023
** Ports: Senesco Shipyard to Senesco Shipyard, North Kingstown, Rhode Island
** Station:  L11
** Bottom Depth: 1564 m
** Operator:
** cast to 500 m max depth. ~sunrise
# nquan = 4
# nvalues = 51885                                 
# units = specified
# name 0 = altM: Altimeter [m]
# name 1 = depSM: Depth [salt water, m]
# name 2 = svCM: Sound Velocity [Chen-Millero, m/s]
# name 3 = flag:  0.000e+00
# span 0 =       0.00,     100.00                 
# span 1 =      2.170,    501.637                 
# span 2 =    1484.90,    1516.07                 
# span 3 = 0.0000e+00, 0.0000e+00                 
# interval = seconds: 0.0416667
# start_time = Jan 12 2023 12:23:06 [System UTC, header]
# bad_flag = -9.990e-29
*END*
[from data line 41245]
       0.27     50.653    1506.72  0.000e+00
       0.32     50.653    1506.72  0.000e+00
       0.37     50.636    1506.71  0.000e+00
       0.37     50.653    1506.71  0.000e+00
       0.37     50.653    1506.71  0.000e+00
       0.37     50.653    1506.71  0.000e+00
       0.37     50.652    1506.72  0.000e+00
       0.42     50.652    1506.72  0.000e+00
       0.46     50.710    1506.72  0.000e+00
       0.49     50.652    1506.72  0.000e+00
       0.46     50.652    1506.72  0.000e+00
       0.46     50.587    1506.71  0.000e+00
       0.46     50.710    1506.72  0.000e+00
       0.42     50.587    1506.71  0.000e+00
       0.37     50.652    1506.72  0.000e+00
       0.37     50.652    1506.72  0.000e+00
       0.34     50.587    1506.72  0.000e+00
       0.37     50.652    1506.72  0.000e+00
       1.42     50.636    1506.72  0.000e+00
      58.61     50.652    1506.72  0.000e+00
      97.17     50.586    1506.72  0.000e+00
     100.00     50.586    1506.72  0.000e+00
     100.00     50.586    1506.72  0.000e+00
     100.00     50.652    1506.72  0.000e+00
      99.61     50.586    1506.72  0.000e+00
      44.18     50.586    1506.72  0.000e+00
       3.81     50.586    1506.72  0.000e+00
       0.00     50.586    1506.72  0.000e+00
       0.00     50.529    1506.72  0.000e+00
       0.00     50.586    1506.72  0.000e+00
       0.37     50.586    1506.72  0.000e+00
       0.44     50.529    1506.72  0.000e+00
       0.39     50.529    1506.72  0.000e+00
       0.39     50.512    1506.72  0.000e+00
       0.39     50.586    1506.72  0.000e+00
       0.39     50.471    1506.72  0.000e+00
       1.71     50.529    1506.72  0.000e+00
      59.32     50.529    1506.72  0.000e+00
      97.39     50.471    1506.72  0.000e+00
     100.00     50.471    1506.71  0.000e+00
     100.00     50.471    1506.71  0.000e+00
     100.00     50.471    1506.71  0.000e+00
      99.76     50.528    1506.71  0.000e+00
      45.01     50.405    1506.71  0.000e+00
       3.86     50.471    1506.71  0.000e+00
       0.00     50.471    1506.70  0.000e+00
       0.00     50.405    1506.70  0.000e+00
       0.00     50.405    1506.70  0.000e+00
       0.20     50.397    1506.70  0.000e+00
       0.29     50.471    1506.70  0.000e+00
       0.29     50.347    1506.69  0.000e+00
       0.29     50.405    1506.69  0.000e+00
       0.29     50.347    1506.68  0.000e+00
       0.29     50.405    1506.68  0.000e+00
       1.34     50.347    1506.68  0.000e+00
      58.71     50.347    1506.68  0.000e+00
      97.22     50.347    1506.68  0.000e+00
     100.00     50.282    1506.68  0.000e+00
     100.00     50.347    1506.68  0.000e+00
     100.00     50.347    1506.68  0.000e+00
      99.76     50.281    1506.68  0.000e+00
      44.96     50.281    1506.68  0.000e+00
       3.93     50.331    1506.68  0.000e+00
       0.00     50.281    1506.68  0.000e+00
       0.00     50.281    1506.68  0.000e+00
       0.00     50.224    1506.68  0.000e+00
       0.24     50.281    1506.68  0.000e+00
       0.32     50.224    1506.67  0.000e+00
       0.29     50.281    1506.67  0.000e+00
       0.27     50.224    1506.67  0.000e+00
       0.27     50.224    1506.67  0.000e+00
       0.27     50.224    1506.67  0.000e+00
       0.27     50.224    1506.66  0.000e+00
       0.27     50.224    1506.66  0.000e+00
       0.27     50.158    1506.66  0.000e+00
       0.27     50.224    1506.66  0.000e+00
       0.27     50.207    1506.66  0.000e+00
       0.27     50.224    1506.66  0.000e+00
       0.27     50.158    1506.65  0.000e+00
       0.29     50.158    1506.65  0.000e+00
       0.34     50.158    1506.65  0.000e+00
       0.34     50.158    1506.64  0.000e+00
       0.34     50.158    1506.64  0.000e+00
       0.34     50.158    1506.65  0.000e+00
       0.34     50.158    1506.65  0.000e+00
       0.29     50.158    1506.65  0.000e+00
       0.27     50.100    1506.64  0.000e+00
       0.27     50.223    1506.65  0.000e+00
       0.24     50.100    1506.64  0.000e+00
       0.27     50.158    1506.64  0.000e+00
       0.27     50.149    1506.64  0.000e+00
       0.27     50.158    1506.64  0.000e+00
       0.27     50.100    1506.64  0.000e+00
       0.27     50.100    1506.64  0.000e+00
       0.27     50.158    1506.64  0.000e+00
       0.27     50.100    1506.64  0.000e+00
       0.27     50.157    1506.64  0.000e+00
       0.29     50.157    1506.64  0.000e+00
       0.29     50.100    1506.64  0.000e+00
       0.32     50.100    1506.64  0.000e+00
       0.32     50.157    1506.64  0.000e+00
       0.32     50.100    1506.65  0.000e+00
       0.32     50.157    1506.66  0.000e+00
       0.34     50.149    1506.68  0.000e+00
       0.49     50.157    1506.69  0.000e+00
       0.56     50.100    1506.70  0.000e+00
       0.56     50.157    1506.70  0.000e+00
       0.56     50.157    1506.70  0.000e+00
       0.56     50.100    1506.70  0.000e+00
       0.44     50.157    1506.70  0.000e+00
       0.37     50.157    1506.71  0.000e+00
       0.34     50.157    1506.71  0.000e+00
       0.34     50.157    1506.71  0.000e+00
       0.37     50.157    1506.71  0.000e+00
       0.37     50.157    1506.71  0.000e+00
       0.37     50.157    1506.71  0.000e+00
       0.39     50.157    1506.71  0.000e+00
       0.39     50.206    1506.71  0.000e+00
       0.39     50.157    1506.71  0.000e+00
       0.39     50.223    1506.71  0.000e+00
       0.39     50.157    1506.71  0.000e+00
       0.34     50.223    1506.71  0.000e+00
       0.29     50.157    1506.71  0.000e+00
       0.29     50.280    1506.71  0.000e+00
       0.29     50.223    1506.71  0.000e+00
       0.32     50.157    1506.71  0.000e+00
       0.29     50.280    1506.71  0.000e+00
       0.37     50.223    1506.71  0.000e+00
       0.42     50.223    1506.71  0.000e+00
       0.44     50.280    1506.71  0.000e+00
       0.42     50.149    1506.71  0.000e+00
       0.42     50.346    1506.71  0.000e+00
       0.42     50.280    1506.71  0.000e+00
       0.34     50.280    1506.71  0.000e+00
       0.32     50.280    1506.71  0.000e+00
       0.32     50.346    1506.71  0.000e+00
       0.29     50.280    1506.71  0.000e+00
       0.32     50.280    1506.71  0.000e+00
       0.61     50.346    1506.71  0.000e+00
      55.04     50.346    1506.71  0.000e+00
      96.04     50.346    1506.71  0.000e+00
     100.00     50.346    1506.71  0.000e+00
     100.00     50.346    1506.71  0.000e+00
     100.00     50.403    1506.71  0.000e+00
      99.17     50.346    1506.71  0.000e+00
      42.37     50.395    1506.71  0.000e+00
       3.27     50.403    1506.71  0.000e+00
       0.00     50.403    1506.71  0.000e+00
       0.00     50.403    1506.71  0.000e+00
       0.07     50.403    1506.71  0.000e+00
       0.37     50.403    1506.70  0.000e+00
       0.37     50.469    1506.70  0.000e+00
       0.29     50.469    1506.70  0.000e+00
       0.27     50.403    1506.70  0.000e+00
       0.27     50.469    1506.70  0.000e+00
       0.27     50.469    1506.70  0.000e+00
       0.27     50.527    1506.70  0.000e+00
       0.27     50.469    1506.70  0.000e+00
       0.27     50.469    1506.70  0.000e+00
       0.27     50.510    1506.70  0.000e+00
       0.27     50.527    1506.70  0.000e+00
       0.27     50.469    1506.69  0.000e+00
       0.27     50.584    1506.70  0.000e+00
       0.29     50.469    1506.70  0.000e+00
       0.32     50.584    1506.70  0.000e+00
       0.32     50.469    1506.70  0.000e+00
       0.32     50.584    1506.70  0.000e+00
       0.32     50.526    1506.70  0.000e+00
       0.32     50.584    1506.70  0.000e+00
       0.29     50.526    1506.70  0.000e+00
       0.27     50.584    1506.70  0.000e+00
       0.27     50.584    1506.70  0.000e+00
       0.27     50.526    1506.70  0.000e+00
       0.27     50.584    1506.70  0.000e+00
       0.81     50.510    1506.70  0.000e+00
      56.80     50.650    1506.70  0.000e+00
      96.63     50.584    1506.70  0.000e+00
     100.00     50.584    1506.70  0.000e+00
     100.00     50.584    1506.70  0.000e+00
     100.00     50.584    1506.70  0.000e+00
      99.76     50.584    1506.70  0.000e+00
      44.79     50.584    1506.70  0.000e+00
       3.79     50.584    1506.70  0.000e+00
       0.00     50.584    1506.69  0.000e+00
       0.00     50.584    1506.69  0.000e+00
       0.00     50.584    1506.69  0.000e+00
       1.32     50.526    1506.69  0.000e+00
      59.41     50.649    1506.69  0.000e+00
      97.46     50.526    1506.69  0.000e+00
     100.00     50.649    1506.69  0.000e+00
     100.00     50.575    1506.69  0.000e+00
     100.00     50.526    1506.69  0.000e+00
      99.85     50.649    1506.69  0.000e+00
      46.30     50.526    1506.69  0.000e+00
       4.76     50.584    1506.69  0.000e+00
       0.00     50.584    1506.69  0.000e+00
       0.00     50.526    1506.69  0.000e+00
       0.29     50.649    1506.69  0.000e+00
       0.73     50.526    1506.69  0.000e+00
       0.51     50.583    1506.69  0.000e+00
       0.32     50.526    1506.69  0.000e+00
       0.27     50.583    1506.69  0.000e+00
       0.27     50.526    1506.69  0.000e+00
       0.27     50.526    1506.69  0.000e+00
       0.27     50.583    1506.69  0.000e+00
       0.37     50.575    1506.70  0.000e+00
       0.46     50.526    1506.70  0.000e+00
       0.49     50.526    1506.70  0.000e+00
       0.49     50.526    1506.70  0.000e+00
       0.46     50.583    1506.71  0.000e+00
       0.46     50.526    1506.71  0.000e+00
       0.34     50.583    1506.70  0.000e+00
       0.27     50.526    1506.70  0.000e+00
       0.24     50.526    1506.70  0.000e+00
       0.24     50.526    1506.70  0.000e+00
       0.24     50.526    1506.70  0.000e+00
       0.24     50.526    1506.70  0.000e+00
       0.63     50.526    1506.70  0.000e+00
       1.05     50.526    1506.70  0.000e+00
       1.15     50.526    1506.70  0.000e+00
       1.12     50.575    1506.71  0.000e+00
       1.10     50.526    1506.71  0.000e+00
       1.10     50.526    1506.71  0.000e+00
       0.83     50.525    1506.71  0.000e+00
       0.63     50.525    1506.71  0.000e+00
       0.61     50.583    1506.71  0.000e+00
       0.61     50.525    1506.71  0.000e+00
       0.61     50.525    1506.71  0.000e+00
       0.61     50.525    1506.71  0.000e+00
       0.54     50.583    1506.71  0.000e+00
       0.46     50.525    1506.70  0.000e+00
       0.46     50.525    1506.70  0.000e+00
       0.46     50.525    1506.70  0.000e+00
       0.46     50.583    1506.69  0.000e+00
       0.46     50.525    1506.69  0.000e+00
       0.73     50.575    1506.69  0.000e+00
       0.93     50.525    1506.68  0.000e+00
       1.00     50.525    1506.68  0.000e+00
       0.98     50.583    1506.68  0.000e+00
       0.95     50.525    1506.67  0.000e+00
       0.95     50.583    1506.67  0.000e+00
       0.56     50.583    1506.67  0.000e+00
       0.39     50.525    1506.67  0.000e+00
       0.37     50.583    1506.67  0.000e+00
       0.37     50.525    1506.66  0.000e+00
       0.37     50.583    1506.66  0.000e+00
       0.37     50.583    1506.66  0.000e+00
       0.29     50.525    1506.66  0.000e+00
       0.27     50.583    1506.65  0.000e+00
       0.27     50.583    1506.65  0.000e+00
       0.27     50.583    1506.64  0.000e+00
       0.27     50.574    1506.64  0.000e+00
       0.27     50.583    1506.65  0.000e+00
       0.29     50.583    1506.65  0.000e+00
       0.29     50.525    1506.64  0.000e+00
       0.29     50.648    1506.63  0.000e+00
       0.29     50.525    1506.64  0.000e+00
       0.29     50.582    1506.64  0.000e+00
       0.29     50.582    1506.64  0.000e+00
       0.37     50.648    1506.64  0.000e+00
       0.44     50.525    1506.63  0.000e+00
       0.46     50.648    1506.63  0.000e+00
       0.44     50.525    1506.63  0.000e+00
       0.44     50.648    1506.64  0.000e+00
       1.29     50.582    1506.63  0.000e+00
      57.80     50.582    1506.62  0.000e+00
      96.90     50.574    1506.61  0.000e+00
     100.00     50.648    1506.61  0.000e+00
     100.00     50.582    1506.62  0.000e+00
     100.00     50.582    1506.61  0.000e+00
      99.93     50.582    1506.60  0.000e+00
      53.26     50.648    1506.60  0.000e+00
       6.79     50.648    1506.59  0.000e+00
       0.00     50.582    1506.58  0.000e+00
       0.00     50.648    1506.57  0.000e+00
       0.00     50.648    1506.57  0.000e+00
       0.22     50.648    1506.56  0.000e+00
       0.37     50.525    1506.56  0.000e+00
       0.39     50.582    1506.56  0.000e+00
       0.39     50.467    1506.56  0.000e+00
       0.39     50.525    1506.56  0.000e+00
       0.39     50.508    1506.56  0.000e+00
       0.39     50.525    1506.56  0.000e+00
       0.42     50.401    1506.56  0.000e+00
       0.44     50.467    1506.56  0.000e+00
       0.44     50.401    1506.55  0.000e+00
       0.44     50.467    1506.55  0.000e+00
       0.44     50.401    1506.55  0.000e+00
       0.44     50.401    1506.55  0.000e+00
       0.37     50.401    1506.55  0.000e+00
       0.32     50.401    1506.55  0.000e+00
       0.32     50.401    1506.55  0.000e+00
       0.32     50.401    1506.55  0.000e+00
       0.32     50.343    1506.55  0.000e+00
       0.32     50.401    1506.54  0.000e+00
       0.46     50.343    1506.55  0.000e+00
       0.61     50.393    1506.55  0.000e+00
       0.63     50.278    1506.55  0.000e+00
       0.63     50.343    1506.55  0.000e+00
       0.63     50.278    1506.56  0.000e+00
       0.61     50.220    1506.56  0.000e+00
       0.39     50.220    1506.57  0.000e+00
       0.29     50.220    1506.57  0.000e+00
       0.29     50.154    1506.57  0.000e+00
       0.29     50.220    1506.57  0.000e+00
       0.29     50.096    1506.59  0.000e+00
       0.29     50.220    1506.60  0.000e+00
       0.32     50.096    1506.62  0.000e+00
       0.34     50.154    1506.64  0.000e+00
       0.34     50.096    1506.64  0.000e+00
       0.34     50.080    1506.64  0.000e+00
       0.34     50.096    1506.64  0.000e+00
       0.34     50.096    1506.64  0.000e+00
       0.37     50.039    1506.64  0.000e+00
       0.39     50.039    1506.64  0.000e+00
       0.39     50.096    1506.64  0.000e+00
       0.39     49.973    1506.65  0.000e+00
       0.39     50.039    1506.65  0.000e+00
       0.39     50.039    1506.66  0.000e+00
       0.32     49.915    1506.66  0.000e+00
       0.27     49.973    1506.66  0.000e+00
       0.27     49.973    1506.66  0.000e+00
       0.27     49.915    1506.65  0.000e+00
       0.27     49.899    1506.66  0.000e+00
       0.27     49.915    1506.66  0.000e+00
       0.44     49.915    1506.66  0.000e+00
       0.68     49.849    1506.66  0.000e+00
       0.71     49.849    1506.66  0.000e+00
       0.71     49.849    1506.66  0.000e+00
       0.71     49.849    1506.66  0.000e+00
       0.68     49.792    1506.66  0.000e+00
       0.49     49.849    1506.66  0.000e+00
       0.39     49.792    1506.66  0.000e+00
       0.37     49.849    1506.66  0.000e+00
       0.37     49.849    1506.66  0.000e+00
       0.37     49.899    1506.66  0.000e+00
       0.37     49.849    1506.66  0.000e+00
       0.37     49.915    1506.66  0.000e+00
       0.34     49.849    1506.66  0.000e+00
       0.34     49.849    1506.66  0.000e+00
       0.34     49.792    1506.66  0.000e+00
       0.34     49.849    1506.66  0.000e+00
       0.34     49.849    1506.66  0.000e+00
       0.39     49.792    1506.65  0.000e+00
       0.42     49.792    1506.65  0.000e+00
       0.42     49.734    1506.65  0.000e+00
       0.42     49.849    1506.65  0.000e+00
       0.39     49.791    1506.65  0.000e+00
       0.42     49.775    1506.65  0.000e+00
       0.32     49.791    1506.65  0.000e+00
       0.27     49.849    1506.65  0.000e+00
       0.27     49.791    1506.66  0.000e+00
       0.27     49.849    1506.66  0.000e+00
       0.27     49.849    1506.66  0.000e+00
       0.27     49.791    1506.66  0.000e+00
