test_casts/EN695_010_test.cnv
* Sea-Bird SBE 9 Data File:
* FileName = D:\ctd\raw\EN695_010.hdr
* Software Version Seasave V 7.26.7.121
* Temperature SN = 4333
* Conductivity SN = 2459
* Number of Bytes Per Scan = 40
* Number of Voltage Words = 5
* Number of Scans Averaged by the Deck Unit = 1
* NMEA Latitude = 40 51.76 N
* NMEA Longitude = 070 52.98 W
* NMEA UTC (Time) = Jan 13 2023  07:06:07
* NMEA baud rate = 4800
** Ship: R/V Endeavor
** Cruise: EN695
** Principal Investigator: Heidi Sosik
** Chief Scientist: Heidi Sosik
** Project: NES-LTER Transect 12 Winter
** Cruise Start Date: 11 Jan 2023
** Ports: Senesco Shipyard to Senesco Shipyard, North Kingstown, Rhode Island
** Station:  L3
** Bottom Depth: 55m
** Operator:  tc
# nquan = 4
# nvalues = 15186                                 
# units = specified
# name 0 = altM: Altimeter [m]
# name 1 = depSM: Depth [salt water, m]
# name 2 = svCM: Sound Velocity [Chen-Millero, m/s]
# name 3 = flag:  0.000e+00
# span 0 =       3.49,      52.58                 
# span 1 =      4.188,     51.423                 
# span 2 =    1485.60,    1486.33                 
# span 3 = 0.0000e+00, 0.0000e+00                 
# interval = seconds: 0.0416667
# start_time = Jan 13 2023 07:06:10 [System UTC, header]
# bad_flag = -9.990e-29
*END*
[from data line 13512]
      46.84      8.837    1485.67  0.000e+00
      46.86      8.854    1485.67  0.000e+00
      46.89      8.788    1485.67  0.000e+00
      46.86      8.854    1485.67  0.000e+00
      46.86      8.788    1485.67  0.000e+00
      46.84      8.788    1485.67  0.000e+00
      46.98      8.788    1485.67  0.000e+00
      47.08      8.772    1485.67  0.000e+00
      47.11      8.731    1485.67  0.000e+00
      47.11      8.731    1485.67  0.000e+00
      47.08      8.731    1485.67  0.000e+00
      47.08      8.673    1485.67  0.000e+00
      47.06      8.731    1485.67  0.000e+00
      47.03      8.673    1485.67  0.000e+00
      47.03      8.648    1485.67  0.000e+00
      47.03      8.607    1485.67  0.000e+00
      47.03      8.673    1485.67  0.000e+00
      47.03      8.607    1485.67  0.000e+00
      47.08      8.550    1485.66  0.000e+00
      47.13      8.607    1485.66  0.000e+00
      47.16      8.550    1485.66  0.000e+00
      47.16      8.533    1485.66  0.000e+00
      47.13      8.484    1485.66  0.000e+00
      47.11      8.550    1485.66  0.000e+00
      47.20      8.484    1485.66  0.000e+00
      47.25      8.426    1485.66  0.000e+00
      47.28      8.484    1485.66  0.000e+00
      47.25      8.426    1485.66  0.000e+00
      47.23      8.410    1485.66  0.000e+00
      47.23      8.426    1485.66  0.000e+00
      47.35      8.369    1485.66  0.000e+00
      47.45      8.369    1485.66  0.000e+00
      47.47      8.369    1485.66  0.000e+00
      47.47      8.369    1485.66  0.000e+00
      47.45      8.303    1485.66  0.000e+00
      47.45      8.303    1485.66  0.000e+00
      47.55      8.344    1485.66  0.000e+00
      47.64      8.303    1485.66  0.000e+00
      47.67      8.246    1485.66  0.000e+00
      47.67      8.303    1485.66  0.000e+00
      47.67      8.246    1485.66  0.000e+00
      47.64      8.246    1485.66  0.000e+00
      47.72      8.246    1485.66  0.000e+00
      47.77      8.246    1485.66  0.000e+00
      47.79      8.221    1485.66  0.000e+00
      47.77      8.246    1485.66  0.000e+00
      47.77      8.180    1485.66  0.000e+00
      47.77      8.246    1485.66  0.000e+00
      47.81      8.180    1485.66  0.000e+00
      47.89      8.180    1485.66  0.000e+00
      47.89      8.246    1485.66  0.000e+00
      47.89      8.164    1485.66  0.000e+00
      47.86      8.180    1485.66  0.000e+00
      47.86      8.180    1485.66  0.000e+00
      47.99      8.180    1485.66  0.000e+00
      48.08      8.180    1485.66  0.000e+00
      48.11      8.122    1485.66  0.000e+00
      48.08      8.180    1485.66  0.000e+00
      48.08      8.180    1485.66  0.000e+00
      48.06      8.106    1485.66  0.000e+00
      48.16      8.180    1485.66  0.000e+00
      48.25      8.122    1485.66  0.000e+00
      48.28      8.180    1485.66  0.000e+00
      48.28      8.180    1485.66  0.000e+00
      48.25      8.057    1485.66  0.000e+00
      48.25      8.180    1485.66  0.000e+00
      48.25      8.122    1485.66  0.000e+00
      48.28      8.106    1485.66  0.000e+00
      48.28      8.122    1485.66  0.000e+00
      48.28      8.180    1485.66  0.000e+00
      48.28      8.057    1485.66  0.000e+00
      48.28      8.123    1485.66  0.000e+00
      48.30      8.180    1485.66  0.000e+00
      48.40      8.057    1485.66  0.000e+00
      48.45      8.057    1485.66  0.000e+00
      48.47      8.106    1485.66  0.000e+00
      48.45      8.057    1485.66  0.000e+00
      48.42      8.123    1485.66  0.000e+00
      48.45      8.057    1485.66  0.000e+00
      48.45      8.057    1485.66  0.000e+00
      48.47      8.123    1485.66  0.000e+00
      48.47      8.057    1485.66  0.000e+00
      48.47      8.057    1485.66  0.000e+00
      48.45      8.040    1485.66  0.000e+00
      48.50      8.057    1485.66  0.000e+00
      48.55      7.999    1485.66  0.000e+00
      48.57      8.057    1485.66  0.000e+00
      48.57      7.999    1485.66  0.000e+00
      48.55      7.999    1485.66  0.000e+00
      48.52      8.057    1485.66  0.000e+00
      48.50      7.999    1485.66  0.000e+00
      48.47      7.983    1485.66  0.000e+00
      48.47      7.999    1485.66  0.000e+00
      48.47      7.942    1485.66  0.000e+00
      48.47      7.999    1485.66  0.000e+00
      48.45      7.942    1485.66  0.000e+00
      48.52      7.942    1485.65  0.000e+00
      48.57      7.999    1485.66  0.000e+00
      48.60      7.942    1485.65  0.000e+00
      48.57      7.917    1485.66  0.000e+00
      48.57      7.876    1485.65  0.000e+00
      48.55      7.942    1485.65  0.000e+00
      48.50      7.876    1485.65  0.000e+00
      48.47      7.876    1485.65  0.000e+00
      48.47      7.876    1485.65  0.000e+00
      48.47      7.876    1485.65  0.000e+00
      48.47      7.819    1485.65  0.000e+00
      48.47      7.860    1485.65  0.000e+00
      48.45      7.819    1485.65  0.000e+00
      48.45      7.753    1485.65  0.000e+00
      48.45      7.819    1485.65  0.000e+00
      48.45      7.819    1485.65  0.000e+00
      48.45      7.753    1485.65  0.000e+00
      48.42      7.753    1485.65  0.000e+00
      48.45      7.753    1485.65  0.000e+00
      48.45      7.736    1485.65  0.000e+00
      48.45      7.695    1485.65  0.000e+00
      48.42      7.695    1485.65  0.000e+00
      48.42      7.695    1485.65  0.000e+00
      48.42      7.695    1485.65  0.000e+00
      48.40      7.638    1485.65  0.000e+00
      48.38      7.638    1485.65  0.000e+00
      48.38      7.638    1485.65  0.000e+00
      48.38      7.613    1485.65  0.000e+00
      48.38      7.572    1485.65  0.000e+00
      48.35      7.572    1485.65  0.000e+00
      48.38      7.514    1485.65  0.000e+00
      48.38      7.572    1485.65  0.000e+00
      48.38      7.449    1485.65  0.000e+00
      48.35      7.514    1485.65  0.000e+00
      48.38      7.449    1485.65  0.000e+00
      48.35      7.449    1485.65  0.000e+00
      48.38      7.432    1485.65  0.000e+00
      48.38      7.325    1485.64  0.000e+00
      48.38      7.391    1485.64  0.000e+00
      48.38      7.325    1485.64  0.000e+00
      48.35      7.325    1485.64  0.000e+00
      48.35      7.268    1485.64  0.000e+00
      48.35      7.268    1485.64  0.000e+00
      48.35      7.268    1485.64  0.000e+00
      48.38      7.210    1485.64  0.000e+00
      48.38      7.194    1485.64  0.000e+00
      48.35      7.145    1485.64  0.000e+00
      48.35      7.145    1485.64  0.000e+00
      48.33      7.087    1485.64  0.000e+00
      48.30      7.087    1485.64  0.000e+00
      48.30      7.021    1485.64  0.000e+00
      48.33      7.021    1485.63  0.000e+00
      48.30      6.964    1485.63  0.000e+00
      48.30      6.964    1485.64  0.000e+00
      48.35      6.882    1485.63  0.000e+00
      48.38      6.906    1485.63  0.000e+00
      48.40      6.840    1485.63  0.000e+00
      48.40      6.840    1485.63  0.000e+00
      48.38      6.783    1485.63  0.000e+00
      48.35      6.717    1485.63  0.000e+00
      48.40      6.717    1485.63  0.000e+00
      48.42      6.717    1485.63  0.000e+00
      48.45      6.660    1485.63  0.000e+00
      48.45      6.660    1485.63  0.000e+00
      48.42      6.577    1485.63  0.000e+00
      48.42      6.602    1485.63  0.000e+00
      48.52      6.536    1485.63  0.000e+00
      48.60      6.536    1485.63  0.000e+00
      48.62      6.479    1485.62  0.000e+00
      48.60      6.479    1485.63  0.000e+00
      48.60      6.479    1485.62  0.000e+00
      48.57      6.413    1485.62  0.000e+00
      48.64      6.355    1485.62  0.000e+00
      48.69      6.413    1485.62  0.000e+00
      48.72      6.355    1485.62  0.000e+00
      48.72      6.339    1485.62  0.000e+00
      48.69      6.290    1485.62  0.000e+00
      48.67      6.355    1485.62  0.000e+00
      48.77      6.232    1485.62  0.000e+00
      48.86      6.232    1485.62  0.000e+00
      48.86      6.232    1485.62  0.000e+00
      48.86      6.290    1485.62  0.000e+00
      48.86      6.175    1485.62  0.000e+00
      48.84      6.232    1485.62  0.000e+00
      48.96      6.232    1485.62  0.000e+00
      49.04      6.175    1485.62  0.000e+00
      49.06      6.158    1485.62  0.000e+00
      49.04      6.232    1485.62  0.000e+00
      49.04      6.175    1485.62  0.000e+00
      49.04      6.175    1485.62  0.000e+00
      49.16      6.175    1485.62  0.000e+00
      49.28      6.175    1485.62  0.000e+00
      49.30      6.109    1485.62  0.000e+00
      49.30      6.175    1485.62  0.000e+00
      49.28      6.175    1485.62  0.000e+00
      49.26      6.175    1485.62  0.000e+00
      49.43      6.175    1485.62  0.000e+00
      49.55      6.158    1485.62  0.000e+00
      49.57      6.232    1485.62  0.000e+00
      49.55      6.175    1485.62  0.000e+00
      49.52      6.175    1485.62  0.000e+00
      49.52      6.232    1485.62  0.000e+00
      49.62      6.175    1485.62  0.000e+00
      49.67      6.290    1485.62  0.000e+00
      49.67      6.232    1485.62  0.000e+00
      49.67      6.290    1485.62  0.000e+00
      49.67      6.290    1485.62  0.000e+00
      49.65      6.232    1485.62  0.000e+00
      49.79      6.339    1485.62  0.000e+00
      49.89      6.290    1485.62  0.000e+00
      49.91      6.355    1485.62  0.000e+00
      49.91      6.355    1485.62  0.000e+00
      49.91      6.355    1485.62  0.000e+00
      49.89      6.413    1485.63  0.000e+00
      50.01      6.355    1485.62  0.000e+00
      50.13      6.413    1485.62  0.000e+00
      50.16      6.413    1485.62  0.000e+00
      50.16      6.479    1485.63  0.000e+00
      50.16      6.479    1485.63  0.000e+00
      50.13      6.520    1485.63  0.000e+00
      50.26      6.479    1485.63  0.000e+00
      50.38      6.536    1485.63  0.000e+00
      50.40      6.536    1485.63  0.000e+00
      50.40      6.479    1485.63  0.000e+00
      50.38      6.602    1485.63  0.000e+00
      50.35      6.536    1485.62  0.000e+00
      50.31      6.536    1485.62  0.000e+00
      50.23      6.602    1485.63  0.000e+00
      50.23      6.602    1485.63  0.000e+00
      50.21      6.643    1485.63  0.000e+00
      50.21      6.536    1485.62  0.000e+00
      50.21      6.602    1485.63  0.000e+00
      50.23      6.602    1485.63  0.000e+00
      50.26      6.602    1485.63  0.000e+00
      50.26      6.536    1485.62  0.000e+00
      50.26      6.660    1485.63  0.000e+00
      50.23      6.536    1485.62  0.000e+00
      50.21      6.602    1485.63  0.000e+00
      50.23      6.602    1485.63  0.000e+00
      50.23      6.520    1485.62  0.000e+00
      50.23      6.602    1485.63  0.000e+00
      50.23      6.536    1485.62  0.000e+00
      50.21      6.479    1485.63  0.000e+00
      50.21      6.536    1485.63  0.000e+00
      50.23      6.479    1485.62  0.000e+00
      50.28      6.479    1485.62  0.000e+00
      50.28      6.479    1485.62  0.000e+00
      50.28      6.413    1485.62  0.000e+00
      50.28      6.479    1485.62  0.000e+00
      50.28      6.356    1485.62  0.000e+00
      50.23      6.397    1485.62  0.000e+00
      50.21      6.356    1485.62  0.000e+00
      50.21      6.290    1485.62  0.000e+00
      50.21      6.290    1485.62  0.000e+00
      50.21      6.232    1485.62  0.000e+00
      50.18      6.290    1485.62  0.000e+00
      50.23      6.109    1485.62  0.000e+00
      50.28      6.175    1485.62  0.000e+00
      50.28      6.109    1485.62  0.000e+00
      50.28      6.109    1485.62  0.000e+00
      50.28      6.051    1485.62  0.000e+00
      50.26      6.035    1485.62  0.000e+00
      50.23      5.928    1485.62  0.000e+00
      50.21      5.928    1485.62  0.000e+00
      50.21      5.928    1485.62  0.000e+00
      50.21      5.871    1485.62  0.000e+00
      50.21      5.805    1485.61  0.000e+00
      50.21      5.805    1485.61  0.000e+00
      50.21      5.747    1485.61  0.000e+00
      50.21      5.682    1485.61  0.000e+00
      50.23      5.682    1485.61  0.000e+00
      50.23      5.624    1485.61  0.000e+00
      50.21      5.558    1485.61  0.000e+00
      50.21      5.542    1485.61  0.000e+00
      50.26      5.501    1485.61  0.000e+00
      50.28      5.443    1485.61  0.000e+00
      50.31      5.377    1485.61  0.000e+00
      50.28      5.443    1485.61  0.000e+00
      50.28      5.320    1485.61  0.000e+00
      50.28      5.320    1485.61  0.000e+00
      50.28      5.254    1485.61  0.000e+00
      50.28      5.254    1485.61  0.000e+00
      50.31      5.197    1485.61  0.000e+00
      50.31      5.197    1485.61  0.000e+00
      50.28      5.139    1485.61  0.000e+00
      50.26      5.073    1485.61  0.000e+00
      50.31      5.139    1485.61  0.000e+00
      50.31      5.057    1485.61  0.000e+00
      50.33      5.016    1485.61  0.000e+00
      50.31      5.016    1485.61  0.000e+00
      50.31      4.950    1485.61  0.000e+00
      50.28      4.893    1485.61  0.000e+00
      50.48      4.893    1485.61  0.000e+00
      50.62      4.893    1485.61  0.000e+00
      50.65      4.893    1485.61  0.000e+00
      50.65      4.835    1485.60  0.000e+00
      50.62      4.893    1485.61  0.000e+00
      50.62      4.769    1485.60  0.000e+00
      50.65      4.835    1485.60  0.000e+00
      50.67      4.835    1485.61  0.000e+00
      50.67      4.835    1485.60  0.000e+00
      50.67      4.835    1485.61  0.000e+00
      50.65      4.835    1485.60  0.000e+00
      50.65      4.753    1485.60  0.000e+00
      50.65      4.893    1485.61  0.000e+00
      50.67      4.835    1485.61  0.000e+00
      50.67      4.893    1485.61  0.000e+00
      50.67      4.893    1485.61  0.000e+00
      50.67      4.893    1485.61  0.000e+00
      50.65      4.893    1485.61  0.000e+00
      50.57      4.893    1485.61  0.000e+00
      50.50      4.950    1485.61  0.000e+00
      50.48      4.893    1485.61  0.000e+00
      50.48      4.950    1485.61  0.000e+00
      50.48      4.950    1485.61  0.000e+00
      50.45      4.950    1485.61  0.000e+00
      50.43      5.016    1485.61  0.000e+00
      50.38      5.016    1485.61  0.000e+00
      50.35      5.000    1485.61  0.000e+00
      50.35      5.073    1485.61  0.000e+00
      50.33      5.073    1485.61  0.000e+00
      50.33      5.073    1485.61  0.000e+00
      50.28      5.073    1485.61  0.000e+00
      50.28      5.139    1485.61  0.000e+00
      50.28      5.139    1485.61  0.000e+00
      50.28      5.139    1485.61  0.000e+00
      50.26      5.197    1485.61  0.000e+00
      50.26      5.197    1485.61  0.000e+00
      50.28      5.197    1485.61  0.000e+00
      50.26      5.197    1485.61  0.000e+00
      50.28      5.320    1485.61  0.000e+00
      50.28      5.254    1485.61  0.000e+00
      50.26      5.320    1485.61  0.000e+00
      50.26      5.304    1485.61  0.000e+00
      50.38      5.320    1485.61  0.000e+00
      50.53      5.378    1485.61  0.000e+00
      50.55      5.378    1485.61  0.000e+00
      50.55      5.443    1485.62  0.000e+00
      50.53      5.378    1485.61  0.000e+00
      50.53      5.443    1485.62  0.000e+00
      50.45      5.501    1485.62  0.000e+00
      50.38      5.501    1485.62  0.000e+00
      50.35      5.501    1485.62  0.000e+00
      50.35      5.501    1485.62  0.000e+00
      50.35      5.558    1485.62  0.000e+00
      50.35      5.558    1485.62  0.000e+00
      50.55      5.542    1485.62  0.000e+00
      50.72      5.558    1485.62  0.000e+00
      50.77      5.624    1485.62  0.000e+00
      50.74      5.624    1485.62  0.000e+00
      50.72      5.624    1485.62  0.000e+00
      50.72      5.624    1485.62  0.000e+00
      50.67      5.682    1485.62  0.000e+00
      50.62      5.682    1485.62  0.000e+00
      50.62      5.682    1485.62  0.000e+00
      50.62      5.624    1485.62  0.000e+00
      50.62      5.747    1485.62  0.000e+00
      50.62      5.747    1485.62  0.000e+00
