test_casts/EN695_013_test.cnv
* Sea-Bird SBE 9 Data File:
* FileName = D:\ctd\raw\EN695_013.hdr
* Software Version Seasave V 7.26.7.121
* Temperature SN = 4333
* Conductivity SN = 2459
* Number of Bytes Per Scan = 40
* Number of Voltage Words = 5
* Number of Scans Averaged by the Deck Unit = 1
* NMEA Latitude = 40 41.78 N
* NMEA Longitude = 070 59.81 W
* NMEA UTC (Time) = Jan 14 2023  08:07:53
* NMEA baud rate = 4800
** Ship: R/V Endeavor
** Cruise: EN695
** Principal Investigator: Heidi Sosik
** Chief Scientist: Heidi Sosik
** Project: NES-LTER Transect 12 Winter
** Cruise Start Date: 11 Jan 2023
** Ports: Senesco Shipyard to Senesco Shipyard, North Kingstown, Rhode Island
** Station:  d4a
** Bottom Depth: 64 m
** Operator:
# nquan = 4
# nvalues = 7068                                  
# units = specified
# name 0 = altM: Altimeter [m]
# name 1 = depSM: Depth [salt water, m]
# name 2 = svCM: Sound Velocity [Chen-Millero, m/s]
# name 3 = flag:  0.000e+00
# span 0 =       4.10,      87.79                 
# span 1 =      3.445,     59.310                 
# span 2 =    1482.92,    1488.61                 
# span 3 = 0.0000e+00, 0.0000e+00                 
# interval = seconds: 0.0416667
# start_time = Jan 14 2023 08:07:55 [System UTC, header]
# bad_flag = -9.990e-29
*END*
[from data line 6756]
      58.73      5.133    1482.94  0.000e+00
      58.73      5.199    1482.94  0.000e+00
      58.73      5.199    1482.94  0.000e+00
      58.73      5.133    1482.94  0.000e+00
      58.75      5.133    1482.94  0.000e+00
      58.78      5.199    1482.94  0.000e+00
      58.80      5.133    1482.94  0.000e+00
      58.80      5.133    1482.94  0.000e+00
      58.78      5.076    1482.94  0.000e+00
      58.78      5.133    1482.94  0.000e+00
      58.73      5.076    1482.94  0.000e+00
      58.66      5.133    1482.94  0.000e+00
      58.63      5.076    1482.94  0.000e+00
      58.63      5.076    1482.94  0.000e+00
      58.66      5.076    1482.94  0.000e+00
      58.63      5.076    1482.94  0.000e+00
      58.63      5.010    1482.94  0.000e+00
      58.63      5.010    1482.94  0.000e+00
      58.63      5.076    1482.94  0.000e+00
      58.63      5.010    1482.94  0.000e+00
      58.63      5.010    1482.94  0.000e+00
      58.61      5.010    1482.94  0.000e+00
      58.66      4.952    1482.93  0.000e+00
      58.78      5.010    1482.94  0.000e+00
      58.80      4.952    1482.94  0.000e+00
      58.80      5.010    1482.94  0.000e+00
      58.80      4.952    1482.94  0.000e+00
      58.80      4.952    1482.94  0.000e+00
      58.73      5.010    1482.94  0.000e+00
      58.63      4.952    1482.94  0.000e+00
      58.61      4.952    1482.94  0.000e+00
      58.61      4.952    1482.94  0.000e+00
      58.61      4.952    1482.94  0.000e+00
      58.58      4.952    1482.93  0.000e+00
      58.63      4.952    1482.93  0.000e+00
      58.63      4.952    1482.93  0.000e+00
      58.66      4.952    1482.93  0.000e+00
      58.63      5.010    1482.94  0.000e+00
      58.63      4.952    1482.94  0.000e+00
      58.63      4.952    1482.94  0.000e+00
      58.61      5.010    1482.94  0.000e+00
      58.61      4.952    1482.94  0.000e+00
      58.61      5.010    1482.94  0.000e+00
      58.61      5.010    1482.94  0.000e+00
      58.58      5.010    1482.94  0.000e+00
      58.58      5.076    1482.94  0.000e+00
      58.61      5.010    1482.94  0.000e+00
      58.66      5.076    1482.94  0.000e+00
      58.68      5.076    1482.94  0.000e+00
      58.68      5.076    1482.94  0.000e+00
      58.66      5.076    1482.94  0.000e+00
      58.63      5.133    1482.94  0.000e+00
      58.66      5.133    1482.94  0.000e+00
      58.71      5.133    1482.94  0.000e+00
      58.71      5.133    1482.94  0.000e+00
      58.71      5.133    1482.94  0.000e+00
      58.68      5.199    1482.94  0.000e+00
      58.68      5.199    1482.94  0.000e+00
      58.71      5.199    1482.94  0.000e+00
      58.75      5.256    1482.94  0.000e+00
      58.75      5.199    1482.94  0.000e+00
      58.78      5.314    1482.94  0.000e+00
      58.75      5.256    1482.94  0.000e+00
      58.73      5.256    1482.94  0.000e+00
      58.90      5.314    1482.94  0.000e+00
      59.15      5.314    1482.94  0.000e+00
      59.19      5.314    1482.94  0.000e+00
      59.22      5.380    1482.94  0.000e+00
      59.17      5.314    1482.94  0.000e+00
      59.17      5.380    1482.94  0.000e+00
      59.12      5.380    1482.94  0.000e+00
      59.07      5.437    1482.94  0.000e+00
      59.07      5.437    1482.94  0.000e+00
      59.07      5.437    1482.94  0.000e+00
      59.07      5.437    1482.94  0.000e+00
      59.05      5.380    1482.94  0.000e+00
      59.02      5.503    1482.95  0.000e+00
      58.95      5.503    1482.95  0.000e+00
      58.93      5.503    1482.95  0.000e+00
      58.93      5.437    1482.94  0.000e+00
      58.93      5.560    1482.95  0.000e+00
      58.93      5.503    1482.95  0.000e+00
      59.00      5.503    1482.95  0.000e+00
      59.12      5.560    1482.95  0.000e+00
      59.17      5.560    1482.95  0.000e+00
      59.17      5.560    1482.95  0.000e+00
      59.15      5.560    1482.95  0.000e+00
      59.15      5.618    1482.95  0.000e+00
      59.27      5.560    1482.95  0.000e+00
      59.41      5.618    1482.95  0.000e+00
      59.46      5.560    1482.95  0.000e+00
      59.46      5.618    1482.95  0.000e+00
      59.44      5.618    1482.95  0.000e+00
      59.41      5.618    1482.95  0.000e+00
      59.29      5.618    1482.95  0.000e+00
      59.10      5.684    1482.95  0.000e+00
      59.05      5.618    1482.95  0.000e+00
      59.05      5.684    1482.95  0.000e+00
      59.05      5.618    1482.95  0.000e+00
      59.02      5.684    1482.95  0.000e+00
      59.05      5.684    1482.95  0.000e+00
      59.02      5.618    1482.95  0.000e+00
      59.02      5.684    1482.95  0.000e+00
      59.02      5.684    1482.95  0.000e+00
      59.02      5.684    1482.95  0.000e+00
      59.00      5.684    1482.95  0.000e+00
      59.07      5.684    1482.95  0.000e+00
      59.15      5.741    1482.95  0.000e+00
      59.19      5.684    1482.95  0.000e+00
      59.17      5.741    1482.95  0.000e+00
      59.17      5.684    1482.95  0.000e+00
      59.15      5.741    1482.95  0.000e+00
      59.07      5.741    1482.95  0.000e+00
      58.95      5.741    1482.95  0.000e+00
      58.93      5.741    1482.95  0.000e+00
      58.93      5.741    1482.95  0.000e+00
      58.93      5.741    1482.95  0.000e+00
      58.90      5.807    1482.95  0.000e+00
      59.12      5.807    1482.95  0.000e+00
      59.39      5.618    1482.95  0.000e+00
      59.46      5.914    1482.95  0.000e+00
      59.46      5.807    1482.95  0.000e+00
      59.44      5.807    1482.95  0.000e+00
      59.44      5.865    1482.95  0.000e+00
      59.37      5.807    1482.95  0.000e+00
      59.24      5.865    1482.95  0.000e+00
      59.22      5.930    1482.95  0.000e+00
      59.22      5.930    1482.95  0.000e+00
      59.22      5.930    1482.95  0.000e+00
      59.19      5.930    1482.95  0.000e+00
      59.17      5.930    1482.95  0.000e+00
      59.10      5.930    1482.95  0.000e+00
      59.10      6.045    1482.96  0.000e+00
      59.10      5.930    1482.95  0.000e+00
      59.10      5.988    1482.95  0.000e+00
      59.07      5.988    1482.95  0.000e+00
      59.05      5.930    1482.95  0.000e+00
      58.97      5.988    1482.95  0.000e+00
      58.95      5.988    1482.95  0.000e+00
      58.95      5.988    1482.95  0.000e+00
      58.95      5.988    1482.95  0.000e+00
      58.93      5.988    1482.95  0.000e+00
      59.02      5.988    1482.95  0.000e+00
      59.15      6.045    1482.95  0.000e+00
      59.19      5.988    1482.95  0.000e+00
      59.17      5.988    1482.95  0.000e+00
      59.17      5.988    1482.95  0.000e+00
      59.15      6.045    1482.96  0.000e+00
      59.15      5.988    1482.95  0.000e+00
      59.10      6.045    1482.96  0.000e+00
      59.07      6.045    1482.95  0.000e+00
      59.10      5.988    1482.95  0.000e+00
      59.07      5.988    1482.95  0.000e+00
      59.07      6.045    1482.96  0.000e+00
      59.00      5.988    1482.95  0.000e+00
      58.90      6.045    1482.96  0.000e+00
      58.88      5.988    1482.96  0.000e+00
      58.88      5.988    1482.95  0.000e+00
      58.85      6.045    1482.96  0.000e+00
      58.83      5.988    1482.95  0.000e+00
      58.83      5.988    1482.95  0.000e+00
      58.78      5.988    1482.96  0.000e+00
      58.78      5.988    1482.95  0.000e+00
      58.78      5.988    1482.96  0.000e+00
      58.78      5.988    1482.95  0.000e+00
      58.75      5.930    1482.95  0.000e+00
      58.80      5.988    1482.95  0.000e+00
      58.88      5.988    1482.95  0.000e+00
      58.90      5.988    1482.95  0.000e+00
      58.90      5.930    1482.95  0.000e+00
      58.88      5.930    1482.95  0.000e+00
      58.88      5.988    1482.95  0.000e+00
      58.93      5.930    1482.95  0.000e+00
      58.97      5.930    1482.95  0.000e+00
      59.00      5.930    1482.95  0.000e+00
      59.00      5.930    1482.95  0.000e+00
      58.97      5.930    1482.95  0.000e+00
      58.95      5.865    1482.95  0.000e+00
      58.93      5.930    1482.95  0.000e+00
      58.90      5.865    1482.95  0.000e+00
      58.90      5.930    1482.95  0.000e+00
      58.88      5.865    1482.95  0.000e+00
      58.88      5.930    1482.95  0.000e+00
      58.88      5.930    1482.95  0.000e+00
      58.90      5.865    1482.95  0.000e+00
      58.97      5.864    1482.95  0.000e+00
      58.97      5.930    1482.95  0.000e+00
      59.00      5.864    1482.95  0.000e+00
      58.97      5.930    1482.95  0.000e+00
      58.95      5.864    1482.95  0.000e+00
      59.00      5.864    1482.95  0.000e+00
      59.02      5.930    1482.95  0.000e+00
      59.05      5.807    1482.95  0.000e+00
      59.05      5.914    1482.95  0.000e+00
      59.02      5.930    1482.95  0.000e+00
      59.00      5.864    1482.95  0.000e+00
      58.93      5.930    1482.95  0.000e+00
      58.78      5.864    1482.95  0.000e+00
      58.73      5.930    1482.95  0.000e+00
      58.73      5.930    1482.95  0.000e+00
      58.73      5.864    1482.95  0.000e+00
      58.73      5.988    1482.95  0.000e+00
      58.73      5.930    1482.95  0.000e+00
      58.75      5.930    1482.95  0.000e+00
      58.75      5.988    1482.95  0.000e+00
      58.75      5.930    1482.95  0.000e+00
      58.75      5.930    1482.95  0.000e+00
      58.73      5.988    1482.95  0.000e+00
      58.63      5.988    1482.95  0.000e+00
      58.49      5.988    1482.95  0.000e+00
      58.46      5.988    1482.95  0.000e+00
      58.46      5.988    1482.95  0.000e+00
      58.46      6.045    1482.95  0.000e+00
      58.44      6.045    1482.96  0.000e+00
      58.53      5.988    1482.95  0.000e+00
      58.66      6.111    1482.96  0.000e+00
      58.71      6.045    1482.96  0.000e+00
      58.71      6.045    1482.95  0.000e+00
      58.68      6.045    1482.95  0.000e+00
      58.68      6.111    1482.96  0.000e+00
      58.51      6.045    1482.95  0.000e+00
      58.32      6.111    1482.96  0.000e+00
      58.27      6.111    1482.96  0.000e+00
      58.24      6.111    1482.96  0.000e+00
      58.24      6.169    1482.96  0.000e+00
      58.24      6.111    1482.96  0.000e+00
      58.29      6.111    1482.96  0.000e+00
      58.34      6.111    1482.96  0.000e+00
      58.39      6.169    1482.96  0.000e+00
      58.36      6.111    1482.96  0.000e+00
      58.36      6.169    1482.96  0.000e+00
      58.34      6.111    1482.96  0.000e+00
      58.32      6.111    1482.96  0.000e+00
      58.24      6.169    1482.96  0.000e+00
      58.22      6.111    1482.96  0.000e+00
      58.22      6.111    1482.96  0.000e+00
      58.22      6.169    1482.96  0.000e+00
      58.19      6.111    1482.96  0.000e+00
      58.19      6.111    1482.96  0.000e+00
      58.17      6.111    1482.96  0.000e+00
      58.17      6.111    1482.96  0.000e+00
      58.17      6.045    1482.95  0.000e+00
      58.17      6.111    1482.96  0.000e+00
      58.14      6.111    1482.96  0.000e+00
      58.36      6.045    1482.96  0.000e+00
      58.66      6.045    1482.95  0.000e+00
      58.75      6.045    1482.95  0.000e+00
      58.73      6.045    1482.96  0.000e+00
      58.73      6.045    1482.96  0.000e+00
      58.71      6.045    1482.95  0.000e+00
      58.66      6.045    1482.95  0.000e+00
      58.51      5.988    1482.95  0.000e+00
      58.49      6.045    1482.95  0.000e+00
      58.49      5.988    1482.95  0.000e+00
      58.49      6.045    1482.95  0.000e+00
      58.46      5.988    1482.95  0.000e+00
      58.56      6.045    1482.95  0.000e+00
      58.75      5.864    1482.95  0.000e+00
      58.83      6.037    1482.95  0.000e+00
      58.80      6.045    1482.96  0.000e+00
      58.80      5.988    1482.95  0.000e+00
      58.78      5.988    1482.95  0.000e+00
      58.73      5.988    1482.95  0.000e+00
      58.63      5.988    1482.95  0.000e+00
      58.58      5.988    1482.95  0.000e+00
      58.58      5.988    1482.95  0.000e+00
      58.58      6.045    1482.95  0.000e+00
      58.56      5.988    1482.95  0.000e+00
      58.66      5.988    1482.95  0.000e+00
      58.78      5.988    1482.95  0.000e+00
      58.80      5.988    1482.95  0.000e+00
      58.83      5.988    1482.95  0.000e+00
      58.80      5.988    1482.95  0.000e+00
      58.78      6.045    1482.96  0.000e+00
      58.73      5.988    1482.95  0.000e+00
      58.61      5.988    1482.95  0.000e+00
      58.58      5.988    1482.95  0.000e+00
      58.61      6.045    1482.95  0.000e+00
      58.58      5.930    1482.95  0.000e+00
      58.58      6.045    1482.95  0.000e+00
      58.51      5.930    1482.95  0.000e+00
      58.41      5.988    1482.95  0.000e+00
      58.39      5.988    1482.96  0.000e+00
      58.39      5.988    1482.95  0.000e+00
      58.39      5.988    1482.95  0.000e+00
      58.36      5.930    1482.95  0.000e+00
      58.34      5.930    1482.95  0.000e+00
      58.27      5.988    1482.96  0.000e+00
      58.27      5.864    1482.95  0.000e+00
      58.27      5.930    1482.95  0.000e+00
      58.24      5.930    1482.95  0.000e+00
      58.24      5.930    1482.95  0.000e+00
      58.29      5.864    1482.95  0.000e+00
      58.34      5.930    1482.95  0.000e+00
      58.34      5.864    1482.95  0.000e+00
      58.34      5.930    1482.95  0.000e+00
      58.34      5.864    1482.95  0.000e+00
      58.32      5.807    1482.95  0.000e+00
      58.29      5.864    1482.95  0.000e+00
      58.27      5.864    1482.95  0.000e+00
      58.27      5.864    1482.95  0.000e+00
      58.27      5.807    1482.95  0.000e+00
      58.27      5.807    1482.95  0.000e+00
      58.27      5.807    1482.95  0.000e+00
      58.39      5.864    1482.95  0.000e+00
      58.53      5.741    1482.95  0.000e+00
      58.56      5.807    1482.95  0.000e+00
      58.56      5.807    1482.95  0.000e+00
      58.56      5.741    1482.95  0.000e+00
      58.53      5.807    1482.95  0.000e+00
      58.49      5.807    1482.95  0.000e+00
      58.41      5.741    1482.95  0.000e+00
