test_casts/EN695_001_test.cnv
* Sea-Bird SBE 9 Data File:
* FileName = D:\ctd\raw\EN695_001.hdr
* Software Version Seasave V 7.26.7.121
* Temperature SN = 4333
* Conductivity SN = 2459
* Number of Bytes Per Scan = 40
* Number of Voltage Words = 5
* Number of Scans Averaged by the Deck Unit = 1
* NMEA Latitude = 41 11.85 N
* NMEA Longitude = 070 53.03 W
* NMEA UTC (Time) = Jan 11 2023  19:52:12
* NMEA baud rate = 4800
** Ship: R/V Endeavor
** Cruise: EN695
** Principal Investigator: Heidi Sosik
** Chief Scientist: Heidi Sosik
** Project: NES-LTER Transect 12 Winter
** Cruise Start Date: 11 Jan 2023
** Ports: Senesco Shipyard to Senesco Shipyard, North Kingstown, Rhode Island
** Station:  L1
** Bottom Depth: 21 m
** Operator:  DF
# nquan = 4
# nvalues = 21217                                 
# units = specified
# name 0 = altM: Altimeter [m]
# name 1 = depSM: Depth [salt water, m]
# name 2 = svCM: Sound Velocity [Chen-Millero, m/s]
# name 3 = flag:  0.000e+00
# span 0 =       0.00,      19.73                 
# span 1 =      2.556,     22.333                 
# span 2 =    1472.36,    1473.90                 
# span 3 = 0.0000e+00, 0.0000e+00                 
# interval = seconds: 0.0416667
# start_time = Jan 11 2023 19:52:15 [System UTC, header]
# bad_flag = -9.990e-29
*END*
[from data line 16712]
      13.48      7.939    1473.65  0.000e+00
      13.48      8.104    1473.66  0.000e+00
      13.53      7.997    1473.65  0.000e+00
      13.53      7.997    1473.65  0.000e+00
      13.55      7.997    1473.65  0.000e+00
      13.55      7.939    1473.65  0.000e+00
      13.53      7.997    1473.65  0.000e+00
      13.55      7.997    1473.65  0.000e+00
      13.60      7.939    1473.65  0.000e+00
      13.63      7.939    1473.65  0.000e+00
      13.63      7.939    1473.65  0.000e+00
      13.63      7.939    1473.65  0.000e+00
      13.63      7.873    1473.65  0.000e+00
      13.63      7.939    1473.65  0.000e+00
      13.65      7.873    1473.65  0.000e+00
      13.68      7.873    1473.65  0.000e+00
      13.70      7.873    1473.65  0.000e+00
      13.70      7.873    1473.65  0.000e+00
      13.70      7.816    1473.65  0.000e+00
      13.70      7.873    1473.65  0.000e+00
      13.70      7.873    1473.65  0.000e+00
      13.75      7.816    1473.65  0.000e+00
      13.77      7.816    1473.65  0.000e+00
      13.80      7.750    1473.65  0.000e+00
      13.80      7.816    1473.65  0.000e+00
      13.80      7.750    1473.65  0.000e+00
      13.80      7.750    1473.65  0.000e+00
      13.82      7.750    1473.65  0.000e+00
      13.89      7.750    1473.65  0.000e+00
      13.92      7.692    1473.64  0.000e+00
      13.92      7.635    1473.64  0.000e+00
      13.89      7.692    1473.64  0.000e+00
      13.89      7.692    1473.64  0.000e+00
      13.92      7.692    1473.64  0.000e+00
      13.97      7.635    1473.64  0.000e+00
      13.97      7.635    1473.64  0.000e+00
      13.97      7.635    1473.64  0.000e+00
      13.97      7.635    1473.65  0.000e+00
      13.97      7.569    1473.67  0.000e+00
      13.97      7.569    1473.68  0.000e+00
      14.04      7.569    1473.69  0.000e+00
      14.04      7.569    1473.70  0.000e+00
      14.04      7.569    1473.71  0.000e+00
      14.04      7.446    1473.71  0.000e+00
      14.02      7.569    1473.72  0.000e+00
      14.07      7.388    1473.71  0.000e+00
      14.16      7.495    1473.72  0.000e+00
      14.19      7.512    1473.71  0.000e+00
      14.19      7.446    1473.71  0.000e+00
      14.19      7.388    1473.71  0.000e+00
      14.19      7.446    1473.71  0.000e+00
      14.21      7.446    1473.70  0.000e+00
      14.24      7.331    1473.70  0.000e+00
      14.24      7.388    1473.70  0.000e+00
      14.24      7.331    1473.70  0.000e+00
      14.24      7.388    1473.70  0.000e+00
      14.24      7.331    1473.70  0.000e+00
      14.33      7.331    1473.71  0.000e+00
      14.38      7.331    1473.72  0.000e+00
      14.38      7.331    1473.73  0.000e+00
      14.38      7.265    1473.72  0.000e+00
      14.38      7.265    1473.72  0.000e+00
      14.38      7.265    1473.72  0.000e+00
      14.38      7.265    1473.71  0.000e+00
      14.38      7.207    1473.71  0.000e+00
      14.38      7.207    1473.72  0.000e+00
      14.38      7.207    1473.73  0.000e+00
      14.38      7.142    1473.73  0.000e+00
      14.38      7.265    1473.73  0.000e+00
      14.43      7.142    1473.72  0.000e+00
      14.46      7.207    1473.73  0.000e+00
      14.43      7.142    1473.73  0.000e+00
      14.46      7.142    1473.75  0.000e+00
      14.43      7.142    1473.76  0.000e+00
      14.43      7.142    1473.76  0.000e+00
      14.43      7.142    1473.76  0.000e+00
      14.48      7.084    1473.75  0.000e+00
      14.48      7.142    1473.76  0.000e+00
      14.48      7.084    1473.76  0.000e+00
      14.48      7.084    1473.76  0.000e+00
      14.48      7.084    1473.75  0.000e+00
      14.48      7.084    1473.75  0.000e+00
      14.53      7.018    1473.75  0.000e+00
      14.55      7.084    1473.75  0.000e+00
      14.58      7.084    1473.75  0.000e+00
      14.55      7.018    1473.75  0.000e+00
      14.58      7.018    1473.75  0.000e+00
      14.58      7.018    1473.75  0.000e+00
      14.63      7.084    1473.75  0.000e+00
      14.60      7.018    1473.75  0.000e+00
      14.63      7.018    1473.75  0.000e+00
      14.63      7.018    1473.75  0.000e+00
      14.63      7.018    1473.75  0.000e+00
      14.63      7.018    1473.74  0.000e+00
      14.65      7.018    1473.74  0.000e+00
      14.65      6.961    1473.73  0.000e+00
      14.65      6.961    1473.73  0.000e+00
      14.65      6.961    1473.74  0.000e+00
      14.65      6.961    1473.75  0.000e+00
      14.68      6.961    1473.76  0.000e+00
      14.68      6.961    1473.77  0.000e+00
      14.70      6.961    1473.78  0.000e+00
      14.73      6.961    1473.79  0.000e+00
      14.73      6.903    1473.79  0.000e+00
      14.73      6.961    1473.79  0.000e+00
      14.73      6.903    1473.78  0.000e+00
      14.73      6.961    1473.78  0.000e+00
      14.73      6.903    1473.78  0.000e+00
      14.73      6.903    1473.78  0.000e+00
      14.70      6.961    1473.78  0.000e+00
      14.73      6.903    1473.77  0.000e+00
      14.73      6.903    1473.77  0.000e+00
      14.70      6.903    1473.77  0.000e+00
      14.75      6.903    1473.77  0.000e+00
      14.82      6.903    1473.77  0.000e+00
      14.85      6.903    1473.76  0.000e+00
      14.85      6.838    1473.76  0.000e+00
      14.85      6.903    1473.77  0.000e+00
      14.85      6.838    1473.78  0.000e+00
      14.82      6.838    1473.79  0.000e+00
      14.80      6.903    1473.80  0.000e+00
      14.80      6.838    1473.81  0.000e+00
      14.80      6.780    1473.81  0.000e+00
      14.80      6.838    1473.82  0.000e+00
      14.82      6.838    1473.82  0.000e+00
      14.87      6.838    1473.82  0.000e+00
      14.92      6.780    1473.83  0.000e+00
      14.92      6.838    1473.83  0.000e+00
      14.92      6.780    1473.83  0.000e+00
      14.90      6.780    1473.83  0.000e+00
      14.92      6.780    1473.83  0.000e+00
      14.92      6.714    1473.83  0.000e+00
      14.95      6.780    1473.83  0.000e+00
      14.95      6.657    1473.83  0.000e+00
      14.95      6.780    1473.83  0.000e+00
      14.97      6.657    1473.83  0.000e+00
      14.95      6.714    1473.84  0.000e+00
      14.97      6.657    1473.84  0.000e+00
      14.97      6.714    1473.83  0.000e+00
      14.99      6.657    1473.83  0.000e+00
      14.99      6.657    1473.83  0.000e+00
      14.99      6.657    1473.83  0.000e+00
      14.99      6.599    1473.83  0.000e+00
      14.99      6.599    1473.84  0.000e+00
      15.04      6.599    1473.84  0.000e+00
      15.02      6.599    1473.84  0.000e+00
      15.04      6.533    1473.85  0.000e+00
      15.04      6.599    1473.85  0.000e+00
      15.02      6.533    1473.84  0.000e+00
      15.07      6.599    1473.83  0.000e+00
      15.09      6.476    1473.83  0.000e+00
      15.12      6.533    1473.83  0.000e+00
      15.12      6.533    1473.83  0.000e+00
      15.12      6.476    1473.82  0.000e+00
      15.12      6.476    1473.82  0.000e+00
      15.16      6.476    1473.82  0.000e+00
      15.24      6.476    1473.82  0.000e+00
      15.26      6.410    1473.81  0.000e+00
      15.26      6.410    1473.81  0.000e+00
      15.24      6.410    1473.82  0.000e+00
      15.24      6.410    1473.82  0.000e+00
      15.26      6.410    1473.82  0.000e+00
      15.24      6.353    1473.82  0.000e+00
      15.26      6.353    1473.82  0.000e+00
      15.24      6.353    1473.82  0.000e+00
      15.26      6.410    1473.82  0.000e+00
      15.24      6.295    1473.82  0.000e+00
      15.26      6.353    1473.82  0.000e+00
      15.29      6.353    1473.82  0.000e+00
      15.29      6.295    1473.81  0.000e+00
      15.26      6.295    1473.81  0.000e+00
      15.29      6.353    1473.81  0.000e+00
      15.29      6.295    1473.81  0.000e+00
      15.31      6.295    1473.81  0.000e+00
      15.34      6.295    1473.81  0.000e+00
      15.34      6.229    1473.81  0.000e+00
      15.34      6.295    1473.81  0.000e+00
      15.34      6.295    1473.81  0.000e+00
      15.34      6.295    1473.81  0.000e+00
      15.38      6.229    1473.81  0.000e+00
      15.43      6.229    1473.81  0.000e+00
      15.46      6.295    1473.81  0.000e+00
      15.46      6.229    1473.81  0.000e+00
      15.43      6.229    1473.81  0.000e+00
      15.43      6.295    1473.80  0.000e+00
      15.48      6.172    1473.80  0.000e+00
      15.51      6.295    1473.80  0.000e+00
      15.51      6.172    1473.80  0.000e+00
      15.51      6.295    1473.80  0.000e+00
      15.51      6.172    1473.80  0.000e+00
      15.51      6.229    1473.80  0.000e+00
      15.51      6.229    1473.80  0.000e+00
      15.51      6.172    1473.80  0.000e+00
      15.53      6.229    1473.80  0.000e+00
      15.51      6.229    1473.80  0.000e+00
      15.51      6.229    1473.80  0.000e+00
      15.51      6.172    1473.80  0.000e+00
      15.56      6.172    1473.80  0.000e+00
      15.60      6.172    1473.80  0.000e+00
      15.63      6.229    1473.79  0.000e+00
      15.60      6.172    1473.79  0.000e+00
      15.63      6.172    1473.79  0.000e+00
      15.60      6.172    1473.79  0.000e+00
      15.65      6.172    1473.79  0.000e+00
      15.68      6.172    1473.80  0.000e+00
      15.70      6.172    1473.80  0.000e+00
      15.70      6.106    1473.80  0.000e+00
      15.70      6.172    1473.80  0.000e+00
      15.68      6.106    1473.80  0.000e+00
      15.70      6.106    1473.79  0.000e+00
      15.70      6.106    1473.79  0.000e+00
      15.70      6.106    1473.78  0.000e+00
      15.70      6.106    1473.78  0.000e+00
      15.70      6.106    1473.78  0.000e+00
      15.70      6.048    1473.78  0.000e+00
      15.75      6.048    1473.78  0.000e+00
      15.82      6.048    1473.78  0.000e+00
      15.85      6.048    1473.78  0.000e+00
      15.82      6.048    1473.78  0.000e+00
      15.82      6.048    1473.77  0.000e+00
      15.82      5.983    1473.76  0.000e+00
      15.82      5.983    1473.75  0.000e+00
      15.82      5.983    1473.73  0.000e+00
      15.82      5.983    1473.72  0.000e+00
      15.85      5.925    1473.71  0.000e+00
      15.85      5.925    1473.71  0.000e+00
      15.85      5.925    1473.71  0.000e+00
      15.82      5.925    1473.72  0.000e+00
      15.82      5.818    1473.72  0.000e+00
      15.80      5.925    1473.73  0.000e+00
      15.78      5.868    1473.74  0.000e+00
      15.80      5.868    1473.74  0.000e+00
      15.80      5.802    1473.75  0.000e+00
      15.80      5.802    1473.74  0.000e+00
      15.97      5.802    1473.75  0.000e+00
      16.09      5.802    1473.75  0.000e+00
      16.12      5.744    1473.76  0.000e+00
      16.12      5.802    1473.76  0.000e+00
      16.09      5.679    1473.77  0.000e+00
      16.09      5.744    1473.77  0.000e+00
      16.09      5.744    1473.77  0.000e+00
      16.09      5.679    1473.76  0.000e+00
      16.14      5.679    1473.75  0.000e+00
      16.17      5.679    1473.74  0.000e+00
      16.19      5.679    1473.74  0.000e+00
      16.17      5.621    1473.74  0.000e+00
      16.17      5.621    1473.74  0.000e+00
      16.17      5.621    1473.74  0.000e+00
      16.21      5.621    1473.73  0.000e+00
      16.26      5.563    1473.73  0.000e+00
      16.29      5.621    1473.74  0.000e+00
      16.29      5.498    1473.74  0.000e+00
      16.26      5.563    1473.74  0.000e+00
      16.26      5.563    1473.74  0.000e+00
      16.31      5.498    1473.75  0.000e+00
      16.36      5.498    1473.76  0.000e+00
      16.39      5.498    1473.76  0.000e+00
      16.36      5.563    1473.76  0.000e+00
      16.39      5.498    1473.76  0.000e+00
      16.36      5.498    1473.76  0.000e+00
      16.36      5.440    1473.76  0.000e+00
      16.36      5.498    1473.76  0.000e+00
      16.34      5.498    1473.76  0.000e+00
      16.34      5.440    1473.76  0.000e+00
      16.34      5.498    1473.76  0.000e+00
      16.34      5.498    1473.76  0.000e+00
      16.34      5.440    1473.76  0.000e+00
      16.34      5.498    1473.77  0.000e+00
      16.43      5.498    1473.77  0.000e+00
      16.48      5.498    1473.77  0.000e+00
      16.48      5.440    1473.77  0.000e+00
      16.48      5.498    1473.77  0.000e+00
      16.48      5.498    1473.77  0.000e+00
      16.48      5.498    1473.77  0.000e+00
      16.46      5.440    1473.77  0.000e+00
      16.48      5.498    1473.77  0.000e+00
      16.46      5.514    1473.77  0.000e+00
      16.46      5.498    1473.77  0.000e+00
      16.48      5.440    1473.77  0.000e+00
      16.48      5.498    1473.77  0.000e+00
      16.48      5.498    1473.77  0.000e+00
      16.46      5.498    1473.77  0.000e+00
      16.43      5.440    1473.77  0.000e+00
      16.43      5.498    1473.77  0.000e+00
      16.43      5.498    1473.77  0.000e+00
      16.43      5.498    1473.77  0.000e+00
      16.41      5.440    1473.77  0.000e+00
      16.48      5.498    1473.77  0.000e+00
      16.53      5.498    1473.77  0.000e+00
      16.56      5.498    1473.77  0.000e+00
      16.56      5.440    1473.77  0.000e+00
      16.56      5.498    1473.77  0.000e+00
      16.56      5.440    1473.77  0.000e+00
      16.53      5.440    1473.77  0.000e+00
      16.53      5.498    1473.77  0.000e+00
      16.46      5.498    1473.77  0.000e+00
      16.43      5.374    1473.77  0.000e+00
      16.43      5.498    1473.77  0.000e+00
      16.46      5.374    1473.77  0.000e+00
      16.43      5.440    1473.77  0.000e+00
      16.48      5.440    1473.77  0.000e+00
      16.53      5.440    1473.76  0.000e+00
      16.53      5.374    1473.76  0.000e+00
      16.53      5.374    1473.76  0.000e+00
      16.53      5.374    1473.76  0.000e+00
      16.53      5.374    1473.76  0.000e+00
      16.58      5.317    1473.76  0.000e+00
      16.61      5.374    1473.76  0.000e+00
      16.61      5.317    1473.76  0.000e+00
      16.61      5.317    1473.76  0.000e+00
      16.61      5.317    1473.76  0.000e+00
      16.61      5.317    1473.76  0.000e+00
      16.63      5.251    1473.76  0.000e+00
      16.63      5.317    1473.76  0.000e+00
      16.63      5.251    1473.75  0.000e+00
      16.61      5.251    1473.75  0.000e+00
      16.63      5.194    1473.75  0.000e+00
      16.61      5.268    1473.75  0.000e+00
      16.68      5.194    1473.75  0.000e+00
      16.70      5.194    1473.75  0.000e+00
      16.73      5.194    1473.75  0.000e+00
      16.70      5.136    1473.75  0.000e+00
      16.70      5.136    1473.75  0.000e+00
      16.68      5.136    1473.75  0.000e+00
      16.68      5.136    1473.75  0.000e+00
      16.65      5.070    1473.75  0.000e+00
      16.65      5.070    1473.75  0.000e+00
      16.65      5.070    1473.75  0.000e+00
      16.65      5.070    1473.75  0.000e+00
      16.65      5.013    1473.75  0.000e+00
      16.65      5.070    1473.75  0.000e+00
      16.70      5.013    1473.75  0.000e+00
      16.68      5.013    1473.75  0.000e+00
      16.68      4.889    1473.75  0.000e+00
      16.68      5.013    1473.75  0.000e+00
      16.68      4.947    1473.75  0.000e+00
      16.73      4.947    1473.75  0.000e+00
      16.78      4.947    1473.75  0.000e+00
      16.78      4.947    1473.75  0.000e+00
      16.78      4.889    1473.75  0.000e+00
      16.78      4.889    1473.76  0.000e+00
      16.78      4.889    1473.76  0.000e+00
      16.87      4.889    1473.76  0.000e+00
      16.95      4.889    1473.76  0.000e+00
      16.95      4.889    1473.76  0.000e+00
      16.95      4.832    1473.75  0.000e+00
      16.95      4.832    1473.75  0.000e+00
      16.92      4.840    1473.75  0.000e+00
      16.83      4.832    1473.75  0.000e+00
      16.80      4.832    1473.75  0.000e+00
      16.78      4.766    1473.75  0.000e+00
      16.78      4.832    1473.76  0.000e+00
      16.78      4.766    1473.75  0.000e+00
      16.78      4.832    1473.76  0.000e+00
