test_casts/EN695_009_test.cnv
* Sea-Bird SBE 9 Data File:
* FileName = D:\ctd\raw\EN695_009.hdr
* Software Version Seasave V 7.26.7.121
* Temperature SN = 4333
* Conductivity SN = 2459
* Number of Bytes Per Scan = 40
* Number of Voltage Words = 5
* Number of Scans Averaged by the Deck Unit = 1
* NMEA Latitude = 40 41.80 N
* NMEA Longitude = 070 53.03 W
* NMEA UTC (Time) = Jan 13 2023  04:19:11
* NMEA baud rate = 4800
** Ship: R/V Endeavor
** Cruise: EN695
** Principal Investigator: Heidi Sosik
** Chief Scientist: Heidi Sosik
** Project: NES-LTER Transect 12 Winter
** Cruise Start Date: 11 Jan 2023
** Ports: Senesco Shipyard to Senesco Shipyard, North Kingstown, Rhode Island
** Station:  L4
** Bottom Depth: 66m
** Operator:  tc
# nquan = 4
# nvalues = 19011                                 
# units = specified
# name 0 = altM: Altimeter [m]
# name 1 = depSM: Depth [salt water, m]
# name 2 = svCM: Sound Velocity [Chen-Millero, m/s]
# name 3 = flag:  0.000e+00
# span 0 =       0.00,      92.31                 
# span 1 =      2.040,     61.814                 
# span 2 =    1485.95,    1487.77                 
# span 3 = 0.0000e+00, 0.0000e+00                 
# interval = seconds: 0.0416667
# start_time = Jan 13 2023 04:19:14 [System UTC, header]
# bad_flag = -9.990e-29
*END*
[from data line 11734]
      26.25     40.366    1487.50  0.000e+00
      26.23     40.482    1487.50  0.000e+00
      26.18     40.366    1487.49  0.000e+00
      26.15     40.465    1487.50  0.000e+00
      26.15     40.482    1487.50  0.000e+00
      26.15     40.481    1487.51  0.000e+00
      26.13     40.481    1487.51  0.000e+00
      26.13     40.407    1487.51  0.000e+00
      26.08     40.671    1487.52  0.000e+00
      26.03     40.547    1487.51  0.000e+00
      26.06     40.547    1487.52  0.000e+00
      26.06     40.547    1487.52  0.000e+00
      26.06     40.588    1487.52  0.000e+00
      26.01     40.605    1487.52  0.000e+00
      25.93     40.547    1487.52  0.000e+00
      25.91     40.605    1487.52  0.000e+00
      25.91     40.646    1487.52  0.000e+00
      25.89     40.605    1487.52  0.000e+00
      25.89     40.671    1487.52  0.000e+00
      25.89     40.605    1487.51  0.000e+00
      25.84     40.646    1487.51  0.000e+00
      25.81     40.671    1487.51  0.000e+00
      25.84     40.671    1487.52  0.000e+00
      25.81     40.671    1487.52  0.000e+00
      25.79     40.588    1487.51  0.000e+00
      25.86     40.671    1487.52  0.000e+00
      25.93     40.605    1487.51  0.000e+00
      25.96     40.671    1487.51  0.000e+00
      25.93     40.671    1487.51  0.000e+00
      25.93     40.588    1487.51  0.000e+00
      25.93     40.605    1487.51  0.000e+00
      25.89     40.605    1487.50  0.000e+00
      25.76     40.605    1487.51  0.000e+00
      25.74     40.588    1487.51  0.000e+00
      25.74     40.605    1487.51  0.000e+00
      25.71     40.605    1487.51  0.000e+00
      25.71     40.547    1487.51  0.000e+00
      25.74     40.588    1487.51  0.000e+00
      25.79     40.547    1487.51  0.000e+00
      25.81     40.481    1487.51  0.000e+00
      25.81     40.547    1487.51  0.000e+00
      25.81     40.465    1487.51  0.000e+00
      25.79     40.481    1487.51  0.000e+00
      25.81     40.481    1487.51  0.000e+00
      25.84     40.481    1487.51  0.000e+00
      25.84     40.407    1487.51  0.000e+00
      25.84     40.424    1487.51  0.000e+00
      25.84     40.366    1487.51  0.000e+00
      25.81     40.366    1487.51  0.000e+00
      25.86     40.366    1487.51  0.000e+00
      25.93     40.342    1487.51  0.000e+00
      25.96     40.366    1487.51  0.000e+00
      25.93     40.243    1487.51  0.000e+00
      25.96     40.300    1487.51  0.000e+00
      25.93     40.218    1487.50  0.000e+00
      25.98     40.243    1487.50  0.000e+00
      26.08     40.177    1487.50  0.000e+00
      26.13     40.177    1487.50  0.000e+00
      26.11     40.095    1487.50  0.000e+00
      26.11     40.119    1487.50  0.000e+00
      26.08     40.119    1487.50  0.000e+00
      26.13     40.054    1487.50  0.000e+00
      26.18     40.095    1487.50  0.000e+00
      26.20     39.996    1487.50  0.000e+00
      26.20     39.939    1487.50  0.000e+00
      26.18     39.939    1487.50  0.000e+00
      26.18     39.914    1487.50  0.000e+00
      26.25     39.939    1487.50  0.000e+00
      26.40     39.873    1487.50  0.000e+00
      26.45     39.815    1487.49  0.000e+00
      26.42     39.856    1487.50  0.000e+00
      26.42     39.749    1487.49  0.000e+00
      26.42     39.815    1487.49  0.000e+00
      26.50     39.749    1487.49  0.000e+00
      26.59     39.733    1487.49  0.000e+00
      26.64     39.692    1487.49  0.000e+00
      26.64     39.749    1487.49  0.000e+00
      26.64     39.634    1487.49  0.000e+00
      26.62     39.667    1487.49  0.000e+00
      26.64     39.569    1487.49  0.000e+00
      26.67     39.634    1487.49  0.000e+00
      26.67     39.634    1487.49  0.000e+00
      26.67     39.610    1487.49  0.000e+00
      26.67     39.511    1487.49  0.000e+00
      26.67     39.568    1487.49  0.000e+00
      26.72     39.511    1487.49  0.000e+00
      26.81     39.552    1487.49  0.000e+00
      26.84     39.511    1487.49  0.000e+00
      26.84     39.511    1487.49  0.000e+00
      26.84     39.486    1487.49  0.000e+00
      26.84     39.568    1487.49  0.000e+00
      26.84     39.445    1487.49  0.000e+00
      26.91     39.511    1487.49  0.000e+00
      26.94     39.486    1487.49  0.000e+00
      26.91     39.511    1487.49  0.000e+00
      26.91     39.445    1487.49  0.000e+00
      26.91     39.511    1487.49  0.000e+00
      26.91     39.486    1487.49  0.000e+00
      26.94     39.445    1487.49  0.000e+00
      26.91     39.511    1487.49  0.000e+00
      26.91     39.511    1487.49  0.000e+00
      26.91     39.552    1487.49  0.000e+00
      26.91     39.511    1487.49  0.000e+00
      26.96     39.511    1487.49  0.000e+00
      27.03     39.568    1487.49  0.000e+00
      27.06     39.552    1487.49  0.000e+00
      27.06     39.634    1487.49  0.000e+00
      27.06     39.568    1487.49  0.000e+00
      27.03     39.568    1487.49  0.000e+00
      27.03     39.667    1487.49  0.000e+00
      27.03     39.634    1487.49  0.000e+00
      27.01     39.692    1487.49  0.000e+00
      27.03     39.692    1487.49  0.000e+00
      27.03     39.667    1487.49  0.000e+00
      27.01     39.749    1487.49  0.000e+00
      26.98     39.815    1487.49  0.000e+00
      26.89     39.749    1487.49  0.000e+00
      26.89     39.790    1487.50  0.000e+00
      26.89     39.873    1487.50  0.000e+00
      26.89     39.815    1487.50  0.000e+00
      26.86     39.938    1487.50  0.000e+00
      26.81     39.914    1487.50  0.000e+00
      26.72     39.996    1487.50  0.000e+00
      26.69     39.938    1487.50  0.000e+00
      26.67     40.053    1487.50  0.000e+00
      26.69     40.037    1487.50  0.000e+00
      26.67     40.053    1487.50  0.000e+00
      26.69     40.119    1487.50  0.000e+00
      26.72     40.119    1487.50  0.000e+00
      26.72     40.160    1487.50  0.000e+00
      26.72     40.177    1487.50  0.000e+00
      26.72     40.242    1487.50  0.000e+00
      26.69     40.242    1487.50  0.000e+00
      26.64     40.284    1487.50  0.000e+00
      26.57     40.366    1487.50  0.000e+00
      26.52     40.366    1487.50  0.000e+00
      26.54     40.366    1487.50  0.000e+00
      26.52     40.407    1487.50  0.000e+00
      26.52     40.423    1487.50  0.000e+00
      26.54     40.481    1487.50  0.000e+00
      26.59     40.481    1487.50  0.000e+00
      26.62     40.588    1487.50  0.000e+00
      26.62     40.547    1487.50  0.000e+00
      26.62     40.604    1487.51  0.000e+00
      26.59     40.604    1487.51  0.000e+00
      26.52     40.711    1487.51  0.000e+00
      26.35     40.670    1487.51  0.000e+00
      26.25     40.728    1487.51  0.000e+00
      26.28     40.785    1487.51  0.000e+00
      26.28     40.785    1487.51  0.000e+00
      26.28     40.769    1487.51  0.000e+00
      26.23     40.785    1487.51  0.000e+00
      26.11     40.851    1487.52  0.000e+00
      26.08     40.851    1487.52  0.000e+00
      26.08     40.892    1487.52  0.000e+00
      26.08     40.974    1487.51  0.000e+00
      26.06     40.851    1487.51  0.000e+00
      26.01     40.974    1487.51  0.000e+00
      25.91     40.950    1487.51  0.000e+00
      25.86     40.974    1487.52  0.000e+00
      25.89     40.974    1487.52  0.000e+00
      25.89     40.974    1487.52  0.000e+00
      25.89     41.032    1487.52  0.000e+00
      25.84     40.949    1487.52  0.000e+00
      25.71     41.032    1487.52  0.000e+00
      25.69     41.032    1487.52  0.000e+00
      25.69     40.974    1487.51  0.000e+00
      25.69     41.015    1487.51  0.000e+00
      25.69     41.032    1487.51  0.000e+00
      25.59     40.974    1487.51  0.000e+00
      25.42     40.974    1487.51  0.000e+00
      25.35     41.015    1487.51  0.000e+00
      25.37     40.974    1487.51  0.000e+00
      25.37     40.974    1487.51  0.000e+00
      25.37     40.974    1487.51  0.000e+00
      25.37     40.974    1487.51  0.000e+00
      25.32     40.949    1487.51  0.000e+00
      25.32     40.974    1487.51  0.000e+00
      25.32     40.908    1487.51  0.000e+00
      25.32     40.908    1487.52  0.000e+00
      25.30     40.892    1487.52  0.000e+00
      25.32     40.908    1487.52  0.000e+00
      25.35     40.851    1487.53  0.000e+00
      25.35     40.851    1487.52  0.000e+00
      25.35     40.826    1487.52  0.000e+00
      25.37     40.785    1487.52  0.000e+00
      25.35     40.851    1487.52  0.000e+00
      25.37     40.727    1487.52  0.000e+00
      25.42     40.785    1487.51  0.000e+00
      25.45     40.768    1487.51  0.000e+00
      25.42     40.670    1487.51  0.000e+00
      25.45     40.727    1487.51  0.000e+00
      25.42     40.670    1487.51  0.000e+00
      25.49     40.645    1487.52  0.000e+00
      25.57     40.604    1487.52  0.000e+00
      25.59     40.604    1487.52  0.000e+00
      25.62     40.546    1487.52  0.000e+00
      25.59     40.522    1487.52  0.000e+00
      25.59     40.546    1487.52  0.000e+00
      25.64     40.546    1487.52  0.000e+00
      25.76     40.481    1487.52  0.000e+00
      25.79     40.464    1487.52  0.000e+00
      25.81     40.423    1487.52  0.000e+00
      25.79     40.423    1487.52  0.000e+00
      25.79     40.365    1487.52  0.000e+00
      25.81     40.283    1487.52  0.000e+00
      25.89     40.423    1487.53  0.000e+00
      25.91     40.242    1487.52  0.000e+00
      25.91     40.300    1487.52  0.000e+00
      25.91     40.242    1487.52  0.000e+00
      25.89     40.217    1487.51  0.000e+00
      25.96     40.176    1487.51  0.000e+00
      26.15     40.176    1487.51  0.000e+00
      26.20     40.119    1487.51  0.000e+00
      26.20     40.094    1487.50  0.000e+00
      26.20     40.119    1487.50  0.000e+00
      26.18     40.053    1487.50  0.000e+00
      26.18     40.053    1487.50  0.000e+00
      26.20     40.037    1487.50  0.000e+00
      26.20     39.995    1487.50  0.000e+00
      26.20     39.938    1487.50  0.000e+00
      26.23     39.995    1487.50  0.000e+00
      26.20     39.913    1487.50  0.000e+00
      26.28     39.872    1487.50  0.000e+00
      26.40     39.872    1487.50  0.000e+00
      26.42     39.938    1487.50  0.000e+00
      26.42     39.856    1487.50  0.000e+00
      26.42     39.814    1487.50  0.000e+00
      26.40     39.814    1487.50  0.000e+00
      26.42     39.749    1487.50  0.000e+00
      26.45     39.856    1487.50  0.000e+00
      26.47     39.749    1487.50  0.000e+00
      26.47     39.691    1487.50  0.000e+00
      26.47     39.749    1487.50  0.000e+00
      26.47     39.732    1487.50  0.000e+00
      26.54     39.691    1487.50  0.000e+00
      26.67     39.691    1487.50  0.000e+00
      26.72     39.691    1487.50  0.000e+00
      26.72     39.609    1487.50  0.000e+00
      26.69     39.691    1487.50  0.000e+00
      26.72     39.634    1487.50  0.000e+00
      26.72     39.609    1487.50  0.000e+00
      26.81     39.633    1487.50  0.000e+00
      26.84     39.633    1487.50  0.000e+00
      26.84     39.568    1487.49  0.000e+00
      26.84     39.609    1487.50  0.000e+00
      26.81     39.568    1487.50  0.000e+00
      26.84     39.568    1487.49  0.000e+00
      26.91     39.568    1487.49  0.000e+00
      26.94     39.551    1487.49  0.000e+00
      26.96     39.568    1487.49  0.000e+00
      26.96     39.568    1487.50  0.000e+00
      26.94     39.568    1487.49  0.000e+00
      26.91     39.551    1487.49  0.000e+00
      26.89     39.510    1487.49  0.000e+00
      26.89     39.568    1487.49  0.000e+00
      26.91     39.568    1487.49  0.000e+00
      26.91     39.551    1487.49  0.000e+00
      26.89     39.568    1487.49  0.000e+00
      26.89     39.568    1487.50  0.000e+00
      26.91     39.510    1487.49  0.000e+00
      26.94     39.609    1487.50  0.000e+00
      26.91     39.568    1487.49  0.000e+00
      26.91     39.568    1487.49  0.000e+00
      26.91     39.633    1487.50  0.000e+00
      26.94     39.609    1487.50  0.000e+00
      26.98     39.568    1487.50  0.000e+00
      26.98     39.633    1487.50  0.000e+00
      26.98     39.633    1487.50  0.000e+00
      26.98     39.666    1487.50  0.000e+00
      26.98     39.633    1487.50  0.000e+00
      27.01     39.633    1487.50  0.000e+00
      27.11     39.691    1487.51  0.000e+00
      27.11     39.666    1487.51  0.000e+00
      27.13     39.691    1487.51  0.000e+00
      27.13     39.749    1487.51  0.000e+00
      27.13     39.749    1487.51  0.000e+00
      27.08     39.732    1487.51  0.000e+00
      26.96     39.749    1487.51  0.000e+00
      26.91     39.814    1487.51  0.000e+00
      26.94     39.749    1487.51  0.000e+00
      26.94     39.855    1487.51  0.000e+00
      26.94     39.872    1487.51  0.000e+00
      26.91     39.814    1487.51  0.000e+00
      26.94     39.790    1487.51  0.000e+00
      26.94     39.995    1487.52  0.000e+00
      26.94     39.938    1487.52  0.000e+00
      26.94     39.995    1487.52  0.000e+00
      26.94     39.855    1487.52  0.000e+00
      26.94     40.053    1487.52  0.000e+00
      26.89     39.995    1487.52  0.000e+00
      26.86     40.053    1487.52  0.000e+00
      26.86     40.053    1487.52  0.000e+00
      26.84     40.094    1487.52  0.000e+00
      26.86     40.053    1487.52  0.000e+00
      26.81     40.118    1487.52  0.000e+00
      26.76     40.176    1487.52  0.000e+00
      26.74     40.160    1487.52  0.000e+00
      26.74     40.242    1487.53  0.000e+00
      26.74     40.242    1487.53  0.000e+00
      26.72     40.242    1487.53  0.000e+00
      26.72     40.283    1487.53  0.000e+00
      26.69     40.299    1487.53  0.000e+00
      26.69     40.299    1487.53  0.000e+00
      26.69     40.365    1487.54  0.000e+00
      26.69     40.406    1487.54  0.000e+00
      26.69     40.365    1487.54  0.000e+00
      26.62     40.423    1487.54  0.000e+00
      26.47     40.480    1487.54  0.000e+00
      26.40     40.464    1487.54  0.000e+00
      26.40     40.480    1487.54  0.000e+00
      26.42     40.480    1487.54  0.000e+00
      26.40     40.546    1487.54  0.000e+00
      26.40     40.521    1487.54  0.000e+00
      26.40     40.604    1487.54  0.000e+00
      26.40     40.604    1487.54  0.000e+00
      26.40     40.604    1487.54  0.000e+00
      26.40     40.645    1487.54  0.000e+00
      26.40     40.669    1487.54  0.000e+00
      26.28     40.604    1487.54  0.000e+00
      26.08     40.727    1487.54  0.000e+00
      26.01     40.727    1487.55  0.000e+00
      26.01     40.710    1487.55  0.000e+00
      26.01     40.727    1487.55  0.000e+00
      26.03     40.727    1487.55  0.000e+00
      25.96     40.727    1487.55  0.000e+00
      25.84     40.768    1487.55  0.000e+00
      25.81     40.784    1487.55  0.000e+00
      25.81     40.850    1487.55  0.000e+00
      25.81     40.727    1487.55  0.000e+00
      25.79     40.825    1487.55  0.000e+00
      25.79     40.850    1487.55  0.000e+00
      25.76     40.850    1487.55  0.000e+00
      25.76     40.784    1487.55  0.000e+00
      25.76     40.850    1487.55  0.000e+00
      25.74     40.825    1487.55  0.000e+00
      25.74     40.850    1487.55  0.000e+00
      25.71     40.850    1487.55  0.000e+00
      25.59     40.850    1487.55  0.000e+00
      25.57     40.825    1487.55  0.000e+00
      25.59     40.850    1487.55  0.000e+00
      25.59     40.784    1487.55  0.000e+00
      25.57     40.850    1487.55  0.000e+00
      25.57     40.891    1487.55  0.000e+00
      25.57     40.784    1487.55  0.000e+00
      25.57     40.784    1487.55  0.000e+00
      25.57     40.784    1487.55  0.000e+00
      25.57     40.825    1487.55  0.000e+00
      25.54     40.784    1487.55  0.000e+00
      25.54     40.727    1487.55  0.000e+00
      25.52     40.784    1487.55  0.000e+00
      25.52     40.727    1487.55  0.000e+00
      25.54     40.768    1487.55  0.000e+00
      25.52     40.669    1487.55  0.000e+00
