test_casts/EN695_001_test.cnv
* Sea-Bird SBE 9 Data File:
* FileName = D:\ctd\raw\EN695_001.hdr
* Software Version Seasave V 7.26.7.121
* Temperature SN = 4333
* Conductivity SN = 2459
* Number of Bytes Per Scan = 40
* Number of Voltage Words = 5
* Number of Scans Averaged by the Deck Unit = 1
* NMEA Latitude = 41 11.85 N
* NMEA Longitude = 070 53.03 W
* NMEA UTC (Time) = Jan 11 2023  19:52:12
* NMEA baud rate = 4800
** Ship: R/V Endeavor
** Cruise: EN695
** Principal Investigator: Heidi Sosik
** Chief Scientist: Heidi Sosik
** Project: NES-LTER Transect 12 Winter
** Cruise Start Date: 11 Jan 2023
** Ports: Senesco Shipyard to Senesco Shipyard, North Kingstown, Rhode Island
** Station:  L1
** Bottom Depth: 21 m
** Operator:  DF
# nquan = 4
# nvalues = 21217                                 
# units = specified
# name 0 = altM: Altimeter [m]
# name 1 = depSM: Depth [salt water, m]
# name 2 = svCM: Sound Velocity [Chen-Millero, m/s]
# name 3 = flag:  0.000e+00
# span 0 =       0.00,      19.73                 
# span 1 =      2.556,     22.333                 
# span 2 =    1472.36,    1473.90                 
# span 3 = 0.0000e+00, 0.0000e+00                 
# interval = seconds: 0.0416667
# start_time = Jan 11 2023 19:52:15 [System UTC, header]
# bad_flag = -9.990e-29
*END*
[from data line 20267]
      18.63      3.039    1473.83  0.000e+00
      18.63      3.097    1473.84  0.000e+00
      18.66      2.973    1473.85  0.000e+00
      18.63      3.097    1473.86  0.000e+00
      18.61      3.039    1473.86  0.000e+00
      18.61      3.039    1473.85  0.000e+00
      18.63      2.973    1473.85  0.000e+00
      18.63      3.039    1473.84  0.000e+00
      18.63      3.039    1473.84  0.000e+00
      18.66      3.039    1473.84  0.000e+00
      18.66      2.973    1473.84  0.000e+00
      18.63      3.039    1473.84  0.000e+00
      18.63      3.039    1473.84  0.000e+00
      18.63      2.990    1473.84  0.000e+00
      18.68      2.973    1473.84  0.000e+00
      18.68      3.039    1473.84  0.000e+00
      18.71      2.973    1473.83  0.000e+00
      18.71      3.039    1473.83  0.000e+00
      18.71      2.973    1473.83  0.000e+00
      18.71      2.916    1473.82  0.000e+00
      18.73      3.039    1473.82  0.000e+00
      18.85      2.973    1473.82  0.000e+00
      18.90      2.973    1473.82  0.000e+00
      18.90      2.973    1473.83  0.000e+00
      18.90      2.973    1473.83  0.000e+00
      18.88      2.916    1473.83  0.000e+00
      18.88      2.973    1473.83  0.000e+00
      18.85      2.924    1473.83  0.000e+00
      18.78      2.973    1473.83  0.000e+00
      18.75      2.916    1473.83  0.000e+00
      18.75      2.973    1473.83  0.000e+00
      18.75      2.916    1473.83  0.000e+00
      18.75      2.916    1473.83  0.000e+00
      18.78      2.973    1473.82  0.000e+00
      18.85      2.916    1473.82  0.000e+00
      18.88      2.916    1473.82  0.000e+00
      18.88      2.916    1473.82  0.000e+00
      18.85      2.973    1473.82  0.000e+00
      18.85      2.916    1473.82  0.000e+00
      18.85      2.916    1473.82  0.000e+00
      18.85      2.916    1473.82  0.000e+00
      18.83      2.924    1473.82  0.000e+00
      18.80      2.973    1473.82  0.000e+00
      18.80      2.973    1473.82  0.000e+00
      18.80      2.916    1473.82  0.000e+00
      18.80      2.973    1473.82  0.000e+00
      18.80      2.916    1473.82  0.000e+00
      18.78      3.039    1473.82  0.000e+00
      18.75      2.916    1473.82  0.000e+00
      18.75      2.973    1473.83  0.000e+00
      18.75      3.039    1473.83  0.000e+00
      18.75      2.973    1473.83  0.000e+00
      18.75      3.039    1473.83  0.000e+00
      18.75      2.973    1473.83  0.000e+00
      18.75      2.990    1473.83  0.000e+00
      18.68      3.097    1473.83  0.000e+00
      18.66      3.039    1473.83  0.000e+00
      18.66      3.039    1473.83  0.000e+00
      18.66      3.039    1473.83  0.000e+00
      18.66      3.039    1473.83  0.000e+00
      18.66      3.097    1473.83  0.000e+00
      18.66      3.039    1473.83  0.000e+00
      18.66      3.039    1473.83  0.000e+00
      18.66      3.097    1473.83  0.000e+00
      18.66      3.039    1473.83  0.000e+00
      18.63      3.039    1473.83  0.000e+00
      18.66      3.097    1473.83  0.000e+00
      18.66      3.039    1473.83  0.000e+00
      18.66      3.097    1473.83  0.000e+00
      18.66      3.047    1473.83  0.000e+00
      18.68      3.039    1473.83  0.000e+00
      18.68      3.097    1473.84  0.000e+00
      18.66      3.039    1473.84  0.000e+00
      18.66      3.097    1473.84  0.000e+00
      18.71      3.039    1473.83  0.000e+00
      18.80      3.097    1473.84  0.000e+00
      18.80      3.039    1473.85  0.000e+00
      18.80      3.097    1473.85  0.000e+00
      18.80      3.039    1473.86  0.000e+00
      18.80      3.039    1473.86  0.000e+00
      18.80      3.096    1473.86  0.000e+00
      18.80      3.096    1473.87  0.000e+00
      18.83      3.039    1473.87  0.000e+00
      18.85      3.105    1473.87  0.000e+00
      18.85      3.096    1473.87  0.000e+00
      18.85      3.039    1473.87  0.000e+00
      18.85      3.096    1473.87  0.000e+00
      18.85      3.096    1473.87  0.000e+00
      18.85      3.096    1473.87  0.000e+00
      18.85      3.096    1473.87  0.000e+00
      18.88      3.096    1473.87  0.000e+00
      18.88      3.154    1473.87  0.000e+00
      18.88      3.096    1473.87  0.000e+00
      18.85      3.096    1473.87  0.000e+00
      18.85      3.154    1473.87  0.000e+00
      18.88      3.096    1473.87  0.000e+00
      18.90      3.096    1473.87  0.000e+00
      18.90      3.170    1473.87  0.000e+00
      18.90      3.096    1473.88  0.000e+00
      18.90      3.154    1473.88  0.000e+00
      18.90      3.096    1473.88  0.000e+00
      18.90      3.154    1473.88  0.000e+00
      18.90      3.096    1473.88  0.000e+00
      18.90      3.096    1473.88  0.000e+00
      18.90      3.154    1473.88  0.000e+00
      18.90      3.096    1473.88  0.000e+00
      18.90      3.096    1473.88  0.000e+00
      18.88      3.096    1473.88  0.000e+00
      18.85      3.096    1473.88  0.000e+00
      18.85      3.096    1473.88  0.000e+00
      18.83      3.096    1473.88  0.000e+00
      18.85      3.047    1473.88  0.000e+00
      18.85      3.039    1473.88  0.000e+00
      18.85      3.096    1473.88  0.000e+00
      18.85      3.039    1473.88  0.000e+00
      18.85      3.039    1473.88  0.000e+00
      18.88      3.039    1473.88  0.000e+00
      18.93      3.096    1473.88  0.000e+00
      18.90      2.973    1473.88  0.000e+00
      18.90      3.039    1473.88  0.000e+00
      18.90      3.039    1473.88  0.000e+00
      18.88      3.039    1473.88  0.000e+00
      18.90      2.973    1473.88  0.000e+00
      18.88      2.973    1473.88  0.000e+00
      18.90      2.973    1473.87  0.000e+00
      18.88      2.924    1473.87  0.000e+00
      18.88      3.039    1473.87  0.000e+00
      18.90      2.916    1473.87  0.000e+00
      18.90      2.973    1473.87  0.000e+00
      18.93      2.916    1473.86  0.000e+00
      18.95      2.973    1473.86  0.000e+00
      18.95      2.916    1473.86  0.000e+00
      18.95      2.916    1473.86  0.000e+00
      18.95      2.916    1473.86  0.000e+00
      18.97      2.916    1473.86  0.000e+00
      18.97      2.916    1473.86  0.000e+00
      19.00      2.850    1473.86  0.000e+00
      18.97      2.916    1473.86  0.000e+00
      18.97      2.915    1473.86  0.000e+00
      18.95      2.866    1473.86  0.000e+00
      18.83      2.973    1473.86  0.000e+00
      18.78      2.915    1473.86  0.000e+00
      18.78      2.915    1473.86  0.000e+00
      18.78      2.915    1473.86  0.000e+00
      18.75      2.915    1473.86  0.000e+00
      18.80      2.973    1473.86  0.000e+00
      18.83      2.973    1473.86  0.000e+00
      18.85      2.973    1473.86  0.000e+00
      18.85      2.973    1473.86  0.000e+00
      18.85      3.039    1473.87  0.000e+00
      18.85      3.039    1473.87  0.000e+00
      18.80      2.973    1473.88  0.000e+00
      18.75      3.096    1473.88  0.000e+00
      18.71      3.104    1473.88  0.000e+00
      18.73      3.096    1473.89  0.000e+00
      18.75      3.096    1473.89  0.000e+00
      18.71      3.039    1473.89  0.000e+00
      18.73      3.154    1473.89  0.000e+00
      18.73      3.096    1473.89  0.000e+00
      18.75      3.154    1473.89  0.000e+00
      18.75      3.096    1473.89  0.000e+00
      18.75      3.154    1473.89  0.000e+00
      18.73      3.096    1473.89  0.000e+00
      18.73      3.154    1473.89  0.000e+00
      18.68      3.154    1473.89  0.000e+00
      18.68      3.220    1473.89  0.000e+00
      18.68      3.096    1473.89  0.000e+00
      18.71      3.170    1473.89  0.000e+00
      18.68      3.154    1473.89  0.000e+00
      18.75      3.154    1473.89  0.000e+00
      18.78      3.096    1473.89  0.000e+00
      18.80      3.219    1473.89  0.000e+00
      18.80      3.096    1473.89  0.000e+00
      18.80      3.219    1473.89  0.000e+00
      18.80      3.096    1473.89  0.000e+00
      18.78      3.096    1473.89  0.000e+00
      18.80      3.154    1473.89  0.000e+00
      18.78      3.154    1473.89  0.000e+00
      18.78      3.154    1473.89  0.000e+00
      18.78      3.154    1473.89  0.000e+00
      18.78      3.096    1473.89  0.000e+00
      18.75      3.154    1473.89  0.000e+00
      18.78      3.104    1473.89  0.000e+00
      18.78      3.154    1473.89  0.000e+00
      18.83      3.096    1473.89  0.000e+00
      18.83      3.096    1473.90  0.000e+00
      18.83      3.096    1473.90  0.000e+00
      18.83      3.154    1473.90  0.000e+00
      18.85      3.039    1473.90  0.000e+00
      18.93      3.154    1473.90  0.000e+00
      18.93      3.039    1473.89  0.000e+00
      18.93      3.096    1473.89  0.000e+00
      18.93      3.039    1473.89  0.000e+00
      18.90      3.096    1473.89  0.000e+00
      18.93      3.096    1473.89  0.000e+00
      18.93      3.039    1473.89  0.000e+00
      18.93      3.047    1473.89  0.000e+00
      18.93      3.096    1473.89  0.000e+00
      18.93      3.038    1473.89  0.000e+00
      18.93      3.038    1473.89  0.000e+00
      18.95      3.038    1473.89  0.000e+00
      18.97      3.096    1473.89  0.000e+00
      18.97      3.038    1473.88  0.000e+00
      18.97      3.038    1473.89  0.000e+00
      18.97      3.096    1473.89  0.000e+00
      18.97      3.038    1473.89  0.000e+00
      18.95      3.038    1473.89  0.000e+00
      18.95      3.096    1473.89  0.000e+00
      18.95      3.038    1473.89  0.000e+00
      18.97      3.038    1473.89  0.000e+00
      18.97      3.047    1473.89  0.000e+00
      18.97      3.096    1473.89  0.000e+00
      18.95      3.038    1473.89  0.000e+00
      18.75      3.038    1473.89  0.000e+00
      18.66      3.096    1473.89  0.000e+00
      18.63      3.038    1473.89  0.000e+00
      18.66      3.038    1473.89  0.000e+00
      18.63      3.096    1473.89  0.000e+00
      18.66      3.038    1473.89  0.000e+00
      18.63      3.038    1473.89  0.000e+00
      18.63      3.038    1473.89  0.000e+00
      18.63      3.038    1473.89  0.000e+00
      18.63      2.973    1473.89  0.000e+00
      18.61      3.038    1473.89  0.000e+00
      18.66      3.047    1473.89  0.000e+00
      18.66      2.973    1473.89  0.000e+00
      18.66      2.973    1473.89  0.000e+00
      18.66      3.038    1473.89  0.000e+00
      18.66      2.973    1473.89  0.000e+00
      18.66      2.973    1473.89  0.000e+00
      18.68      2.973    1473.89  0.000e+00
      18.71      3.038    1473.90  0.000e+00
      18.71      2.973    1473.90  0.000e+00
      18.71      2.973    1473.89  0.000e+00
      18.71      2.973    1473.90  0.000e+00
      18.71      3.038    1473.90  0.000e+00
      18.68      2.973    1473.89  0.000e+00
      18.68      3.038    1473.89  0.000e+00
      18.68      2.989    1473.89  0.000e+00
      18.68      3.038    1473.89  0.000e+00
      18.68      3.096    1473.89  0.000e+00
      18.66      2.973    1473.89  0.000e+00
      18.75      3.096    1473.89  0.000e+00
      18.85      3.038    1473.89  0.000e+00
      18.85      3.096    1473.89  0.000e+00
      18.85      3.038    1473.89  0.000e+00
      18.83      3.096    1473.89  0.000e+00
      18.85      3.153    1473.89  0.000e+00
      18.83      3.096    1473.89  0.000e+00
      18.83      3.038    1473.89  0.000e+00
      18.83      3.153    1473.89  0.000e+00
      18.83      3.096    1473.89  0.000e+00
      18.83      3.170    1473.89  0.000e+00
      18.83      3.096    1473.89  0.000e+00
      18.93      3.096    1473.89  0.000e+00
      19.05      3.096    1473.89  0.000e+00
      19.05      3.096    1473.89  0.000e+00
      19.05      3.153    1473.89  0.000e+00
      19.05      3.096    1473.89  0.000e+00
      19.05      3.038    1473.89  0.000e+00
      19.05      3.096    1473.89  0.000e+00
      19.05      3.096    1473.89  0.000e+00
      19.02      3.038    1473.89  0.000e+00
      19.02      3.096    1473.89  0.000e+00
      19.02      3.038    1473.89  0.000e+00
      19.02      3.038    1473.89  0.000e+00
      19.02      3.038    1473.89  0.000e+00
      19.05      3.047    1473.89  0.000e+00
      19.17      3.038    1473.89  0.000e+00
      19.32      3.038    1473.89  0.000e+00
      19.34      3.038    1473.89  0.000e+00
      19.34      2.973    1473.89  0.000e+00
      19.32      3.038    1473.89  0.000e+00
      19.32      3.038    1473.89  0.000e+00
      19.17      2.973    1473.89  0.000e+00
      19.10      2.915    1473.89  0.000e+00
      19.10      2.973    1473.89  0.000e+00
      19.10      2.973    1473.89  0.000e+00
      19.10      2.915    1473.89  0.000e+00
      19.10      2.973    1473.89  0.000e+00
      19.10      2.866    1473.89  0.000e+00
      19.12      2.973    1473.89  0.000e+00
      19.12      2.915    1473.89  0.000e+00
      19.12      2.915    1473.89  0.000e+00
      19.12      2.849    1473.89  0.000e+00
      19.12      2.849    1473.88  0.000e+00
      19.12      2.849    1473.88  0.000e+00
      19.07      2.849    1473.88  0.000e+00
      18.93      2.792    1473.88  0.000e+00
      18.90      2.792    1473.88  0.000e+00
      18.88      2.734    1473.88  0.000e+00
      18.88      2.792    1473.88  0.000e+00
      18.88      2.792    1473.88  0.000e+00
      18.88      2.734    1473.88  0.000e+00
      18.90      2.742    1473.88  0.000e+00
      18.88      2.792    1473.88  0.000e+00
      18.85      2.734    1473.88  0.000e+00
      18.85      2.734    1473.88  0.000e+00
      18.85      2.734    1473.88  0.000e+00
      18.85      2.792    1473.88  0.000e+00
      18.83      2.734    1473.88  0.000e+00
      18.83      2.792    1473.88  0.000e+00
      18.80      2.792    1473.88  0.000e+00
      18.78      2.849    1473.89  0.000e+00
      18.75      2.792    1473.88  0.000e+00
      18.78      2.915    1473.89  0.000e+00
      18.78      2.849    1473.88  0.000e+00
      18.75      2.923    1473.89  0.000e+00
      18.78      2.915    1473.88  0.000e+00
      18.78      2.972    1473.89  0.000e+00
      18.78      2.972    1473.89  0.000e+00
      18.78      3.038    1473.89  0.000e+00
      18.78      3.096    1473.89  0.000e+00
      18.78      3.038    1473.89  0.000e+00
      18.75      3.096    1473.89  0.000e+00
      18.73      3.096    1473.89  0.000e+00
      18.71      3.153    1473.89  0.000e+00
      18.71      3.153    1473.89  0.000e+00
      18.71      3.153    1473.89  0.000e+00
      18.71      3.153    1473.89  0.000e+00
      18.71      3.153    1473.89  0.000e+00
      18.71      3.227    1473.89  0.000e+00
      18.71      3.153    1473.89  0.000e+00
      18.71      3.219    1473.89  0.000e+00
      18.73      3.153    1473.89  0.000e+00
      18.73      3.153    1473.89  0.000e+00
      18.73      3.219    1473.89  0.000e+00
      18.71      3.219    1473.89  0.000e+00
      18.75      3.153    1473.89  0.000e+00
      18.78      3.153    1473.89  0.000e+00
      18.80      3.153    1473.89  0.000e+00
      18.80      3.219    1473.89  0.000e+00
      18.80      3.153    1473.89  0.000e+00
      18.80      3.153    1473.89  0.000e+00
      18.80      3.153    1473.89  0.000e+00
      18.80      3.096    1473.89  0.000e+00
      18.85      3.170    1473.89  0.000e+00
      18.95      3.153    1473.89  0.000e+00
      19.00      3.096    1473.89  0.000e+00
      19.00      3.038    1473.89  0.000e+00
      19.02      3.096    1473.89  0.000e+00
      19.00      3.038    1473.89  0.000e+00
      18.95      3.096    1473.89  0.000e+00
      18.90      2.972    1473.89  0.000e+00
      18.90      3.038    1473.89  0.000e+00
      18.88      2.972    1473.89  0.000e+00
      18.88      3.038    1473.89  0.000e+00
      18.88      2.972    1473.89  0.000e+00
      18.90      2.915    1473.89  0.000e+00
      18.90      2.972    1473.89  0.000e+00
      18.90      2.865    1473.89  0.000e+00
      18.90      2.972    1473.89  0.000e+00
      18.90      2.849    1473.89  0.000e+00
      18.90      2.915    1473.89  0.000e+00
      18.90      2.915    1473.89  0.000e+00
