test_casts/EN695_011_test.cnv
* Sea-Bird SBE 9 Data File:
* FileName = D:\ctd\raw\EN695_011.hdr
* Software Version Seasave V 7.26.7.121
* Temperature SN = 4333
* Conductivity SN = 2459
* Number of Bytes Per Scan = 40
* Number of Voltage Words = 5
* Number of Scans Averaged by the Deck Unit = 1
* NMEA Latitude = 41 01.38 N
* NMEA Longitude = 070 52.97 W
* NMEA UTC (Time) = Jan 13 2023  10:15:04
* NMEA baud rate = 4800
** Ship: R/V Endeavor
** Cruise: EN695
** Principal Investigator: Heidi Sosik
** Chief Scientist: Heidi Sosik
** Project: NES-LTER Transect 12 Winter
** Cruise Start Date: 11 Jan 2023
** Ports: Senesco Shipyard to Senesco Shipyard, North Kingstown, Rhode Island
** Station:  L2
** Bottom Depth: 46 m
** Operator:  tc
# nquan = 4
# nvalues = 14371                                 
# units = specified
# name 0 = altM: Altimeter [m]
# name 1 = depSM: Depth [salt water, m]
# name 2 = svCM: Sound Velocity [Chen-Millero, m/s]
# name 3 = flag:  0.000e+00
# span 0 =       0.00,      48.08                 
# span 1 =      2.916,     42.244                 
# span 2 =    1478.94,    1479.93                 
# span 3 = 0.0000e+00, 0.0000e+00                 
# interval = seconds: 0.0416667
# start_time = Jan 13 2023 10:15:07 [System UTC, header]
# bad_flag = -9.990e-29
*END*
[from data line 12089]
      30.84     16.669    1479.52  0.000e+00
      30.84     16.669    1479.52  0.000e+00
      30.84     16.644    1479.52  0.000e+00
      30.87     16.611    1479.52  0.000e+00
      30.89     16.611    1479.53  0.000e+00
      30.92     16.587    1479.53  0.000e+00
      30.92     16.611    1479.54  0.000e+00
      30.89     16.545    1479.54  0.000e+00
      30.89     16.521    1479.54  0.000e+00
      31.04     16.545    1479.54  0.000e+00
      31.14     16.488    1479.54  0.000e+00
      31.18     16.488    1479.54  0.000e+00
      31.16     16.463    1479.55  0.000e+00
      31.16     16.422    1479.55  0.000e+00
      31.16     16.488    1479.55  0.000e+00
      31.14     16.398    1479.55  0.000e+00
      31.11     16.422    1479.55  0.000e+00
      31.11     16.365    1479.55  0.000e+00
      31.11     16.307    1479.54  0.000e+00
      31.11     16.340    1479.54  0.000e+00
      31.11     16.365    1479.54  0.000e+00
      31.23     16.307    1479.53  0.000e+00
      31.31     16.282    1479.52  0.000e+00
      31.33     16.307    1479.52  0.000e+00
      31.33     16.184    1479.51  0.000e+00
      31.33     16.241    1479.51  0.000e+00
      31.31     16.217    1479.51  0.000e+00
      31.31     16.184    1479.51  0.000e+00
      31.45     16.184    1479.51  0.000e+00
      31.50     16.159    1479.51  0.000e+00
      31.50     16.118    1479.51  0.000e+00
      31.50     16.118    1479.51  0.000e+00
      31.50     16.118    1479.52  0.000e+00
      31.50     16.036    1479.52  0.000e+00
      31.62     16.061    1479.52  0.000e+00
      31.70     15.995    1479.52  0.000e+00
      31.67     16.036    1479.51  0.000e+00
      31.67     15.937    1479.51  0.000e+00
      31.67     15.995    1479.51  0.000e+00
      31.75     15.937    1479.50  0.000e+00
      31.87     15.913    1479.50  0.000e+00
      31.89     15.937    1479.50  0.000e+00
      31.87     15.880    1479.49  0.000e+00
      31.87     15.855    1479.49  0.000e+00
      31.87     15.814    1479.49  0.000e+00
      31.89     15.880    1479.49  0.000e+00
      31.92     15.814    1479.49  0.000e+00
      31.92     15.732    1479.48  0.000e+00
      31.89     15.814    1479.48  0.000e+00
      31.92     15.757    1479.48  0.000e+00
      31.92     15.732    1479.48  0.000e+00
      32.06     15.691    1479.48  0.000e+00
      32.14     15.691    1479.48  0.000e+00
      32.16     15.691    1479.48  0.000e+00
      32.16     15.674    1479.48  0.000e+00
      32.14     15.576    1479.48  0.000e+00
      32.14     15.633    1479.47  0.000e+00
      32.31     15.633    1479.47  0.000e+00
      32.43     15.551    1479.47  0.000e+00
      32.43     15.576    1479.47  0.000e+00
      32.43     15.510    1479.47  0.000e+00
      32.43     15.485    1479.47  0.000e+00
      32.43     15.510    1479.48  0.000e+00
      32.43     15.510    1479.48  0.000e+00
      32.45     15.453    1479.48  0.000e+00
      32.45     15.428    1479.49  0.000e+00
      32.45     15.387    1479.49  0.000e+00
      32.43     15.453    1479.50  0.000e+00
      32.43     15.329    1479.49  0.000e+00
      32.53     15.362    1479.49  0.000e+00
      32.60     15.387    1479.49  0.000e+00
      32.60     15.264    1479.49  0.000e+00
      32.60     15.362    1479.48  0.000e+00
      32.58     15.264    1479.48  0.000e+00
      32.58     15.264    1479.48  0.000e+00
      32.60     15.264    1479.48  0.000e+00
      32.67     15.247    1479.48  0.000e+00
      32.75     15.264    1479.49  0.000e+00
      32.75     15.206    1479.48  0.000e+00
      32.75     15.264    1479.48  0.000e+00
      32.72     15.181    1479.48  0.000e+00
      32.77     15.206    1479.48  0.000e+00
      32.84     15.149    1479.48  0.000e+00
      32.84     15.181    1479.49  0.000e+00
      32.87     15.149    1479.49  0.000e+00
      32.84     15.206    1479.49  0.000e+00
      32.84     15.083    1479.49  0.000e+00
      32.89     15.181    1479.49  0.000e+00
      32.89     15.149    1479.49  0.000e+00
      32.92     15.083    1479.48  0.000e+00
      32.92     15.149    1479.48  0.000e+00
      32.92     15.124    1479.48  0.000e+00
      32.92     15.149    1479.48  0.000e+00
      32.89     15.083    1479.48  0.000e+00
      32.87     15.083    1479.48  0.000e+00
      32.89     15.124    1479.48  0.000e+00
      32.89     15.149    1479.49  0.000e+00
      32.87     15.083    1479.48  0.000e+00
      32.87     15.124    1479.48  0.000e+00
      32.94     15.083    1479.48  0.000e+00
      33.02     15.149    1479.48  0.000e+00
      32.99     15.083    1479.47  0.000e+00
      32.99     15.124    1479.47  0.000e+00
      32.99     15.149    1479.47  0.000e+00
      32.97     15.083    1479.46  0.000e+00
      32.94     15.149    1479.46  0.000e+00
      32.89     15.124    1479.46  0.000e+00
      32.92     15.149    1479.45  0.000e+00
      32.92     15.149    1479.44  0.000e+00
      32.89     15.149    1479.44  0.000e+00
      32.89     15.124    1479.44  0.000e+00
      32.92     15.206    1479.43  0.000e+00
      32.94     15.149    1479.43  0.000e+00
      32.97     15.182    1479.43  0.000e+00
      32.97     15.206    1479.43  0.000e+00
      32.97     15.149    1479.43  0.000e+00
      32.97     15.206    1479.44  0.000e+00
      32.94     15.182    1479.44  0.000e+00
      32.94     15.206    1479.45  0.000e+00
      32.92     15.206    1479.44  0.000e+00
      32.92     15.264    1479.44  0.000e+00
      32.94     15.182    1479.43  0.000e+00
      32.92     15.206    1479.42  0.000e+00
      32.92     15.264    1479.41  0.000e+00
      32.92     15.264    1479.40  0.000e+00
      32.92     15.182    1479.40  0.000e+00
      32.92     15.264    1479.39  0.000e+00
      32.92     15.264    1479.39  0.000e+00
      32.89     15.182    1479.39  0.000e+00
      32.84     15.264    1479.40  0.000e+00
      32.77     15.264    1479.40  0.000e+00
      32.77     15.206    1479.40  0.000e+00
      32.77     15.305    1479.41  0.000e+00
      32.77     15.149    1479.42  0.000e+00
      32.77     15.264    1479.43  0.000e+00
      32.77     15.206    1479.44  0.000e+00
      32.80     15.247    1479.44  0.000e+00
      32.80     15.206    1479.44  0.000e+00
      32.77     15.206    1479.44  0.000e+00
      32.77     15.206    1479.44  0.000e+00
      32.77     15.182    1479.44  0.000e+00
      32.70     15.206    1479.44  0.000e+00
      32.65     15.206    1479.44  0.000e+00
      32.63     15.124    1479.44  0.000e+00
      32.65     15.149    1479.44  0.000e+00
      32.63     15.149    1479.44  0.000e+00
      32.63     15.083    1479.44  0.000e+00
      32.67     15.124    1479.44  0.000e+00
      32.72     15.149    1479.43  0.000e+00
      32.72     15.026    1479.42  0.000e+00
      32.72     15.083    1479.42  0.000e+00
      32.70     15.059    1479.41  0.000e+00
      32.70     14.960    1479.41  0.000e+00
      32.75     15.026    1479.41  0.000e+00
      32.80     14.960    1479.41  0.000e+00
      32.80     15.001    1479.42  0.000e+00
      32.80     14.902    1479.42  0.000e+00
      32.80     14.902    1479.42  0.000e+00
      32.80     14.878    1479.42  0.000e+00
      32.82     14.845    1479.42  0.000e+00
      32.89     14.845    1479.43  0.000e+00
      32.92     14.845    1479.43  0.000e+00
      32.89     14.754    1479.44  0.000e+00
      32.89     14.722    1479.44  0.000e+00
      32.89     14.722    1479.44  0.000e+00
      32.94     14.722    1479.45  0.000e+00
      32.99     14.639    1479.46  0.000e+00
      33.02     14.656    1479.46  0.000e+00
      32.99     14.598    1479.46  0.000e+00
      32.99     14.598    1479.45  0.000e+00
      32.99     14.574    1479.45  0.000e+00
      32.99     14.475    1479.45  0.000e+00
      33.06     14.533    1479.45  0.000e+00
      33.11     14.475    1479.44  0.000e+00
      33.11     14.393    1479.43  0.000e+00
      33.14     14.417    1479.43  0.000e+00
      33.11     14.352    1479.42  0.000e+00
      33.14     14.418    1479.43  0.000e+00
      33.24     14.270    1479.44  0.000e+00
      33.26     14.294    1479.45  0.000e+00
      33.26     14.294    1479.46  0.000e+00
      33.26     14.228    1479.46  0.000e+00
      33.26     14.212    1479.46  0.000e+00
      33.36     14.171    1479.46  0.000e+00
      33.43     14.171    1479.46  0.000e+00
      33.43     14.113    1479.46  0.000e+00
      33.43     14.089    1479.46  0.000e+00
      33.41     14.048    1479.46  0.000e+00
      33.41     14.113    1479.46  0.000e+00
      33.43     13.990    1479.45  0.000e+00
      33.48     14.023    1479.45  0.000e+00
      33.50     13.924    1479.45  0.000e+00
      33.50     13.990    1479.45  0.000e+00
      33.50     13.924    1479.45  0.000e+00
      33.50     13.908    1479.45  0.000e+00
      33.70     13.867    1479.45  0.000e+00
      33.80     13.867    1479.44  0.000e+00
      33.82     13.867    1479.44  0.000e+00
      33.82     13.785    1479.44  0.000e+00
      33.80     13.809    1479.44  0.000e+00
      33.80     13.809    1479.44  0.000e+00
      33.94     13.744    1479.44  0.000e+00
      34.09     13.785    1479.44  0.000e+00
      34.09     13.686    1479.43  0.000e+00
      34.09     13.744    1479.43  0.000e+00
      34.07     13.744    1479.43  0.000e+00
      34.07     13.686    1479.42  0.000e+00
      34.09     13.661    1479.42  0.000e+00
      34.11     13.686    1479.42  0.000e+00
      34.11     13.686    1479.42  0.000e+00
      34.14     13.620    1479.42  0.000e+00
      34.11     13.604    1479.42  0.000e+00
      34.11     13.686    1479.42  0.000e+00
      34.24     13.620    1479.42  0.000e+00
      34.31     13.563    1479.42  0.000e+00
      34.33     13.604    1479.42  0.000e+00
      34.33     13.620    1479.42  0.000e+00
      34.31     13.563    1479.42  0.000e+00
      34.31     13.563    1479.43  0.000e+00
      34.38     13.604    1479.43  0.000e+00
      34.51     13.563    1479.43  0.000e+00
      34.51     13.563    1479.44  0.000e+00
      34.51     13.497    1479.44  0.000e+00
      34.48     13.563    1479.44  0.000e+00
      34.48     13.604    1479.44  0.000e+00
      34.46     13.497    1479.44  0.000e+00
      34.41     13.497    1479.44  0.000e+00
      34.41     13.563    1479.43  0.000e+00
      34.41     13.538    1479.43  0.000e+00
      34.41     13.563    1479.43  0.000e+00
      34.38     13.497    1479.43  0.000e+00
      34.48     13.497    1479.43  0.000e+00
      34.53     13.538    1479.43  0.000e+00
      34.53     13.497    1479.43  0.000e+00
      34.55     13.563    1479.42  0.000e+00
      34.53     13.497    1479.42  0.000e+00
      34.53     13.538    1479.42  0.000e+00
      34.63     13.497    1479.42  0.000e+00
      34.70     13.497    1479.42  0.000e+00
      34.70     13.497    1479.42  0.000e+00
      34.73     13.497    1479.42  0.000e+00
      34.70     13.538    1479.42  0.000e+00
      34.68     13.497    1479.42  0.000e+00
      34.65     13.497    1479.41  0.000e+00
      34.63     13.497    1479.41  0.000e+00
      34.60     13.481    1479.41  0.000e+00
      34.60     13.497    1479.41  0.000e+00
      34.60     13.497    1479.41  0.000e+00
      34.60     13.440    1479.41  0.000e+00
      34.58     13.538    1479.41  0.000e+00
      34.58     13.497    1479.40  0.000e+00
      34.58     13.497    1479.40  0.000e+00
      34.58     13.440    1479.40  0.000e+00
      34.58     13.382    1479.40  0.000e+00
      34.58     13.604    1479.40  0.000e+00
      34.68     13.440    1479.39  0.000e+00
      34.77     13.497    1479.39  0.000e+00
      34.80     13.440    1479.39  0.000e+00
      34.80     13.481    1479.39  0.000e+00
      34.77     13.440    1479.39  0.000e+00
      34.77     13.440    1479.40  0.000e+00
      34.65     13.440    1479.40  0.000e+00
      34.58     13.415    1479.40  0.000e+00
      34.55     13.440    1479.40  0.000e+00
      34.55     13.440    1479.40  0.000e+00
      34.55     13.382    1479.40  0.000e+00
      34.55     13.415    1479.40  0.000e+00
      34.58     13.382    1479.41  0.000e+00
      34.65     13.440    1479.41  0.000e+00
      34.68     13.382    1479.41  0.000e+00
      34.68     13.317    1479.41  0.000e+00
      34.68     13.415    1479.42  0.000e+00
      34.65     13.382    1479.42  0.000e+00
      34.68     13.317    1479.42  0.000e+00
      34.68     13.317    1479.42  0.000e+00
      34.68     13.300    1479.42  0.000e+00
      34.68     13.317    1479.41  0.000e+00
      34.68     13.317    1479.41  0.000e+00
      34.65     13.317    1479.41  0.000e+00
      34.70     13.235    1479.40  0.000e+00
      34.73     13.317    1479.41  0.000e+00
      34.73     13.193    1479.41  0.000e+00
      34.73     13.259    1479.42  0.000e+00
      34.73     13.193    1479.41  0.000e+00
      34.73     13.235    1479.41  0.000e+00
      34.70     13.136    1479.41  0.000e+00
      34.70     13.193    1479.41  0.000e+00
      34.70     13.136    1479.41  0.000e+00
      34.70     13.177    1479.41  0.000e+00
      34.70     13.136    1479.41  0.000e+00
      34.68     13.078    1479.41  0.000e+00
      34.75     13.078    1479.41  0.000e+00
      34.77     13.078    1479.41  0.000e+00
      34.77     13.054    1479.41  0.000e+00
      34.80     13.013    1479.41  0.000e+00
      34.77     12.955    1479.41  0.000e+00
      34.77     13.013    1479.41  0.000e+00
      34.80     12.988    1479.42  0.000e+00
      34.85     12.955    1479.42  0.000e+00
      34.85     12.889    1479.42  0.000e+00
      34.85     12.889    1479.42  0.000e+00
      34.85     12.832    1479.42  0.000e+00
      34.82     12.931    1479.42  0.000e+00
      34.90     12.832    1479.42  0.000e+00
      34.92     12.832    1479.42  0.000e+00
      34.95     12.832    1479.42  0.000e+00
      34.95     12.750    1479.42  0.000e+00
      34.92     12.766    1479.42  0.000e+00
      34.92     12.766    1479.41  0.000e+00
      35.02     12.709    1479.41  0.000e+00
      35.09     12.651    1479.41  0.000e+00
      35.12     12.684    1479.41  0.000e+00
      35.12     12.651    1479.41  0.000e+00
      35.12     12.651    1479.41  0.000e+00
      35.09     12.585    1479.41  0.000e+00
      35.09     12.569    1479.42  0.000e+00
      35.14     12.585    1479.42  0.000e+00
      35.16     12.528    1479.42  0.000e+00
      35.16     12.528    1479.41  0.000e+00
      35.19     12.528    1479.41  0.000e+00
      35.16     12.446    1479.41  0.000e+00
      35.19     12.462    1479.41  0.000e+00
      35.26     12.462    1479.40  0.000e+00
      35.29     12.405    1479.40  0.000e+00
      35.26     12.405    1479.40  0.000e+00
      35.26     12.322    1479.39  0.000e+00
      35.24     12.405    1479.39  0.000e+00
      35.34     12.347    1479.39  0.000e+00
      35.38     12.347    1479.39  0.000e+00
      35.41     12.265    1479.39  0.000e+00
      35.38     12.281    1479.39  0.000e+00
      35.38     12.281    1479.39  0.000e+00
      35.41     12.281    1479.39  0.000e+00
      35.46     12.224    1479.39  0.000e+00
      35.56     12.199    1479.39  0.000e+00
      35.58     12.224    1479.39  0.000e+00
      35.58     12.158    1479.39  0.000e+00
      35.56     12.224    1479.39  0.000e+00
      35.56     12.158    1479.38  0.000e+00
      35.63     12.142    1479.38  0.000e+00
      35.68     12.101    1479.38  0.000e+00
      35.70     12.101    1479.38  0.000e+00
      35.70     12.101    1479.38  0.000e+00
      35.68     12.101    1479.38  0.000e+00
      35.68     12.076    1479.38  0.000e+00
      35.73     12.035    1479.38  0.000e+00
      35.80     12.101    1479.38  0.000e+00
      35.80     11.977    1479.38  0.000e+00
      35.80     12.035    1479.39  0.000e+00
      35.80     12.018    1479.39  0.000e+00
      35.80     11.977    1479.39  0.000e+00
      35.87     11.977    1479.39  0.000e+00
      36.02     11.977    1479.39  0.000e+00
      36.04     12.019    1479.39  0.000e+00
      36.04     11.920    1479.39  0.000e+00
