test_casts/EN695_014_test.cnv
* Sea-Bird SBE 9 Data File:
* FileName = D:\ctd\raw\EN695_014.hdr
* Software Version Seasave V 7.26.7.121
* Temperature SN = 4333
* Conductivity SN = 2459
* Number of Bytes Per Scan = 40
* Number of Voltage Words = 5
* Number of Scans Averaged by the Deck Unit = 1
* NMEA Latitude = 40 41.94 N
* NMEA Longitude = 070 53.14 W
* NMEA UTC (Time) = Jan 14 2023  09:34:14
* NMEA baud rate = 4800
** Ship: R/V Endeavor
** Cruise: EN695
** Principal Investigator: Heidi Sosik
** Chief Scientist: Heidi Sosik
** Project: NES-LTER Transect 12 Winter
** Cruise Start Date: 11 Jan 2023
** Ports: Senesco Shipyard to Senesco Shipyard, North Kingstown, Rhode Island
** Station:  L4
** Bottom Depth: 65
** Operator:
# nquan = 4
# nvalues = 8470                                  
# units = specified
# name 0 = altM: Altimeter [m]
# name 1 = depSM: Depth [salt water, m]
# name 2 = svCM: Sound Velocity [Chen-Millero, m/s]
# name 3 = flag:  0.000e+00
# span 0 =       0.00,      68.35                 
# span 1 =      3.947,     60.778                 
# span 2 =    1484.26,    1493.95                 
# span 3 = 0.0000e+00, 0.0000e+00                 
# interval = seconds: 0.0416667
# start_time = Jan 14 2023 09:34:16 [System UTC, header]
# bad_flag = -9.990e-29
*END*
[from data line 4978]
      23.05     42.397    1490.61  0.000e+00
      23.05     42.537    1490.53  0.000e+00
      23.08     42.479    1490.47  0.000e+00
      23.08     42.413    1490.53  0.000e+00
      23.10     42.454    1490.71  0.000e+00
      23.10     42.479    1490.92  0.000e+00
      23.10     42.413    1491.07  0.000e+00
      23.10     42.356    1491.17  0.000e+00
      23.13     42.454    1491.25  0.000e+00
      23.39     42.356    1491.28  0.000e+00
      23.52     42.356    1491.23  0.000e+00
      23.52     42.397    1491.15  0.000e+00
      23.52     42.356    1491.08  0.000e+00
      23.49     42.298    1491.05  0.000e+00
      23.47     42.298    1491.07  0.000e+00
      23.30     42.331    1491.07  0.000e+00
      23.25     42.298    1491.03  0.000e+00
      23.25     42.298    1491.00  0.000e+00
      23.25     42.232    1491.00  0.000e+00
      23.25     42.216    1491.04  0.000e+00
      23.27     42.232    1491.10  0.000e+00
      23.30     42.232    1491.15  0.000e+00
      23.32     42.216    1491.21  0.000e+00
      23.32     42.175    1491.21  0.000e+00
      23.35     42.175    1491.27  0.000e+00
      23.32     42.232    1491.41  0.000e+00
      23.32     42.150    1491.48  0.000e+00
      23.30     42.175    1491.48  0.000e+00
      23.30     42.175    1491.44  0.000e+00
      23.30     42.150    1491.30  0.000e+00
      23.30     42.109    1491.18  0.000e+00
      23.27     42.175    1491.17  0.000e+00
      23.30     42.109    1491.13  0.000e+00
      23.39     42.093    1490.78  0.000e+00
      23.39     42.109    1490.37  0.000e+00
      23.39     42.109    1490.03  0.000e+00
      23.39     42.027    1489.68  0.000e+00
      23.37     42.051    1489.39  0.000e+00
      23.37     42.109    1489.30  0.000e+00
      23.37     42.051    1489.37  0.000e+00
      23.37     42.027    1489.46  0.000e+00
      23.37     42.109    1489.56  0.000e+00
      23.37     42.051    1489.56  0.000e+00
      23.35     42.027    1489.40  0.000e+00
      23.39     42.109    1489.20  0.000e+00
      23.47     42.051    1489.02  0.000e+00
      23.52     42.109    1488.84  0.000e+00
      23.54     42.093    1488.77  0.000e+00
      23.52     42.051    1488.75  0.000e+00
      23.52     42.051    1488.76  0.000e+00
      23.49     42.093    1488.77  0.000e+00
      23.44     42.109    1488.73  0.000e+00
      23.44     42.175    1488.68  0.000e+00
      23.44     42.051    1488.54  0.000e+00
      23.44     42.150    1488.40  0.000e+00
      23.42     42.109    1488.32  0.000e+00
      23.44     42.109    1488.26  0.000e+00
      23.69     42.093    1488.25  0.000e+00
      23.81     42.175    1488.31  0.000e+00
      23.81     42.175    1488.37  0.000e+00
      23.79     42.175    1488.41  0.000e+00
      23.79     42.150    1488.40  0.000e+00
      23.79     42.175    1488.35  0.000e+00
      23.91     42.232    1488.31  0.000e+00
      23.98     42.232    1488.28  0.000e+00
      23.98     42.216    1488.27  0.000e+00
      23.96     42.298    1488.27  0.000e+00
      23.98     42.232    1488.36  0.000e+00
      24.03     42.331    1488.66  0.000e+00
      24.35     42.298    1489.08  0.000e+00
      24.52     42.298    1489.50  0.000e+00
      24.52     42.356    1489.66  0.000e+00
      24.52     42.397    1489.53  0.000e+00
      24.49     42.356    1489.39  0.000e+00
      24.52     42.356    1489.45  0.000e+00
      24.71     42.454    1489.51  0.000e+00
      24.84     42.413    1489.60  0.000e+00
      24.84     42.413    1489.74  0.000e+00
      24.84     42.413    1489.85  0.000e+00
      24.81     42.520    1489.89  0.000e+00
      24.81     42.479    1489.85  0.000e+00
      24.71     42.537    1489.82  0.000e+00
      24.71     42.602    1489.65  0.000e+00
      24.69     42.578    1489.41  0.000e+00
      24.69     42.602    1489.31  0.000e+00
      24.69     42.660    1489.35  0.000e+00
      24.69     42.701    1489.43  0.000e+00
      24.86     42.726    1489.49  0.000e+00
      24.93     42.783    1489.44  0.000e+00
      24.96     42.726    1489.16  0.000e+00
      24.96     42.824    1488.87  0.000e+00
      24.93     42.841    1488.66  0.000e+00
      24.93     42.841    1488.54  0.000e+00
      24.81     42.841    1488.51  0.000e+00
      24.74     42.882    1488.49  0.000e+00
      24.74     42.964    1488.45  0.000e+00
      24.74     42.907    1488.41  0.000e+00
      24.74     43.030    1488.38  0.000e+00
      24.71     43.005    1488.35  0.000e+00
      24.44     43.030    1488.34  0.000e+00
      24.27     43.030    1488.33  0.000e+00
      24.27     43.071    1488.33  0.000e+00
      24.27     43.087    1488.33  0.000e+00
      24.30     43.030    1488.34  0.000e+00
      24.20     43.087    1488.34  0.000e+00
      23.39     43.071    1488.34  0.000e+00
      23.00     43.087    1488.35  0.000e+00
      22.95     43.087    1488.36  0.000e+00
      23.00     43.087    1488.36  0.000e+00
      23.00     43.005    1488.42  0.000e+00
      22.91     43.030    1488.47  0.000e+00
      22.34     43.030    1488.50  0.000e+00
      22.08     43.030    1488.58  0.000e+00
      22.05     42.948    1488.69  0.000e+00
      22.08     42.964    1488.73  0.000e+00
      22.08     42.907    1488.73  0.000e+00
      22.08     42.948    1488.68  0.000e+00
      22.03     42.841    1488.63  0.000e+00
      22.00     42.906    1488.59  0.000e+00
      22.00     42.841    1488.60  0.000e+00
      22.00     42.824    1488.62  0.000e+00
      22.00     42.726    1488.59  0.000e+00
      22.00     42.783    1488.53  0.000e+00
      22.05     42.726    1488.47  0.000e+00
      22.08     42.701    1488.42  0.000e+00
      22.08     42.602    1488.38  0.000e+00
      22.08     42.602    1488.36  0.000e+00
      22.08     42.536    1488.33  0.000e+00
      22.10     42.520    1488.30  0.000e+00
      22.27     42.413    1488.31  0.000e+00
      22.37     42.413    1488.40  0.000e+00
      22.39     42.273    1488.59  0.000e+00
      22.37     42.298    1488.80  0.000e+00
      22.34     42.232    1488.98  0.000e+00
      22.39     42.109    1489.10  0.000e+00
      22.54     42.150    1489.22  0.000e+00
      22.64     42.051    1489.39  0.000e+00
      22.61     41.994    1489.58  0.000e+00
      22.61     41.846    1489.69  0.000e+00
      22.61     41.928    1489.70  0.000e+00
      22.66     41.805    1489.66  0.000e+00
      22.95     41.747    1489.65  0.000e+00
      23.05     41.722    1489.68  0.000e+00
      23.05     41.624    1489.70  0.000e+00
      23.05     41.566    1489.73  0.000e+00
      23.05     41.599    1489.75  0.000e+00
      23.08     41.443    1489.77  0.000e+00
      23.32     41.443    1489.78  0.000e+00
      23.42     41.443    1489.78  0.000e+00
      23.44     41.295    1489.78  0.000e+00
      23.39     41.262    1489.77  0.000e+00
      23.39     41.196    1489.76  0.000e+00
      23.47     41.114    1489.74  0.000e+00
      23.74     41.073    1489.72  0.000e+00
      23.86     41.015    1489.70  0.000e+00
      23.86     40.933    1489.69  0.000e+00
      23.83     40.949    1489.69  0.000e+00
      23.83     40.834    1489.69  0.000e+00
      23.88     40.810    1489.69  0.000e+00
      24.05     40.768    1489.69  0.000e+00
      24.15     40.711    1489.69  0.000e+00
      24.15     40.645    1489.70  0.000e+00
      24.15     40.563    1489.70  0.000e+00
      24.13     40.530    1489.70  0.000e+00
      24.18     40.588    1489.68  0.000e+00
      24.44     40.382    1489.65  0.000e+00
      24.54     40.407    1489.63  0.000e+00
      24.54     40.341    1489.61  0.000e+00
      24.54     40.324    1489.61  0.000e+00
      24.54     40.226    1489.62  0.000e+00
      24.59     40.226    1489.60  0.000e+00
      24.76     40.135    1489.55  0.000e+00
      24.84     40.102    1489.47  0.000e+00
      24.84     40.037    1489.36  0.000e+00
      24.84     39.954    1489.23  0.000e+00
      24.81     39.979    1489.13  0.000e+00
      24.86     39.913    1489.04  0.000e+00
      25.15     39.831    1489.04  0.000e+00
      25.27     39.798    1489.05  0.000e+00
      25.30     39.732    1489.00  0.000e+00
      25.30     39.708    1488.92  0.000e+00
      25.27     39.675    1488.87  0.000e+00
      25.32     39.609    1488.84  0.000e+00
      25.54     39.593    1488.82  0.000e+00
      25.64     39.494    1488.79  0.000e+00
      25.64     39.428    1488.75  0.000e+00
      25.64     39.403    1488.77  0.000e+00
      25.62     39.305    1488.79  0.000e+00
      25.69     39.305    1488.73  0.000e+00
      25.93     39.280    1488.68  0.000e+00
      26.06     39.124    1488.65  0.000e+00
      26.06     39.124    1488.62  0.000e+00
      26.06     39.099    1488.60  0.000e+00
      26.03     39.000    1488.57  0.000e+00
      26.08     39.000    1488.53  0.000e+00
      26.32     38.918    1488.50  0.000e+00
      26.42     38.877    1488.44  0.000e+00
      26.45     38.762    1488.40  0.000e+00
      26.42     38.737    1488.38  0.000e+00
      26.42     38.762    1488.40  0.000e+00
      26.47     38.573    1488.42  0.000e+00
      26.67     38.614    1488.41  0.000e+00
      26.76     38.515    1488.37  0.000e+00
      26.76     38.450    1488.31  0.000e+00
      26.74     38.433    1488.23  0.000e+00
      26.74     38.334    1488.16  0.000e+00
      26.81     38.310    1488.09  0.000e+00
      27.13     38.211    1488.04  0.000e+00
      27.28     38.211    1488.03  0.000e+00
      27.28     38.121    1488.01  0.000e+00
      27.25     38.030    1487.98  0.000e+00
      27.23     38.030    1487.96  0.000e+00
      27.28     37.882    1487.94  0.000e+00
      27.47     37.907    1487.91  0.000e+00
      27.55     37.841    1487.88  0.000e+00
      27.57     37.759    1487.90  0.000e+00
      27.55     37.660    1487.94  0.000e+00
      27.55     37.635    1487.99  0.000e+00
      27.59     37.602    1488.02  0.000e+00
      27.79     37.537    1488.05  0.000e+00
      27.86     37.454    1488.11  0.000e+00
      27.86     37.413    1488.16  0.000e+00
      27.86     37.413    1488.18  0.000e+00
      27.84     37.331    1488.18  0.000e+00
      27.94     37.298    1488.17  0.000e+00
      28.33     37.208    1488.15  0.000e+00
      28.50     37.109    1488.13  0.000e+00
      28.52     37.109    1488.11  0.000e+00
      28.50     37.084    1488.11  0.000e+00
      28.47     36.928    1488.10  0.000e+00
      28.50     36.928    1488.10  0.000e+00
      28.64     36.904    1488.04  0.000e+00
      28.69     36.871    1487.96  0.000e+00
      28.69     36.780    1487.91  0.000e+00
      28.69     36.747    1487.87  0.000e+00
      28.69     36.681    1487.81  0.000e+00
      28.72     36.723    1487.77  0.000e+00
      28.89     36.624    1487.73  0.000e+00
      28.94     36.599    1487.68  0.000e+00
      28.96     36.566    1487.65  0.000e+00
      28.94     36.566    1487.65  0.000e+00
      28.94     36.476    1487.67  0.000e+00
      28.99     36.443    1487.66  0.000e+00
      29.26     36.476    1487.65  0.000e+00
      29.38     36.377    1487.63  0.000e+00
      29.40     36.377    1487.62  0.000e+00
      29.38     36.352    1487.61  0.000e+00
      29.35     36.262    1487.60  0.000e+00
      29.43     36.295    1487.60  0.000e+00
      29.62     36.262    1487.61  0.000e+00
      29.74     36.262    1487.62  0.000e+00
      29.74     36.172    1487.67  0.000e+00
      29.74     36.262    1487.72  0.000e+00
      29.72     36.172    1487.75  0.000e+00
      29.69     36.139    1487.76  0.000e+00
      29.57     36.196    1487.77  0.000e+00
      29.52     36.172    1487.76  0.000e+00
      29.52     36.139    1487.73  0.000e+00
      29.52     36.172    1487.68  0.000e+00
      29.50     36.073    1487.65  0.000e+00
      29.55     36.139    1487.64  0.000e+00
      29.87     36.171    1487.62  0.000e+00
      30.04     36.139    1487.61  0.000e+00
      30.04     36.114    1487.61  0.000e+00
      30.01     36.196    1487.61  0.000e+00
      30.01     36.139    1487.59  0.000e+00
      29.99     36.114    1487.59  0.000e+00
      29.94     36.139    1487.59  0.000e+00
      29.91     36.171    1487.60  0.000e+00
      29.94     36.262    1487.65  0.000e+00
      29.91     36.139    1487.74  0.000e+00
      29.91     36.171    1487.79  0.000e+00
      29.91     36.262    1487.84  0.000e+00
      29.91     36.229    1487.85  0.000e+00
      29.89     36.139    1487.82  0.000e+00
      29.89     36.262    1487.89  0.000e+00
      29.91     36.229    1488.13  0.000e+00
      29.89     36.262    1488.30  0.000e+00
      29.91     36.352    1488.32  0.000e+00
      30.13     36.262    1488.25  0.000e+00
      30.23     36.262    1488.15  0.000e+00
      30.23     36.295    1488.08  0.000e+00
      30.23     36.319    1488.09  0.000e+00
      30.23     36.229    1488.18  0.000e+00
      30.26     36.443    1488.28  0.000e+00
      30.77     36.319    1488.37  0.000e+00
      31.04     36.418    1488.43  0.000e+00
      31.09     36.319    1488.40  0.000e+00
      31.06     36.377    1488.48  0.000e+00
      31.04     36.352    1488.66  0.000e+00
      31.14     36.443    1488.82  0.000e+00
      31.97     36.352    1488.92  0.000e+00
      32.38     36.377    1488.96  0.000e+00
      32.45     36.443    1488.95  0.000e+00
      32.41     36.418    1488.92  0.000e+00
      32.38     36.443    1488.91  0.000e+00
      32.38     36.476    1488.92  0.000e+00
      33.94     36.377    1488.90  0.000e+00
      35.02     36.566    1488.82  0.000e+00
      35.19     36.476    1488.69  0.000e+00
      35.16     36.500    1488.55  0.000e+00
      35.09     36.541    1488.40  0.000e+00
      35.09     36.500    1488.28  0.000e+00
      35.80     36.566    1488.20  0.000e+00
      36.21     36.599    1488.17  0.000e+00
      36.29     36.500    1488.16  0.000e+00
      36.26     36.599    1488.11  0.000e+00
      36.24     36.566    1488.04  0.000e+00
      36.24     36.624    1488.00  0.000e+00
      39.22     36.599    1488.05  0.000e+00
      41.98     36.624    1488.14  0.000e+00
      42.54     36.656    1488.22  0.000e+00
      42.44     36.681    1488.28  0.000e+00
      42.32     36.747    1488.34  0.000e+00
      42.30     36.722    1488.35  0.000e+00
      44.05     36.804    1488.20  0.000e+00
      45.45     36.870    1488.01  0.000e+00
      45.74     36.961    1487.88  0.000e+00
      45.67     36.993    1487.80  0.000e+00
      45.59     36.961    1487.72  0.000e+00
      45.59     36.993    1487.66  0.000e+00
      47.45     37.051    1487.61  0.000e+00
      49.11     37.026    1487.57  0.000e+00
      49.45     37.051    1487.54  0.000e+00
      49.38     37.150    1487.50  0.000e+00
      49.28     37.109    1487.45  0.000e+00
      49.28     37.232    1487.42  0.000e+00
      47.20     37.331    1487.40  0.000e+00
      45.49     37.413    1487.40  0.000e+00
      45.18     37.413    1487.39  0.000e+00
      45.25     37.511    1487.39  0.000e+00
      45.30     37.536    1487.38  0.000e+00
      44.98     37.635    1487.39  0.000e+00
      40.22     37.659    1487.39  0.000e+00
      37.56     37.717    1487.40  0.000e+00
      37.22     37.758    1487.40  0.000e+00
      37.41     37.783    1487.40  0.000e+00
      37.51     37.840    1487.40  0.000e+00
      37.53     37.758    1487.42  0.000e+00
      34.11     37.840    1487.46  0.000e+00
      31.48     37.783    1487.49  0.000e+00
      30.99     37.758    1487.62  0.000e+00
      31.11     37.659    1487.75  0.000e+00
      31.21     37.700    1487.89  0.000e+00
      30.94     37.717    1488.02  0.000e+00
      29.23     37.659    1488.08  0.000e+00
      28.45     37.635    1488.08  0.000e+00
      28.38     37.602    1488.06  0.000e+00
      28.42     37.659    1488.09  0.000e+00
      28.45     37.511    1488.16  0.000e+00
      28.30     37.602    1488.23  0.000e+00
      27.64     37.511    1488.26  0.000e+00
      27.37     37.536    1488.27  0.000e+00
      27.35     37.413    1488.24  0.000e+00
      27.37     37.388    1488.15  0.000e+00
