test_casts/EN695_002_test.cnv
* Sea-Bird SBE 9 Data File:
* FileName = D:\ctd\raw\EN695_002.hdr
* Software Version Seasave V 7.26.7.121
* Temperature SN = 4333
* Conductivity SN = 2459
* Number of Bytes Per Scan = 40
* Number of Voltage Words = 5
* Number of Scans Averaged by the Deck Unit = 1
* NMEA Latitude = 40 21.82 N
* NMEA Longitude = 070 53.03 W
* NMEA UTC (Time) = Jan 12 2023  03:28:23
* NMEA baud rate = 4800
** Ship: R/V Endeavor
** Cruise: EN695
** Principal Investigator: Heidi Sosik
** Chief Scientist: Heidi Sosik
** Project: NES-LTER Transect 12 Winter
** Cruise Start Date: 11 Jan 2023
** Ports: Senesco Shipyard to Senesco Shipyard, North Kingstown, Rhode Island
** Station:  L6
** Bottom Depth: 92m
** Operator:
# nquan = 4
# nvalues = 32412                                 
# units = specified
# name 0 = altM: Altimeter [m]
# name 1 = depSM: Depth [salt water, m]
# name 2 = svCM: Sound Velocity [Chen-Millero, m/s]
# name 3 = flag:  0.000e+00
# span 0 =       0.00,     100.00                 
# span 1 =      2.575,     87.587                 
# span 2 =    1489.58,    1508.73                 
# span 3 = 0.0000e+00, 0.0000e+00                 
# interval = seconds: 0.0416667
# start_time = Jan 12 2023 03:28:26 [System UTC, header]
# bad_flag = -9.990e-29
*END*
[from data line 32001]
      90.87      3.264    1489.62  0.000e+00
      90.84      3.272    1489.62  0.000e+00
      90.84      3.141    1489.61  0.000e+00
      90.82      3.264    1489.62  0.000e+00
      91.04      3.198    1489.61  0.000e+00
      91.21      3.198    1489.61  0.000e+00
      91.23      3.198    1489.61  0.000e+00
      91.23      3.198    1489.61  0.000e+00
      91.18      3.198    1489.61  0.000e+00
      91.18      3.198    1489.61  0.000e+00
      90.94      3.198    1489.61  0.000e+00
      90.84      3.140    1489.61  0.000e+00
      90.79      3.198    1489.61  0.000e+00
      90.82      3.140    1489.61  0.000e+00
      90.79      3.140    1489.61  0.000e+00
      90.82      3.148    1489.61  0.000e+00
      91.09      3.082    1489.61  0.000e+00
      91.26      3.140    1489.61  0.000e+00
      91.28      3.017    1489.61  0.000e+00
      91.28      3.082    1489.61  0.000e+00
      91.26      3.082    1489.61  0.000e+00
      91.23      3.082    1489.61  0.000e+00
      90.99      3.017    1489.61  0.000e+00
      90.84      3.082    1489.62  0.000e+00
      90.82      3.016    1489.62  0.000e+00
      90.84      3.082    1489.62  0.000e+00
      90.84      3.016    1489.62  0.000e+00
      90.82      3.016    1489.62  0.000e+00
      90.92      3.025    1489.62  0.000e+00
      90.96      3.082    1489.62  0.000e+00
      90.96      3.016    1489.62  0.000e+00
      90.99      3.082    1489.62  0.000e+00
      90.94      3.016    1489.62  0.000e+00
      90.94      3.082    1489.62  0.000e+00
      90.96      3.082    1489.62  0.000e+00
      90.96      3.082    1489.62  0.000e+00
      90.96      3.082    1489.62  0.000e+00
      90.99      3.016    1489.62  0.000e+00
      90.96      3.082    1489.62  0.000e+00
      90.94      3.139    1489.62  0.000e+00
      90.77      3.024    1489.62  0.000e+00
      90.70      3.139    1489.62  0.000e+00
      90.67      3.139    1489.62  0.000e+00
      90.70      3.081    1489.62  0.000e+00
      90.65      3.139    1489.62  0.000e+00
      90.65      3.139    1489.62  0.000e+00
      90.77      3.139    1489.62  0.000e+00
      90.82      3.139    1489.62  0.000e+00
      90.84      3.139    1489.62  0.000e+00
      90.84      3.139    1489.62  0.000e+00
      90.82      3.196    1489.62  0.000e+00
      90.79      3.139    1489.62  0.000e+00
      90.87      3.139    1489.62  0.000e+00
      90.94      3.196    1489.63  0.000e+00
      90.96      3.147    1489.62  0.000e+00
      90.94      3.138    1489.62  0.000e+00
      90.92      3.196    1489.63  0.000e+00
      90.89      3.138    1489.62  0.000e+00
      90.79      3.138    1489.62  0.000e+00
      90.72      3.196    1489.62  0.000e+00
      90.72      3.138    1489.62  0.000e+00
      90.72      3.196    1489.62  0.000e+00
      90.72      3.138    1489.62  0.000e+00
      90.70      3.138    1489.62  0.000e+00
      90.60      3.138    1489.62  0.000e+00
      90.55      3.138    1489.62  0.000e+00
      90.53      3.196    1489.63  0.000e+00
      90.53      3.089    1489.62  0.000e+00
      90.53      3.195    1489.63  0.000e+00
      90.50      3.080    1489.62  0.000e+00
      90.60      3.138    1489.62  0.000e+00
      90.70      3.138    1489.62  0.000e+00
      90.70      3.080    1489.62  0.000e+00
      90.70      3.138    1489.62  0.000e+00
      90.65      3.080    1489.62  0.000e+00
      90.65      3.080    1489.62  0.000e+00
      90.70      3.080    1489.62  0.000e+00
      90.74      3.080    1489.62  0.000e+00
      90.74      3.080    1489.62  0.000e+00
      90.74      3.137    1489.62  0.000e+00
      90.72      3.022    1489.62  0.000e+00
      90.70      3.080    1489.62  0.000e+00
      90.77      3.080    1489.62  0.000e+00
      90.84      3.080    1489.62  0.000e+00
      90.84      3.080    1489.62  0.000e+00
      90.84      3.080    1489.62  0.000e+00
      90.82      3.014    1489.62  0.000e+00
      90.79      3.080    1489.62  0.000e+00
      90.87      3.079    1489.62  0.000e+00
      90.92      3.014    1489.62  0.000e+00
      90.92      3.079    1489.62  0.000e+00
      90.92      3.079    1489.62  0.000e+00
      90.92      3.079    1489.62  0.000e+00
      90.87      3.022    1489.62  0.000e+00
      90.65      3.013    1489.62  0.000e+00
      90.50      3.079    1489.62  0.000e+00
      90.48      3.079    1489.62  0.000e+00
      90.50      3.079    1489.62  0.000e+00
      90.48      3.079    1489.62  0.000e+00
      90.48      3.079    1489.62  0.000e+00
      90.57      3.079    1489.62  0.000e+00
      90.65      3.079    1489.62  0.000e+00
      90.65      3.136    1489.62  0.000e+00
      90.65      3.136    1489.62  0.000e+00
      90.62      3.136    1489.62  0.000e+00
      90.60      3.079    1489.62  0.000e+00
      90.50      3.144    1489.62  0.000e+00
      90.45      3.194    1489.62  0.000e+00
      90.43      3.194    1489.62  0.000e+00
      90.45      3.136    1489.62  0.000e+00
      90.43      3.194    1489.62  0.000e+00
      90.40      3.194    1489.62  0.000e+00
      90.50      3.259    1489.62  0.000e+00
      90.55      3.193    1489.62  0.000e+00
      90.55      3.259    1489.62  0.000e+00
      90.57      3.259    1489.62  0.000e+00
      90.55      3.259    1489.62  0.000e+00
      90.53      3.317    1489.62  0.000e+00
      90.60      3.259    1489.62  0.000e+00
      90.67      3.267    1489.62  0.000e+00
      90.70      3.316    1489.63  0.000e+00
      90.67      3.316    1489.63  0.000e+00
      90.67      3.259    1489.62  0.000e+00
      90.62      3.382    1489.63  0.000e+00
      90.67      3.259    1489.62  0.000e+00
      90.70      3.382    1489.63  0.000e+00
      90.67      3.259    1489.62  0.000e+00
      90.70      3.316    1489.63  0.000e+00
      90.67      3.382    1489.63  0.000e+00
      90.65      3.316    1489.63  0.000e+00
      90.53      3.316    1489.63  0.000e+00
      90.45      3.316    1489.63  0.000e+00
      90.45      3.316    1489.63  0.000e+00
      90.45      3.266    1489.62  0.000e+00
      90.45      3.316    1489.63  0.000e+00
      90.43      3.316    1489.63  0.000e+00
      90.53      3.316    1489.63  0.000e+00
      90.60      3.258    1489.62  0.000e+00
      90.60      3.316    1489.63  0.000e+00
      90.60      3.316    1489.63  0.000e+00
      90.57      3.258    1489.63  0.000e+00
      90.57      3.258    1489.62  0.000e+00
      91.06      3.258    1489.62  0.000e+00
      91.40      3.258    1489.62  0.000e+00
      91.45      3.258    1489.63  0.000e+00
      91.43      3.192    1489.62  0.000e+00
      91.40      3.192    1489.62  0.000e+00
      91.38      3.208    1489.62  0.000e+00
      91.09      3.192    1489.62  0.000e+00
      90.92      3.134    1489.62  0.000e+00
      90.89      3.134    1489.62  0.000e+00
      90.89      3.134    1489.62  0.000e+00
      90.87      3.134    1489.62  0.000e+00
      90.87      3.134    1489.62  0.000e+00
      90.94      3.076    1489.62  0.000e+00
      90.96      3.134    1489.62  0.000e+00
      90.99      3.076    1489.62  0.000e+00
      90.99      3.076    1489.62  0.000e+00
      90.96      3.010    1489.62  0.000e+00
      90.94      3.076    1489.62  0.000e+00
      90.89      3.019    1489.62  0.000e+00
      90.87      3.076    1489.62  0.000e+00
      90.87      3.010    1489.62  0.000e+00
      90.87      3.010    1489.62  0.000e+00
      90.84      3.010    1489.62  0.000e+00
      90.84      3.010    1489.62  0.000e+00
      90.96      3.010    1489.62  0.000e+00
      91.09      3.010    1489.62  0.000e+00
      91.11      3.010    1489.62  0.000e+00
      91.11      3.010    1489.62  0.000e+00
      91.06      2.952    1489.62  0.000e+00
      91.04      3.075    1489.62  0.000e+00
      90.89      2.903    1489.62  0.000e+00
      90.79      3.075    1489.62  0.000e+00
      90.79      3.010    1489.62  0.000e+00
      90.77      3.010    1489.62  0.000e+00
      90.77      3.009    1489.62  0.000e+00
      90.74      3.075    1489.62  0.000e+00
      90.67      2.952    1489.62  0.000e+00
      90.62      3.075    1489.62  0.000e+00
      90.62      3.009    1489.62  0.000e+00
      90.62      3.009    1489.62  0.000e+00
      90.60      3.075    1489.62  0.000e+00
      90.57      3.009    1489.62  0.000e+00
      90.62      3.075    1489.62  0.000e+00
      90.62      3.083    1489.62  0.000e+00
      90.62      3.009    1489.62  0.000e+00
      90.62      3.075    1489.62  0.000e+00
      90.60      3.075    1489.62  0.000e+00
      90.57      3.132    1489.62  0.000e+00
      90.65      3.075    1489.62  0.000e+00
      90.67      3.074    1489.62  0.000e+00
      90.67      3.074    1489.62  0.000e+00
      90.67      3.132    1489.62  0.000e+00
      90.67      3.074    1489.62  0.000e+00
      90.62      3.074    1489.62  0.000e+00
      90.62      3.132    1489.62  0.000e+00
      90.65      3.074    1489.62  0.000e+00
      90.65      3.140    1489.62  0.000e+00
      90.65      3.074    1489.62  0.000e+00
      90.62      3.132    1489.62  0.000e+00
      90.62      3.074    1489.62  0.000e+00
      90.70      3.189    1489.62  0.000e+00
      90.74      3.074    1489.62  0.000e+00
      90.77      3.131    1489.62  0.000e+00
      90.77      3.131    1489.62  0.000e+00
      90.74      3.074    1489.62  0.000e+00
      90.70      3.131    1489.62  0.000e+00
      90.82      3.131    1489.62  0.000e+00
      90.89      3.074    1489.62  0.000e+00
      90.92      3.131    1489.62  0.000e+00
      90.89      3.139    1489.62  0.000e+00
      90.87      3.073    1489.62  0.000e+00
      90.92      3.131    1489.62  0.000e+00
      91.09      3.131    1489.62  0.000e+00
      91.21      3.073    1489.62  0.000e+00
      91.23      3.073    1489.62  0.000e+00
      91.23      3.131    1489.62  0.000e+00
      91.18      3.073    1489.62  0.000e+00
      91.16      3.131    1489.62  0.000e+00
      91.01      3.073    1489.62  0.000e+00
      90.84      3.073    1489.62  0.000e+00
      90.82      3.130    1489.62  0.000e+00
      90.82      3.073    1489.62  0.000e+00
      90.79      3.015    1489.62  0.000e+00
      90.79      3.130    1489.62  0.000e+00
      90.89      3.073    1489.62  0.000e+00
      90.99      3.073    1489.62  0.000e+00
      90.99      3.073    1489.62  0.000e+00
      90.96      3.073    1489.62  0.000e+00
      90.96      3.073    1489.62  0.000e+00
      90.94      3.073    1489.62  0.000e+00
      90.94      3.072    1489.62  0.000e+00
      90.92      3.072    1489.62  0.000e+00
      90.94      3.072    1489.62  0.000e+00
      90.94      3.072    1489.62  0.000e+00
      90.89      3.072    1489.62  0.000e+00
      90.89      3.080    1489.62  0.000e+00
      90.79      3.006    1489.62  0.000e+00
      90.77      3.130    1489.62  0.000e+00
      90.77      3.006    1489.62  0.000e+00
      90.77      3.130    1489.62  0.000e+00
      90.74      3.006    1489.62  0.000e+00
      90.72      3.129    1489.62  0.000e+00
      90.72      3.006    1489.62  0.000e+00
      90.72      3.129    1489.62  0.000e+00
      90.70      3.072    1489.62  0.000e+00
      90.72      3.072    1489.62  0.000e+00
      90.70      3.072    1489.62  0.000e+00
      90.67      3.129    1489.62  0.000e+00
      90.72      3.080    1489.62  0.000e+00
      90.77      3.072    1489.62  0.000e+00
      90.79      3.072    1489.62  0.000e+00
      90.77      3.129    1489.62  0.000e+00
      90.74      3.071    1489.62  0.000e+00
      90.74      3.129    1489.62  0.000e+00
      90.74      3.129    1489.62  0.000e+00
      90.74      3.071    1489.62  0.000e+00
      90.74      3.129    1489.62  0.000e+00
      90.74      3.071    1489.62  0.000e+00
      90.74      3.071    1489.62  0.000e+00
      90.72      3.129    1489.62  0.000e+00
      90.77      3.071    1489.62  0.000e+00
      90.82      3.079    1489.62  0.000e+00
      90.84      3.071    1489.62  0.000e+00
      90.82      3.129    1489.62  0.000e+00
      90.79      3.071    1489.61  0.000e+00
      90.79      3.071    1489.61  0.000e+00
      90.84      3.128    1489.61  0.000e+00
      90.89      3.071    1489.61  0.000e+00
      90.89      3.071    1489.61  0.000e+00
      90.89      3.071    1489.61  0.000e+00
      90.87      3.071    1489.61  0.000e+00
      90.87      3.005    1489.61  0.000e+00
      90.67      3.128    1489.61  0.000e+00
      90.53      3.005    1489.61  0.000e+00
      90.50      3.136    1489.62  0.000e+00
      90.50      3.005    1489.61  0.000e+00
      90.50      3.070    1489.61  0.000e+00
      90.48      3.070    1489.61  0.000e+00
      90.70      3.070    1489.61  0.000e+00
      90.79      3.070    1489.61  0.000e+00
      90.82      3.070    1489.62  0.000e+00
      90.82      3.070    1489.62  0.000e+00
      90.77      3.128    1489.62  0.000e+00
      90.74      3.070    1489.62  0.000e+00
      90.65      3.128    1489.62  0.000e+00
      90.60      3.128    1489.62  0.000e+00
      90.60      3.128    1489.62  0.000e+00
      90.60      3.136    1489.62  0.000e+00
      90.57      3.185    1489.62  0.000e+00
      90.55      3.185    1489.62  0.000e+00
      90.53      3.185    1489.62  0.000e+00
      90.55      3.185    1489.62  0.000e+00
      90.53      3.251    1489.62  0.000e+00
      90.53      3.251    1489.62  0.000e+00
      90.50      3.251    1489.62  0.000e+00
      90.50      3.251    1489.62  0.000e+00
      90.45      3.308    1489.62  0.000e+00
      90.43      3.308    1489.62  0.000e+00
      90.43      3.308    1489.62  0.000e+00
      90.43      3.374    1489.62  0.000e+00
      90.40      3.308    1489.62  0.000e+00
      90.38      3.382    1489.62  0.000e+00
      90.65      3.374    1489.62  0.000e+00
      90.82      3.374    1489.62  0.000e+00
      90.84      3.373    1489.62  0.000e+00
      90.82      3.431    1489.62  0.000e+00
      90.79      3.373    1489.61  0.000e+00
      90.77      3.431    1489.61  0.000e+00
      90.79      3.373    1489.61  0.000e+00
      90.79      3.431    1489.61  0.000e+00
      90.82      3.431    1489.61  0.000e+00
      90.82      3.373    1489.61  0.000e+00
      90.79      3.431    1489.61  0.000e+00
      90.77      3.373    1489.61  0.000e+00
      90.89      3.431    1489.61  0.000e+00
      90.96      3.381    1489.61  0.000e+00
      90.96      3.373    1489.61  0.000e+00
      90.99      3.430    1489.61  0.000e+00
      90.94      3.430    1489.61  0.000e+00
      90.92      3.373    1489.61  0.000e+00
      90.92      3.373    1489.61  0.000e+00
      90.92      3.373    1489.61  0.000e+00
      90.92      3.307    1489.61  0.000e+00
      90.92      3.373    1489.61  0.000e+00
      90.92      3.373    1489.61  0.000e+00
      90.89      3.307    1489.61  0.000e+00
      90.82      3.307    1489.61  0.000e+00
      90.79      3.307    1489.61  0.000e+00
      90.79      3.307    1489.61  0.000e+00
      90.79      3.200    1489.61  0.000e+00
      90.77      3.307    1489.61  0.000e+00
      90.74      3.249    1489.61  0.000e+00
      90.65      3.126    1489.61  0.000e+00
      90.57      3.183    1489.61  0.000e+00
      90.57      3.183    1489.61  0.000e+00
      90.57      3.183    1489.61  0.000e+00
      90.57      3.126    1489.61  0.000e+00
      90.55      3.126    1489.61  0.000e+00
      90.82      3.068    1489.61  0.000e+00
      90.99      3.068    1489.61  0.000e+00
      91.01      3.068    1489.61  0.000e+00
      91.01      3.002    1489.61  0.000e+00
      90.99      3.134    1489.62  0.000e+00
      90.96      2.945    1489.61  0.000e+00
      90.72      3.002    1489.61  0.000e+00
      90.55      3.002    1489.61  0.000e+00
      90.53      2.944    1489.61  0.000e+00
      90.55      3.002    1489.61  0.000e+00
      90.53      2.944    1489.61  0.000e+00
      90.53      2.944    1489.61  0.000e+00
      90.55      2.944    1489.61  0.000e+00
      90.55      2.878    1489.61  0.000e+00
