test_casts/EN695_007_test.cnv
* Sea-Bird SBE 9 Data File:
* FileName = D:\ctd\raw\EN695_007.hdr
* Software Version Seasave V 7.26.7.121
* Temperature SN = 4333
* Conductivity SN = 2459
* Number of Bytes Per Scan = 40
* Number of Voltage Words = 5
* Number of Scans Averaged by the Deck Unit = 1
* NMEA Latitude = 40 15.53 N
* NMEA Longitude = 070 52.99 W
* NMEA UTC (Time) = Jan 12 2023  22:43:05
* NMEA baud rate = 4800
** Ship: R/V Endeavor
** Cruise: EN695
** Principal Investigator: Heidi Sosik
** Chief Scientist: Heidi Sosik
** Project: NES-LTER Transect 12 Winter
** Cruise Start Date: 11 Jan 2023
** Ports: Senesco Shipyard to Senesco Shipyard, North Kingstown, Rhode Island
** Station:  L7
** Bottom Depth: 120m
** Operator:
# nquan = 4
# nvalues = 28781                                 
# units = specified
# name 0 = altM: Altimeter [m]
# name 1 = depSM: Depth [salt water, m]
# name 2 = svCM: Sound Velocity [Chen-Millero, m/s]
# name 3 = flag:  0.000e+00
# span 0 =       0.00,     100.00                 
# span 1 =      4.017,    114.977                 
# span 2 =    1493.20,    1514.84                 
# span 3 = 0.0000e+00, 0.0000e+00                 
# interval = seconds: 0.0416667
# start_time = Jan 12 2023 22:43:07 [System UTC, header]
# bad_flag = -9.990e-29
*END*
[from data line 11734]
      27.08     94.305    1514.38  0.000e+00
      27.08     94.403    1514.38  0.000e+00
      27.06     94.346    1514.38  0.000e+00
      27.06     94.403    1514.38  0.000e+00
      27.03     94.403    1514.38  0.000e+00
      27.03     94.346    1514.38  0.000e+00
      27.03     94.362    1514.38  0.000e+00
      27.03     94.403    1514.38  0.000e+00
      27.03     94.403    1514.38  0.000e+00
      27.08     94.403    1514.38  0.000e+00
      27.11     94.403    1514.38  0.000e+00
      27.13     94.403    1514.38  0.000e+00
      27.13     94.485    1514.38  0.000e+00
      27.11     94.469    1514.38  0.000e+00
      27.11     94.403    1514.38  0.000e+00
      27.06     94.527    1514.38  0.000e+00
      27.03     94.469    1514.38  0.000e+00
      27.03     94.527    1514.38  0.000e+00
      27.03     94.485    1514.38  0.000e+00
      27.01     94.527    1514.38  0.000e+00
      27.01     94.592    1514.38  0.000e+00
      26.96     94.526    1514.38  0.000e+00
      26.94     94.650    1514.38  0.000e+00
      26.91     94.526    1514.38  0.000e+00
      26.94     94.609    1514.38  0.000e+00
      26.91     94.707    1514.38  0.000e+00
      26.94     94.650    1514.38  0.000e+00
      27.03     94.707    1514.38  0.000e+00
      27.08     94.707    1514.38  0.000e+00
      27.06     94.707    1514.38  0.000e+00
      27.08     94.732    1514.38  0.000e+00
      27.06     94.773    1514.38  0.000e+00
      27.06     94.831    1514.39  0.000e+00
      26.96     94.773    1514.38  0.000e+00
      26.94     94.897    1514.39  0.000e+00
      26.91     94.831    1514.39  0.000e+00
      26.91     94.913    1514.39  0.000e+00
      26.89     94.897    1514.40  0.000e+00
      26.91     95.020    1514.40  0.000e+00
      26.94     94.897    1514.40  0.000e+00
      26.94     95.020    1514.40  0.000e+00
      26.94     95.020    1514.41  0.000e+00
      26.94     95.036    1514.41  0.000e+00
      26.91     95.077    1514.41  0.000e+00
      26.94     95.020    1514.41  0.000e+00
      27.11     95.135    1514.41  0.000e+00
      27.23     95.135    1514.42  0.000e+00
      27.25     95.201    1514.42  0.000e+00
      27.25     95.135    1514.42  0.000e+00
      27.23     95.217    1514.42  0.000e+00
      27.23     95.201    1514.42  0.000e+00
      27.18     95.258    1514.42  0.000e+00
      27.13     95.324    1514.42  0.000e+00
      27.13     95.258    1514.42  0.000e+00
      27.16     95.324    1514.42  0.000e+00
      27.13     95.406    1514.42  0.000e+00
      27.13     95.324    1514.42  0.000e+00
      26.96     95.382    1514.42  0.000e+00
      26.89     95.382    1514.42  0.000e+00
      26.89     95.447    1514.42  0.000e+00
      26.89     95.447    1514.42  0.000e+00
      26.89     95.447    1514.42  0.000e+00
      26.89     95.521    1514.42  0.000e+00
      27.08     95.447    1514.42  0.000e+00
      27.20     95.505    1514.42  0.000e+00
      27.23     95.447    1514.42  0.000e+00
      27.23     95.505    1514.42  0.000e+00
      27.20     95.505    1514.43  0.000e+00
      27.20     95.505    1514.43  0.000e+00
      27.06     95.521    1514.43  0.000e+00
      26.98     95.505    1514.43  0.000e+00
      26.98     95.563    1514.43  0.000e+00
      26.96     95.447    1514.43  0.000e+00
      26.96     95.562    1514.43  0.000e+00
      26.96     95.505    1514.43  0.000e+00
      26.64     95.406    1514.43  0.000e+00
      26.45     95.562    1514.43  0.000e+00
      26.40     95.505    1514.43  0.000e+00
      26.42     95.505    1514.43  0.000e+00
      26.40     95.447    1514.42  0.000e+00
      26.40     95.447    1514.42  0.000e+00
      26.35     95.381    1514.42  0.000e+00
      26.32     95.464    1514.42  0.000e+00
      26.32     95.381    1514.42  0.000e+00
      26.32     95.381    1514.42  0.000e+00
      26.30     95.324    1514.42  0.000e+00
      26.32     95.381    1514.42  0.000e+00
      26.32     95.381    1514.42  0.000e+00
      26.32     95.324    1514.42  0.000e+00
      26.32     95.283    1514.42  0.000e+00
      26.32     95.258    1514.41  0.000e+00
      26.32     95.258    1514.41  0.000e+00
      26.32     95.200    1514.40  0.000e+00
      26.50     95.200    1514.40  0.000e+00
      26.57     95.200    1514.40  0.000e+00
      26.57     95.093    1514.40  0.000e+00
      26.57     95.134    1514.40  0.000e+00
      26.57     95.077    1514.40  0.000e+00
      26.57     95.019    1514.40  0.000e+00
      26.62     95.077    1514.40  0.000e+00
      26.67     95.019    1514.40  0.000e+00
      26.67     94.953    1514.40  0.000e+00
      26.67     94.912    1514.40  0.000e+00
      26.64     94.953    1514.39  0.000e+00
      26.64     94.896    1514.39  0.000e+00
      26.52     94.830    1514.39  0.000e+00
      26.47     94.830    1514.38  0.000e+00
      26.45     94.772    1514.38  0.000e+00
      26.47     94.789    1514.38  0.000e+00
      26.45     94.772    1514.38  0.000e+00
      26.45     94.706    1514.38  0.000e+00
      26.59     94.649    1514.38  0.000e+00
      26.67     94.706    1514.38  0.000e+00
      26.67     94.649    1514.38  0.000e+00
      26.67     94.607    1514.38  0.000e+00
      26.67     94.649    1514.38  0.000e+00
      26.64     94.525    1514.37  0.000e+00
      26.72     94.525    1514.37  0.000e+00
      26.79     94.525    1514.37  0.000e+00
      26.79     94.525    1514.37  0.000e+00
      26.76     94.484    1514.37  0.000e+00
      26.76     94.468    1514.37  0.000e+00
      26.79     94.467    1514.37  0.000e+00
      26.89     94.402    1514.37  0.000e+00
      26.96     94.467    1514.37  0.000e+00
      26.96     94.344    1514.37  0.000e+00
      26.96     94.360    1514.37  0.000e+00
      26.96     94.344    1514.37  0.000e+00
      26.96     94.344    1514.37  0.000e+00
      26.96     94.344    1514.37  0.000e+00
      26.98     94.278    1514.37  0.000e+00
      26.98     94.278    1514.37  0.000e+00
      26.98     94.303    1514.37  0.000e+00
      26.96     94.278    1514.37  0.000e+00
      26.98     94.221    1514.37  0.000e+00
      27.11     94.278    1514.37  0.000e+00
      27.16     94.221    1514.37  0.000e+00
      27.16     94.237    1514.37  0.000e+00
      27.16     94.221    1514.36  0.000e+00
      27.13     94.221    1514.37  0.000e+00
      27.13     94.221    1514.37  0.000e+00
      27.16     94.221    1514.37  0.000e+00
      27.16     94.221    1514.37  0.000e+00
      27.16     94.237    1514.37  0.000e+00
      27.16     94.163    1514.37  0.000e+00
      27.16     94.220    1514.37  0.000e+00
      27.16     94.220    1514.37  0.000e+00
      27.30     94.278    1514.37  0.000e+00
      27.35     94.163    1514.37  0.000e+00
      27.37     94.237    1514.37  0.000e+00
      27.37     94.278    1514.37  0.000e+00
      27.35     94.220    1514.37  0.000e+00
      27.35     94.278    1514.37  0.000e+00
      27.37     94.220    1514.37  0.000e+00
      27.40     94.344    1514.37  0.000e+00
      27.40     94.237    1514.37  0.000e+00
      27.40     94.344    1514.37  0.000e+00
      27.37     94.278    1514.37  0.000e+00
      27.37     94.344    1514.37  0.000e+00
      27.28     94.344    1514.37  0.000e+00
      27.20     94.426    1514.37  0.000e+00
      27.23     94.278    1514.37  0.000e+00
      27.20     94.401    1514.37  0.000e+00
      27.20     94.467    1514.37  0.000e+00
      27.20     94.401    1514.37  0.000e+00
      27.37     94.467    1514.37  0.000e+00
      27.45     94.484    1514.37  0.000e+00
      27.47     94.467    1514.37  0.000e+00
      27.45     94.525    1514.37  0.000e+00
      27.45     94.525    1514.37  0.000e+00
      27.45     94.590    1514.38  0.000e+00
      27.23     94.590    1514.38  0.000e+00
      27.08     94.607    1514.38  0.000e+00
      27.06     94.590    1514.38  0.000e+00
      27.08     94.648    1514.38  0.000e+00
      27.08     94.706    1514.38  0.000e+00
      27.11     94.706    1514.38  0.000e+00
      27.40     94.706    1514.38  0.000e+00
      27.52     94.730    1514.38  0.000e+00
      27.52     94.771    1514.38  0.000e+00
      27.55     94.771    1514.38  0.000e+00
      27.52     94.829    1514.38  0.000e+00
      27.52     94.829    1514.38  0.000e+00
      27.57     94.895    1514.38  0.000e+00
      27.59     94.829    1514.38  0.000e+00
      27.59     94.911    1514.39  0.000e+00
      27.59     94.952    1514.39  0.000e+00
      27.59     94.952    1514.39  0.000e+00
      27.57     94.952    1514.39  0.000e+00
      27.37     95.018    1514.39  0.000e+00
      27.28     95.018    1514.39  0.000e+00
      27.25     95.035    1514.39  0.000e+00
      27.25     95.076    1514.39  0.000e+00
      27.25     95.018    1514.39  0.000e+00
      27.25     95.133    1514.39  0.000e+00
      27.18     95.076    1514.39  0.000e+00
      27.13     95.133    1514.39  0.000e+00
      27.13     95.092    1514.39  0.000e+00
      27.16     95.133    1514.39  0.000e+00
      27.13     95.133    1514.39  0.000e+00
      27.13     95.199    1514.39  0.000e+00
      27.11     95.133    1514.39  0.000e+00
      27.08     95.133    1514.39  0.000e+00
      27.11     95.199    1514.39  0.000e+00
      27.11     95.215    1514.39  0.000e+00
      27.08     95.199    1514.39  0.000e+00
      27.08     95.133    1514.39  0.000e+00
      26.84     95.199    1514.39  0.000e+00
      26.67     95.199    1514.40  0.000e+00
      26.67     95.199    1514.40  0.000e+00
      26.67     95.158    1514.40  0.000e+00
      26.67     95.199    1514.40  0.000e+00
      26.67     95.199    1514.40  0.000e+00
      26.67     95.133    1514.40  0.000e+00
      26.67     95.199    1514.40  0.000e+00
      26.67     95.133    1514.39  0.000e+00
      26.69     95.092    1514.39  0.000e+00
      26.69     95.199    1514.39  0.000e+00
      26.67     95.133    1514.39  0.000e+00
      26.64     95.075    1514.39  0.000e+00
      26.62     95.075    1514.39  0.000e+00
      26.62     95.075    1514.39  0.000e+00
      26.62     95.133    1514.39  0.000e+00
      26.62     94.977    1514.38  0.000e+00
      26.62     95.075    1514.39  0.000e+00
      26.59     94.952    1514.38  0.000e+00
      26.59     95.018    1514.39  0.000e+00
      26.59     95.018    1514.39  0.000e+00
      26.62     94.952    1514.38  0.000e+00
      26.59     94.911    1514.38  0.000e+00
      26.59     94.952    1514.38  0.000e+00
      26.64     94.894    1514.38  0.000e+00
      26.69     94.828    1514.38  0.000e+00
      26.67     94.894    1514.38  0.000e+00
      26.67     94.828    1514.38  0.000e+00
      26.67     94.853    1514.38  0.000e+00
      26.67     94.771    1514.38  0.000e+00
      26.67     94.771    1514.38  0.000e+00
      26.64     94.771    1514.38  0.000e+00
      26.64     94.705    1514.38  0.000e+00
      26.64     94.705    1514.38  0.000e+00
      26.62     94.664    1514.38  0.000e+00
      26.64     94.705    1514.38  0.000e+00
      26.69     94.705    1514.38  0.000e+00
      26.72     94.647    1514.38  0.000e+00
      26.72     94.647    1514.38  0.000e+00
      26.72     94.590    1514.37  0.000e+00
      26.72     94.590    1514.37  0.000e+00
      26.72     94.606    1514.37  0.000e+00
      26.76     94.590    1514.37  0.000e+00
      26.81     94.590    1514.38  0.000e+00
      26.81     94.590    1514.38  0.000e+00
      26.81     94.524    1514.37  0.000e+00
      26.81     94.466    1514.37  0.000e+00
      26.81     94.549    1514.37  0.000e+00
      26.89     94.590    1514.37  0.000e+00
      26.94     94.524    1514.37  0.000e+00
      26.96     94.524    1514.37  0.000e+00
      26.96     94.466    1514.37  0.000e+00
      26.94     94.483    1514.37  0.000e+00
      26.94     94.590    1514.37  0.000e+00
      26.96     94.524    1514.37  0.000e+00
      26.96     94.524    1514.37  0.000e+00
      26.96     94.524    1514.37  0.000e+00
      26.96     94.524    1514.37  0.000e+00
      26.96     94.549    1514.37  0.000e+00
      26.96     94.524    1514.37  0.000e+00
      26.96     94.590    1514.37  0.000e+00
      26.98     94.524    1514.37  0.000e+00
      26.98     94.590    1514.38  0.000e+00
      26.98     94.590    1514.37  0.000e+00
      26.98     94.606    1514.38  0.000e+00
      26.98     94.590    1514.38  0.000e+00
      26.98     94.647    1514.38  0.000e+00
      27.01     94.647    1514.38  0.000e+00
      27.01     94.647    1514.38  0.000e+00
      27.01     94.705    1514.38  0.000e+00
      26.98     94.606    1514.37  0.000e+00
      26.98     94.771    1514.38  0.000e+00
      26.89     94.705    1514.38  0.000e+00
      26.84     94.705    1514.38  0.000e+00
      26.84     94.771    1514.38  0.000e+00
      26.81     94.828    1514.38  0.000e+00
      26.81     94.828    1514.38  0.000e+00
      26.81     94.787    1514.37  0.000e+00
      26.86     94.894    1514.38  0.000e+00
      26.89     94.894    1514.38  0.000e+00
      26.89     94.894    1514.38  0.000e+00
      26.89     94.894    1514.38  0.000e+00
      26.86     94.951    1514.38  0.000e+00
      26.86     94.976    1514.38  0.000e+00
      26.84     95.017    1514.38  0.000e+00
      26.84     95.017    1514.38  0.000e+00
      26.81     95.017    1514.38  0.000e+00
      26.81     95.075    1514.38  0.000e+00
      26.79     95.075    1514.38  0.000e+00
      26.79     95.091    1514.38  0.000e+00
      26.72     95.198    1514.39  0.000e+00
      26.69     95.075    1514.38  0.000e+00
      26.69     95.198    1514.39  0.000e+00
      26.69     95.198    1514.39  0.000e+00
      26.69     95.198    1514.39  0.000e+00
      26.67     95.256    1514.39  0.000e+00
      26.72     95.215    1514.39  0.000e+00
      26.74     95.256    1514.39  0.000e+00
      26.72     95.256    1514.39  0.000e+00
      26.72     95.322    1514.39  0.000e+00
      26.72     95.256    1514.39  0.000e+00
      26.74     95.322    1514.39  0.000e+00
      26.86     95.338    1514.39  0.000e+00
      26.91     95.322    1514.39  0.000e+00
      26.94     95.322    1514.39  0.000e+00
      26.94     95.379    1514.40  0.000e+00
      26.94     95.322    1514.40  0.000e+00
      26.94     95.322    1514.40  0.000e+00
      26.89     95.379    1514.40  0.000e+00
      26.84     95.338    1514.41  0.000e+00
      26.84     95.379    1514.41  0.000e+00
      26.86     95.322    1514.41  0.000e+00
      26.84     95.379    1514.41  0.000e+00
      26.84     95.322    1514.40  0.000e+00
      26.84     95.379    1514.40  0.000e+00
      26.84     95.338    1514.40  0.000e+00
      26.86     95.322    1514.40  0.000e+00
      26.84     95.379    1514.40  0.000e+00
      26.84     95.322    1514.40  0.000e+00
      26.84     95.321    1514.40  0.000e+00
      26.57     95.321    1514.40  0.000e+00
      26.42     95.321    1514.40  0.000e+00
      26.42     95.280    1514.40  0.000e+00
      26.42     95.256    1514.40  0.000e+00
      26.42     95.321    1514.40  0.000e+00
      26.40     95.198    1514.40  0.000e+00
      26.37     95.256    1514.40  0.000e+00
      26.35     95.198    1514.40  0.000e+00
      26.35     95.214    1514.40  0.000e+00
      26.35     95.198    1514.40  0.000e+00
      26.35     95.198    1514.40  0.000e+00
      26.32     95.132    1514.40  0.000e+00
      26.30     95.075    1514.39  0.000e+00
      26.30     95.132    1514.39  0.000e+00
      26.30     95.074    1514.39  0.000e+00
      26.28     95.091    1514.39  0.000e+00
      26.28     95.074    1514.38  0.000e+00
      26.28     95.017    1514.38  0.000e+00
      26.42     95.017    1514.38  0.000e+00
      26.50     94.951    1514.38  0.000e+00
      26.52     94.951    1514.38  0.000e+00
      26.50     94.976    1514.38  0.000e+00
      26.50     94.951    1514.38  0.000e+00
      26.50     94.893    1514.38  0.000e+00
      26.57     94.893    1514.38  0.000e+00
      26.59     94.828    1514.38  0.000e+00
      26.59     94.893    1514.38  0.000e+00
