test_casts/EN695_015_test.cnv
* Sea-Bird SBE 9 Data File:
* FileName = D:\ctd\raw\EN695_015.hdr
* Software Version Seasave V 7.26.7.121
* Temperature SN = 4333
* Conductivity SN = 2459
* Number of Bytes Per Scan = 40
* Number of Voltage Words = 5
* Number of Scans Averaged by the Deck Unit = 1
* NMEA Latitude = 41 11.95 N
* NMEA Longitude = 070 53.14 W
* NMEA UTC (Time) = Jan 14 2023  17:36:36
* NMEA baud rate = 4800
** Ship: R/V Endeavor
** Cruise: EN695
** Principal Investigator: Heidi Sosik
** Chief Scientist: Heidi Sosik
** Project: NES-LTER Transect 12 Winter
** Cruise Start Date: 11 Jan 2023
** Ports: Senesco Shipyard to Senesco Shipyard, North Kingstown, Rhode Island
** Station:  L1
** Bottom Depth: 21 m
** Operator:
# nquan = 4
# nvalues = 13824                                 
# units = specified
# name 0 = altM: Altimeter [m]
# name 1 = depSM: Depth [salt water, m]
# name 2 = svCM: Sound Velocity [Chen-Millero, m/s]
# name 3 = flag:  0.000e+00
# span 0 =       4.96,      19.83                 
# span 1 =      2.442,     16.237                 
# span 2 =    1472.62,    1472.91                 
# span 3 = 0.0000e+00, 0.0000e+00                 
# interval = seconds: 0.0416667
# start_time = Jan 14 2023 17:36:38 [System UTC, header]
# bad_flag = -9.990e-29
*END*
[from data line 6401]
       8.11     12.414    1472.84  0.000e+00
       8.11     12.414    1472.84  0.000e+00
       8.11     12.414    1472.84  0.000e+00
       8.08     12.471    1472.84  0.000e+00
       8.03     12.414    1472.84  0.000e+00
       8.01     12.471    1472.84  0.000e+00
       7.99     12.471    1472.84  0.000e+00
       7.99     12.471    1472.84  0.000e+00
       7.99     12.471    1472.84  0.000e+00
       8.01     12.471    1472.84  0.000e+00
       8.01     12.471    1472.84  0.000e+00
       8.06     12.471    1472.84  0.000e+00
       8.40     12.520    1472.84  0.000e+00
       8.52     12.471    1472.84  0.000e+00
       8.50     12.471    1472.84  0.000e+00
       8.50     12.537    1472.84  0.000e+00
       8.50     12.537    1472.84  0.000e+00
       8.45     12.537    1472.84  0.000e+00
       8.38     12.594    1472.85  0.000e+00
       8.35     12.537    1472.84  0.000e+00
       8.35     12.537    1472.84  0.000e+00
       8.35     12.537    1472.84  0.000e+00
       8.35     12.537    1472.84  0.000e+00
       8.35     12.537    1472.84  0.000e+00
       8.35     12.537    1472.84  0.000e+00
       8.35     12.594    1472.84  0.000e+00
       8.35     12.537    1472.84  0.000e+00
       8.33     12.578    1472.85  0.000e+00
       8.35     12.537    1472.84  0.000e+00
       8.35     12.537    1472.84  0.000e+00
       8.33     12.537    1472.84  0.000e+00
       8.35     12.537    1472.84  0.000e+00
       8.35     12.537    1472.84  0.000e+00
       8.35     12.537    1472.84  0.000e+00
       8.35     12.537    1472.84  0.000e+00
       8.35     12.471    1472.84  0.000e+00
       8.35     12.594    1472.85  0.000e+00
       8.38     12.471    1472.84  0.000e+00
       8.42     12.471    1472.84  0.000e+00
       8.42     12.537    1472.84  0.000e+00
       8.45     12.413    1472.84  0.000e+00
       8.42     12.471    1472.84  0.000e+00
       8.45     12.520    1472.84  0.000e+00
       8.40     12.413    1472.84  0.000e+00
       8.35     12.471    1472.84  0.000e+00
       8.33     12.471    1472.84  0.000e+00
       8.33     12.413    1472.84  0.000e+00
       8.33     12.413    1472.84  0.000e+00
       8.35     12.413    1472.84  0.000e+00
       8.33     12.413    1472.84  0.000e+00
       8.28     12.413    1472.84  0.000e+00
       8.25     12.413    1472.84  0.000e+00
       8.25     12.413    1472.84  0.000e+00
       8.25     12.356    1472.84  0.000e+00
       8.23     12.356    1472.84  0.000e+00
       8.25     12.356    1472.84  0.000e+00
       8.28     12.356    1472.84  0.000e+00
       8.35     12.290    1472.84  0.000e+00
       8.35     12.339    1472.84  0.000e+00
       8.35     12.356    1472.84  0.000e+00
       8.35     12.356    1472.84  0.000e+00
       8.35     12.290    1472.84  0.000e+00
       8.35     12.290    1472.84  0.000e+00
       8.33     12.290    1472.84  0.000e+00
       8.35     12.290    1472.84  0.000e+00
       8.35     12.356    1472.84  0.000e+00
       8.33     12.290    1472.83  0.000e+00
       8.38     12.232    1472.83  0.000e+00
       8.40     12.290    1472.83  0.000e+00
       8.42     12.290    1472.83  0.000e+00
       8.42     12.290    1472.83  0.000e+00
       8.42     12.290    1472.83  0.000e+00
       8.40     12.290    1472.83  0.000e+00
       8.40     12.232    1472.83  0.000e+00
       8.38     12.273    1472.83  0.000e+00
       8.38     12.290    1472.83  0.000e+00
       8.38     12.290    1472.83  0.000e+00
       8.38     12.290    1472.83  0.000e+00
       8.38     12.290    1472.83  0.000e+00
       8.42     12.290    1472.83  0.000e+00
       8.50     12.290    1472.83  0.000e+00
       8.52     12.290    1472.83  0.000e+00
       8.52     12.355    1472.83  0.000e+00
       8.50     12.232    1472.83  0.000e+00
       8.50     12.355    1472.83  0.000e+00
       8.47     12.290    1472.83  0.000e+00
       8.47     12.355    1472.84  0.000e+00
       8.45     12.290    1472.83  0.000e+00
       8.47     12.355    1472.84  0.000e+00
       8.45     12.290    1472.83  0.000e+00
       8.45     12.339    1472.84  0.000e+00
       8.45     12.355    1472.83  0.000e+00
       8.45     12.290    1472.83  0.000e+00
       8.47     12.355    1472.83  0.000e+00
       8.45     12.355    1472.83  0.000e+00
       8.45     12.355    1472.83  0.000e+00
       8.45     12.355    1472.83  0.000e+00
       8.40     12.290    1472.83  0.000e+00
       8.35     12.355    1472.83  0.000e+00
       8.35     12.355    1472.83  0.000e+00
       8.38     12.355    1472.83  0.000e+00
       8.35     12.355    1472.83  0.000e+00
       8.35     12.355    1472.83  0.000e+00
       8.40     12.355    1472.83  0.000e+00
       8.42     12.290    1472.83  0.000e+00
       8.45     12.355    1472.83  0.000e+00
       8.45     12.273    1472.83  0.000e+00
       8.45     12.355    1472.83  0.000e+00
       8.42     12.289    1472.83  0.000e+00
       8.47     12.289    1472.83  0.000e+00
       8.52     12.413    1472.83  0.000e+00
       8.52     12.289    1472.83  0.000e+00
       8.55     12.289    1472.83  0.000e+00
       8.52     12.289    1472.83  0.000e+00
       8.52     12.289    1472.83  0.000e+00
       8.55     12.289    1472.83  0.000e+00
       8.57     12.289    1472.83  0.000e+00
       8.60     12.232    1472.83  0.000e+00
       8.60     12.232    1472.83  0.000e+00
       8.57     12.232    1472.83  0.000e+00
       8.57     12.232    1472.83  0.000e+00
       8.62     12.289    1472.84  0.000e+00
       8.64     12.232    1472.84  0.000e+00
       8.64     12.150    1472.84  0.000e+00
       8.67     12.166    1472.84  0.000e+00
       8.64     12.166    1472.84  0.000e+00
       8.64     12.166    1472.84  0.000e+00
       8.64     12.108    1472.83  0.000e+00
       8.62     12.166    1472.83  0.000e+00
       8.62     12.108    1472.83  0.000e+00
       8.62     12.108    1472.83  0.000e+00
       8.62     12.108    1472.83  0.000e+00
       8.62     12.043    1472.83  0.000e+00
       8.72     12.043    1472.83  0.000e+00
       8.82     12.043    1472.83  0.000e+00
       8.84     12.043    1472.83  0.000e+00
       8.82     11.928    1472.83  0.000e+00
       8.82     12.043    1472.83  0.000e+00
       8.82     11.928    1472.82  0.000e+00
       8.86     11.928    1472.83  0.000e+00
       8.94     11.911    1472.82  0.000e+00
       8.94     11.928    1472.82  0.000e+00
       8.94     11.928    1472.83  0.000e+00
       8.94     11.862    1472.82  0.000e+00
       8.94     11.862    1472.82  0.000e+00
       8.96     11.804    1472.82  0.000e+00
       8.96     11.862    1472.83  0.000e+00
       8.96     11.804    1472.83  0.000e+00
       8.96     11.739    1472.83  0.000e+00
       8.96     11.804    1472.83  0.000e+00
       8.96     11.739    1472.83  0.000e+00
       8.96     11.739    1472.83  0.000e+00
       8.99     11.739    1472.83  0.000e+00
       8.99     11.681    1472.83  0.000e+00
       8.99     11.738    1472.83  0.000e+00
       8.99     11.681    1472.83  0.000e+00
       8.99     11.681    1472.83  0.000e+00
       9.06     11.681    1472.83  0.000e+00
       9.16     11.623    1472.83  0.000e+00
       9.18     11.681    1472.83  0.000e+00
       9.16     11.607    1472.83  0.000e+00
       9.16     11.623    1472.83  0.000e+00
       9.16     11.623    1472.83  0.000e+00
       9.21     11.623    1472.83  0.000e+00
       9.26     11.558    1472.83  0.000e+00
       9.28     11.623    1472.83  0.000e+00
       9.28     11.623    1472.83  0.000e+00
       9.28     11.558    1472.83  0.000e+00
       9.28     11.558    1472.83  0.000e+00
       9.28     11.623    1472.83  0.000e+00
       9.28     11.623    1472.83  0.000e+00
       9.28     11.558    1472.83  0.000e+00
       9.28     11.558    1472.83  0.000e+00
       9.28     11.623    1472.83  0.000e+00
       9.28     11.623    1472.83  0.000e+00
       9.30     11.623    1472.83  0.000e+00
       9.38     11.558    1472.83  0.000e+00
       9.38     11.623    1472.83  0.000e+00
       9.38     11.623    1472.83  0.000e+00
       9.38     11.623    1472.83  0.000e+00
       9.38     11.558    1472.83  0.000e+00
       9.38     11.722    1472.83  0.000e+00
       9.35     11.681    1472.83  0.000e+00
       9.38     11.623    1472.83  0.000e+00
       9.38     11.681    1472.83  0.000e+00
       9.38     11.681    1472.83  0.000e+00
       9.35     11.681    1472.83  0.000e+00
       9.35     11.681    1472.83  0.000e+00
       9.35     11.738    1472.83  0.000e+00
       9.35     11.681    1472.83  0.000e+00
       9.33     11.738    1472.83  0.000e+00
       9.35     11.738    1472.83  0.000e+00
       9.33     11.804    1472.83  0.000e+00
       9.33     11.738    1472.83  0.000e+00
       9.33     11.804    1472.83  0.000e+00
       9.33     11.804    1472.83  0.000e+00
       9.33     11.804    1472.83  0.000e+00
       9.33     11.862    1472.83  0.000e+00
       9.33     11.804    1472.83  0.000e+00
       9.33     11.927    1472.83  0.000e+00
       9.38     11.788    1472.83  0.000e+00
       9.38     11.927    1472.83  0.000e+00
       9.38     11.927    1472.83  0.000e+00
       9.38     11.927    1472.83  0.000e+00
       9.38     11.927    1472.83  0.000e+00
       9.30     11.927    1472.83  0.000e+00
       9.21     11.985    1472.83  0.000e+00
       9.21     11.985    1472.83  0.000e+00
       9.21     11.985    1472.83  0.000e+00
       9.23     11.985    1472.83  0.000e+00
       9.21     12.042    1472.84  0.000e+00
       9.23     12.042    1472.84  0.000e+00
       9.21     11.985    1472.83  0.000e+00
       9.21     12.108    1472.84  0.000e+00
       9.18     12.042    1472.83  0.000e+00
       9.18     12.042    1472.83  0.000e+00
       9.18     12.108    1472.84  0.000e+00
       9.18     12.108    1472.84  0.000e+00
       9.18     12.092    1472.84  0.000e+00
       9.11     12.166    1472.84  0.000e+00
       9.06     12.108    1472.84  0.000e+00
       9.06     12.166    1472.84  0.000e+00
       9.08     12.166    1472.84  0.000e+00
       9.06     12.166    1472.84  0.000e+00
       9.04     12.166    1472.84  0.000e+00
       8.99     12.166    1472.84  0.000e+00
       8.94     12.231    1472.84  0.000e+00
       8.94     12.231    1472.84  0.000e+00
       8.96     12.166    1472.84  0.000e+00
       8.94     12.289    1472.84  0.000e+00
       8.94     12.231    1472.84  0.000e+00
       8.91     12.231    1472.84  0.000e+00
       8.91     12.289    1472.84  0.000e+00
       8.91     12.289    1472.84  0.000e+00
       8.91     12.231    1472.84  0.000e+00
       8.91     12.338    1472.84  0.000e+00
       8.91     12.289    1472.84  0.000e+00
       8.94     12.355    1472.84  0.000e+00
       8.86     12.289    1472.84  0.000e+00
       8.82     12.289    1472.84  0.000e+00
       8.77     12.412    1472.84  0.000e+00
       8.79     12.289    1472.84  0.000e+00
       8.77     12.412    1472.84  0.000e+00
       8.77     12.354    1472.84  0.000e+00
       8.69     12.354    1472.84  0.000e+00
       8.62     12.412    1472.84  0.000e+00
       8.62     12.412    1472.84  0.000e+00
       8.62     12.354    1472.84  0.000e+00
       8.62     12.412    1472.84  0.000e+00
       8.62     12.412    1472.84  0.000e+00
       8.60     12.470    1472.85  0.000e+00
       8.55     12.396    1472.84  0.000e+00
       8.52     12.412    1472.84  0.000e+00
       8.55     12.412    1472.85  0.000e+00
       8.55     12.470    1472.85  0.000e+00
       8.50     12.412    1472.85  0.000e+00
       8.42     12.470    1472.85  0.000e+00
       8.40     12.470    1472.85  0.000e+00
       8.40     12.412    1472.85  0.000e+00
       8.42     12.535    1472.85  0.000e+00
       8.40     12.412    1472.85  0.000e+00
       8.40     12.470    1472.85  0.000e+00
       8.42     12.535    1472.85  0.000e+00
       8.42     12.470    1472.85  0.000e+00
       8.33     12.470    1472.85  0.000e+00
       8.21     12.535    1472.85  0.000e+00
       8.18     12.453    1472.85  0.000e+00
       8.18     12.535    1472.85  0.000e+00
       8.18     12.469    1472.85  0.000e+00
       8.18     12.535    1472.85  0.000e+00
       8.18     12.535    1472.85  0.000e+00
       8.18     12.469    1472.85  0.000e+00
       8.18     12.535    1472.85  0.000e+00
       8.18     12.535    1472.85  0.000e+00
       8.18     12.535    1472.85  0.000e+00
       8.18     12.535    1472.85  0.000e+00
       8.18     12.535    1472.85  0.000e+00
       8.18     12.535    1472.85  0.000e+00
       8.21     12.535    1472.85  0.000e+00
       8.18     12.535    1472.85  0.000e+00
       8.21     12.535    1472.85  0.000e+00
       8.21     12.519    1472.85  0.000e+00
       8.21     12.593    1472.85  0.000e+00
       8.25     12.535    1472.85  0.000e+00
       8.25     12.535    1472.85  0.000e+00
       8.25     12.535    1472.85  0.000e+00
       8.25     12.535    1472.85  0.000e+00
       8.28     12.593    1472.85  0.000e+00
       8.25     12.535    1472.85  0.000e+00
       8.28     12.535    1472.85  0.000e+00
       8.25     12.535    1472.85  0.000e+00
       8.21     12.593    1472.85  0.000e+00
       8.21     12.535    1472.85  0.000e+00
       8.21     12.535    1472.85  0.000e+00
       8.21     12.593    1472.85  0.000e+00
       8.21     12.535    1472.85  0.000e+00
       8.23     12.576    1472.85  0.000e+00
       8.25     12.535    1472.85  0.000e+00
       8.23     12.535    1472.85  0.000e+00
       8.25     12.593    1472.85  0.000e+00
       8.23     12.535    1472.85  0.000e+00
       8.25     12.535    1472.85  0.000e+00
       8.33     12.593    1472.85  0.000e+00
       8.35     12.535    1472.85  0.000e+00
       8.35     12.593    1472.85  0.000e+00
       8.35     12.535    1472.85  0.000e+00
       8.35     12.535    1472.85  0.000e+00
       8.30     12.593    1472.85  0.000e+00
       8.25     12.535    1472.85  0.000e+00
       8.23     12.593    1472.85  0.000e+00
       8.23     12.535    1472.85  0.000e+00
       8.25     12.576    1472.85  0.000e+00
       8.25     12.535    1472.85  0.000e+00
       8.28     12.535    1472.85  0.000e+00
       8.35     12.592    1472.85  0.000e+00
       8.35     12.592    1472.85  0.000e+00
       8.38     12.535    1472.85  0.000e+00
       8.35     12.535    1472.85  0.000e+00
       8.38     12.592    1472.85  0.000e+00
       8.38     12.535    1472.85  0.000e+00
       8.38     12.535    1472.85  0.000e+00
       8.38     12.535    1472.85  0.000e+00
       8.38     12.592    1472.85  0.000e+00
       8.38     12.535    1472.85  0.000e+00
       8.38     12.535    1472.85  0.000e+00
       8.38     12.535    1472.85  0.000e+00
       8.38     12.453    1472.84  0.000e+00
       8.38     12.535    1472.84  0.000e+00
       8.38     12.535    1472.85  0.000e+00
       8.38     12.535    1472.84  0.000e+00
       8.38     12.469    1472.84  0.000e+00
       8.38     12.469    1472.84  0.000e+00
       8.42     12.469    1472.84  0.000e+00
       8.45     12.535    1472.84  0.000e+00
       8.45     12.469    1472.84  0.000e+00
       8.42     12.412    1472.84  0.000e+00
       8.42     12.412    1472.84  0.000e+00
       8.45     12.469    1472.84  0.000e+00
       8.45     12.412    1472.84  0.000e+00
       8.47     12.412    1472.84  0.000e+00
       8.47     12.412    1472.84  0.000e+00
       8.45     12.354    1472.84  0.000e+00
       8.45     12.453    1472.84  0.000e+00
       8.47     12.354    1472.84  0.000e+00
       8.52     12.354    1472.84  0.000e+00
       8.55     12.354    1472.84  0.000e+00
       8.55     12.354    1472.84  0.000e+00
       8.55     12.288    1472.84  0.000e+00
       8.52     12.354    1472.84  0.000e+00
       8.50     12.231    1472.84  0.000e+00
       8.42     12.288    1472.84  0.000e+00
       8.40     12.288    1472.84  0.000e+00
       8.42     12.231    1472.84  0.000e+00
       8.42     12.231    1472.84  0.000e+00
