test_casts/EN695_008_test.cnv
* Sea-Bird SBE 9 Data File:
* FileName = D:\ctd\raw\EN695_008.hdr
* Software Version Seasave V 7.26.7.121
* Temperature SN = 4333
* Conductivity SN = 2459
* Number of Bytes Per Scan = 40
* Number of Voltage Words = 5
* Number of Scans Averaged by the Deck Unit = 1
* NMEA Latitude = 40 30.85 N
* NMEA Longitude = 070 53.19 W
* NMEA UTC (Time) = Jan 13 2023  01:56:19
* NMEA baud rate = 4800
** Ship: R/V Endeavor
** Cruise: EN695
** Principal Investigator: Heidi Sosik
** Chief Scientist: Heidi Sosik
** Project: NES-LTER Transect 12 Winter
** Cruise Start Date: 11 Jan 2023
** Ports: Senesco Shipyard to Senesco Shipyard, North Kingstown, Rhode Island
** Station:  L5
** Bottom Depth: 76m
** Operator:  tc
# nquan = 4
# nvalues = 20189                                 
# units = specified
# name 0 = altM: Altimeter [m]
# name 1 = depSM: Depth [salt water, m]
# name 2 = svCM: Sound Velocity [Chen-Millero, m/s]
# name 3 = flag:  0.000e+00
# span 0 =       0.00,     100.00                 
# span 1 =      3.588,     71.113                 
# span 2 =    1485.59,    1498.40                 
# span 3 = 0.0000e+00, 0.0000e+00                 
# interval = seconds: 0.0416667
# start_time = Jan 13 2023 01:56:22 [System UTC, header]
# bad_flag = -9.990e-29
*END*
[from data line 12089]
      37.14     40.408    1486.78  0.000e+00
      37.09     40.350    1486.76  0.000e+00
      37.09     40.449    1486.74  0.000e+00
      37.09     40.350    1486.73  0.000e+00
      37.09     40.350    1486.73  0.000e+00
      37.07     40.408    1486.74  0.000e+00
      37.12     40.326    1486.74  0.000e+00
      37.24     40.408    1486.74  0.000e+00
      37.31     40.350    1486.73  0.000e+00
      37.31     40.350    1486.73  0.000e+00
      37.31     40.326    1486.73  0.000e+00
      37.26     40.350    1486.73  0.000e+00
      37.29     40.350    1486.73  0.000e+00
      37.29     40.350    1486.73  0.000e+00
      37.29     40.268    1486.74  0.000e+00
      37.29     40.408    1486.75  0.000e+00
      37.29     40.350    1486.75  0.000e+00
      37.26     40.285    1486.73  0.000e+00
      37.29     40.408    1486.72  0.000e+00
      37.39     40.268    1486.72  0.000e+00
      37.41     40.350    1486.73  0.000e+00
      37.41     40.408    1486.74  0.000e+00
      37.41     40.350    1486.75  0.000e+00
      37.39     40.392    1486.76  0.000e+00
      37.36     40.350    1486.77  0.000e+00
      37.26     40.408    1486.77  0.000e+00
      37.24     40.408    1486.76  0.000e+00
      37.24     40.392    1486.75  0.000e+00
      37.24     40.350    1486.74  0.000e+00
      37.22     40.350    1486.73  0.000e+00
      37.22     40.350    1486.72  0.000e+00
      37.22     40.202    1486.72  0.000e+00
      37.22     40.408    1486.73  0.000e+00
      37.22     40.285    1486.73  0.000e+00
      37.22     40.408    1486.74  0.000e+00
      37.19     40.350    1486.75  0.000e+00
      37.22     40.391    1486.77  0.000e+00
      37.24     40.408    1486.79  0.000e+00
      37.26     40.350    1486.82  0.000e+00
      37.26     40.465    1486.87  0.000e+00
      37.26     40.391    1486.89  0.000e+00
      37.26     40.408    1486.88  0.000e+00
      37.26     40.408    1486.85  0.000e+00
      37.29     40.408    1486.84  0.000e+00
      37.29     40.326    1486.84  0.000e+00
      37.29     40.408    1486.87  0.000e+00
      37.31     40.350    1486.91  0.000e+00
      37.26     40.408    1486.94  0.000e+00
      37.24     40.465    1486.94  0.000e+00
      37.17     40.449    1486.93  0.000e+00
      37.14     40.408    1486.93  0.000e+00
      37.17     40.531    1486.93  0.000e+00
      37.17     40.465    1486.93  0.000e+00
      37.14     40.507    1486.96  0.000e+00
      37.14     40.531    1486.97  0.000e+00
      37.22     40.465    1486.97  0.000e+00
      37.22     40.408    1486.96  0.000e+00
      37.24     40.391    1486.95  0.000e+00
      37.24     40.408    1486.94  0.000e+00
      37.22     40.408    1486.95  0.000e+00
      37.22     40.350    1486.95  0.000e+00
      37.26     40.391    1486.93  0.000e+00
      37.26     40.408    1486.91  0.000e+00
      37.26     40.408    1486.89  0.000e+00
      37.26     40.465    1486.88  0.000e+00
      37.26     40.465    1486.90  0.000e+00
      37.22     40.572    1486.95  0.000e+00
      37.14     40.465    1486.97  0.000e+00
      37.12     40.465    1486.97  0.000e+00
      37.12     40.589    1486.98  0.000e+00
      37.12     40.449    1486.99  0.000e+00
      37.12     40.531    1487.01  0.000e+00
      37.12     40.465    1487.00  0.000e+00
      37.12     40.465    1487.00  0.000e+00
      37.14     40.572    1486.99  0.000e+00
      37.14     40.531    1486.97  0.000e+00
      37.14     40.531    1486.95  0.000e+00
      37.12     40.531    1486.94  0.000e+00
      37.12     40.589    1486.94  0.000e+00
      37.07     40.630    1486.95  0.000e+00
      37.02     40.589    1486.95  0.000e+00
      37.05     40.655    1486.96  0.000e+00
      37.05     40.655    1486.96  0.000e+00
      37.02     40.630    1486.95  0.000e+00
      37.02     40.655    1486.95  0.000e+00
      37.02     40.655    1486.94  0.000e+00
      37.02     40.712    1486.95  0.000e+00
      37.05     40.696    1486.96  0.000e+00
      37.02     40.712    1486.97  0.000e+00
      37.02     40.712    1486.96  0.000e+00
      37.02     40.712    1486.93  0.000e+00
      37.02     40.712    1486.89  0.000e+00
      37.02     40.819    1486.86  0.000e+00
      37.02     40.835    1486.84  0.000e+00
      37.02     40.778    1486.84  0.000e+00
      37.02     40.893    1486.87  0.000e+00
      37.05     40.819    1486.88  0.000e+00
      37.12     40.893    1486.87  0.000e+00
      37.17     40.893    1486.86  0.000e+00
      37.14     40.959    1486.85  0.000e+00
      37.17     40.959    1486.83  0.000e+00
      37.14     41.000    1486.81  0.000e+00
      37.07     41.016    1486.82  0.000e+00
      36.90     41.016    1486.83  0.000e+00
      36.85     41.082    1486.85  0.000e+00
      36.85     41.123    1486.88  0.000e+00
      36.85     41.082    1486.91  0.000e+00
      36.85     41.197    1486.95  0.000e+00
      36.90     41.140    1486.97  0.000e+00
      37.00     41.140    1486.97  0.000e+00
      37.05     41.181    1486.96  0.000e+00
      37.05     41.140    1486.95  0.000e+00
      37.02     41.197    1486.95  0.000e+00
      37.05     41.197    1486.96  0.000e+00
      36.97     41.247    1486.99  0.000e+00
      36.87     41.321    1486.99  0.000e+00
      36.85     41.263    1486.97  0.000e+00
      36.85     41.321    1486.95  0.000e+00
      36.83     41.321    1486.94  0.000e+00
      36.83     41.362    1486.94  0.000e+00
      36.75     41.386    1486.95  0.000e+00
      36.46     41.321    1486.93  0.000e+00
      36.39     41.386    1486.91  0.000e+00
      36.36     41.247    1486.90  0.000e+00
      36.39     41.444    1486.92  0.000e+00
      36.39     41.386    1486.93  0.000e+00
      36.36     41.321    1486.91  0.000e+00
      36.31     41.321    1486.92  0.000e+00
      36.29     41.304    1486.95  0.000e+00
      36.31     41.386    1486.98  0.000e+00
      36.31     41.263    1486.99  0.000e+00
      36.29     41.321    1487.01  0.000e+00
      36.29     41.263    1487.02  0.000e+00
      36.31     41.304    1487.03  0.000e+00
      36.34     41.263    1487.03  0.000e+00
      36.31     41.263    1487.03  0.000e+00
      36.31     41.263    1487.03  0.000e+00
      36.31     41.247    1487.03  0.000e+00
      36.29     41.197    1487.03  0.000e+00
      36.21     41.197    1487.03  0.000e+00
      36.19     41.197    1487.03  0.000e+00
      36.19     41.140    1487.04  0.000e+00
      36.19     41.181    1487.04  0.000e+00
      36.19     41.140    1487.04  0.000e+00
      36.21     41.082    1487.03  0.000e+00
      36.26     41.082    1487.03  0.000e+00
      36.26     41.123    1487.04  0.000e+00
      36.29     41.016    1487.06  0.000e+00
      36.29     41.016    1487.07  0.000e+00
      36.26     41.016    1487.06  0.000e+00
      36.31     40.959    1487.05  0.000e+00
      36.39     41.000    1487.02  0.000e+00
      36.41     40.893    1487.01  0.000e+00
      36.41     40.959    1487.01  0.000e+00
      36.41     40.835    1487.01  0.000e+00
      36.39     40.819    1487.01  0.000e+00
      36.46     40.893    1487.00  0.000e+00
      36.65     40.835    1486.97  0.000e+00
      36.73     40.712    1486.96  0.000e+00
      36.75     40.778    1486.97  0.000e+00
      36.73     40.753    1486.97  0.000e+00
      36.70     40.712    1486.96  0.000e+00
      36.75     40.655    1486.94  0.000e+00
      36.87     40.712    1486.95  0.000e+00
      36.92     40.630    1486.96  0.000e+00
      36.90     40.655    1487.00  0.000e+00
      36.90     40.531    1487.09  0.000e+00
      36.90     40.589    1487.22  0.000e+00
      36.87     40.589    1487.34  0.000e+00
      36.85     40.507    1487.44  0.000e+00
      36.85     40.531    1487.50  0.000e+00
      36.85     40.531    1487.55  0.000e+00
      36.87     40.408    1487.58  0.000e+00
      36.85     40.507    1487.61  0.000e+00
      36.90     40.408    1487.64  0.000e+00
      37.07     40.408    1487.66  0.000e+00
      37.12     40.408    1487.68  0.000e+00
      37.14     40.391    1487.69  0.000e+00
      37.14     40.350    1487.69  0.000e+00
      37.12     40.350    1487.69  0.000e+00
      37.07     40.350    1487.69  0.000e+00
      37.02     40.326    1487.70  0.000e+00
      37.00     40.285    1487.70  0.000e+00
      37.00     40.285    1487.70  0.000e+00
      37.00     40.285    1487.71  0.000e+00
      36.97     40.285    1487.71  0.000e+00
      37.05     40.326    1487.72  0.000e+00
      37.17     40.227    1487.72  0.000e+00
      37.22     40.227    1487.72  0.000e+00
      37.22     40.227    1487.72  0.000e+00
      37.19     40.268    1487.72  0.000e+00
      37.19     40.227    1487.72  0.000e+00
      37.24     40.227    1487.71  0.000e+00
      37.34     40.161    1487.71  0.000e+00
      37.36     40.268    1487.72  0.000e+00
      37.36     40.161    1487.71  0.000e+00
      37.34     40.227    1487.71  0.000e+00
      37.34     40.227    1487.69  0.000e+00
      37.36     40.202    1487.65  0.000e+00
      37.34     40.227    1487.60  0.000e+00
      37.34     40.161    1487.60  0.000e+00
      37.34     40.227    1487.60  0.000e+00
      37.34     40.202    1487.60  0.000e+00
      37.34     40.285    1487.61  0.000e+00
      37.29     40.227    1487.62  0.000e+00
      37.22     40.227    1487.63  0.000e+00
      37.19     40.285    1487.63  0.000e+00
      37.19     40.268    1487.63  0.000e+00
      37.19     40.227    1487.62  0.000e+00
      37.17     40.285    1487.58  0.000e+00
      37.22     40.285    1487.57  0.000e+00
      37.34     40.391    1487.57  0.000e+00
      37.36     40.285    1487.55  0.000e+00
      37.39     40.350    1487.53  0.000e+00
      37.36     40.408    1487.51  0.000e+00
      37.34     40.391    1487.46  0.000e+00
      37.36     40.408    1487.39  0.000e+00
      37.41     40.465    1487.30  0.000e+00
      37.44     40.465    1487.22  0.000e+00
      37.41     40.449    1487.14  0.000e+00
      37.44     40.531    1487.06  0.000e+00
      37.41     40.531    1487.00  0.000e+00
      37.34     40.589    1486.96  0.000e+00
      37.19     40.589    1486.92  0.000e+00
      37.12     40.572    1486.89  0.000e+00
      37.12     40.712    1486.89  0.000e+00
      37.14     40.655    1486.89  0.000e+00
      37.12     40.712    1486.88  0.000e+00
      37.12     40.753    1486.89  0.000e+00
      37.14     40.778    1486.88  0.000e+00
      37.14     40.778    1486.88  0.000e+00
      37.14     40.835    1486.88  0.000e+00
      37.14     40.819    1486.87  0.000e+00
      37.12     40.959    1486.87  0.000e+00
      37.12     40.893    1486.88  0.000e+00
      37.09     40.959    1486.90  0.000e+00
      37.09     41.016    1486.93  0.000e+00
      37.09     41.000    1486.95  0.000e+00
      37.09     41.082    1486.97  0.000e+00
      37.07     41.082    1486.99  0.000e+00
      37.19     41.082    1487.00  0.000e+00
      37.48     41.057    1487.01  0.000e+00
      37.61     41.263    1487.02  0.000e+00
      37.61     41.140    1487.02  0.000e+00
      37.58     41.263    1487.02  0.000e+00
      37.58     41.263    1487.02  0.000e+00
      37.48     41.247    1487.03  0.000e+00
      37.22     41.321    1487.03  0.000e+00
      37.12     41.321    1487.01  0.000e+00
      37.12     41.386    1487.01  0.000e+00
      37.14     41.386    1487.06  0.000e+00
      37.12     41.428    1487.15  0.000e+00
      37.09     41.386    1487.24  0.000e+00
      37.02     41.444    1487.27  0.000e+00
      37.00     41.510    1487.27  0.000e+00
      37.00     41.428    1487.26  0.000e+00
      37.00     41.510    1487.24  0.000e+00
      36.97     41.510    1487.22  0.000e+00
      36.92     41.510    1487.20  0.000e+00
      36.73     41.567    1487.19  0.000e+00
      36.65     41.608    1487.20  0.000e+00
      36.63     41.567    1487.22  0.000e+00
      36.65     41.567    1487.22  0.000e+00
      36.63     41.567    1487.22  0.000e+00
      36.53     41.567    1487.21  0.000e+00
      36.24     41.551    1487.21  0.000e+00
      36.14     41.567    1487.22  0.000e+00
      36.17     41.567    1487.25  0.000e+00
      36.14     41.567    1487.27  0.000e+00
      36.17     41.510    1487.28  0.000e+00
      36.12     41.551    1487.28  0.000e+00
      36.02     41.510    1487.29  0.000e+00
      35.97     41.510    1487.31  0.000e+00
      35.97     41.510    1487.33  0.000e+00
      35.97     41.485    1487.32  0.000e+00
      35.97     41.444    1487.29  0.000e+00
      35.95     41.444    1487.26  0.000e+00
      35.92     41.386    1487.27  0.000e+00
      35.92     41.444    1487.30  0.000e+00
      35.92     41.362    1487.29  0.000e+00
      35.92     41.386    1487.23  0.000e+00
      35.90     41.386    1487.17  0.000e+00
      35.95     41.321    1487.12  0.000e+00
      36.07     41.321    1487.08  0.000e+00
      36.12     41.247    1487.05  0.000e+00
      36.12     41.263    1487.04  0.000e+00
      36.12     41.197    1487.03  0.000e+00
      36.09     41.197    1487.02  0.000e+00
      36.12     41.181    1487.02  0.000e+00
      36.12     41.082    1487.02  0.000e+00
      36.12     41.140    1487.03  0.000e+00
      36.12     41.016    1487.01  0.000e+00
      36.12     41.016    1486.95  0.000e+00
      36.12     41.057    1486.91  0.000e+00
      36.19     40.959    1486.90  0.000e+00
      36.39     40.893    1486.93  0.000e+00
      36.46     40.893    1486.99  0.000e+00
      36.46     40.876    1487.07  0.000e+00
      36.43     40.835    1487.16  0.000e+00
      36.43     40.778    1487.23  0.000e+00
      36.43     40.778    1487.28  0.000e+00
      36.48     40.712    1487.33  0.000e+00
      36.48     40.696    1487.37  0.000e+00
      36.51     40.654    1487.38  0.000e+00
      36.51     40.654    1487.38  0.000e+00
      36.48     40.589    1487.38  0.000e+00
      36.56     40.572    1487.39  0.000e+00
      36.73     40.589    1487.38  0.000e+00
      36.78     40.465    1487.38  0.000e+00
      36.78     40.531    1487.38  0.000e+00
      36.75     40.449    1487.38  0.000e+00
      36.75     40.465    1487.39  0.000e+00
      36.80     40.408    1487.39  0.000e+00
      36.92     40.408    1487.39  0.000e+00
      36.97     40.268    1487.36  0.000e+00
      36.97     40.408    1487.35  0.000e+00
      36.97     40.350    1487.32  0.000e+00
      36.95     40.284    1487.26  0.000e+00
      37.00     40.284    1487.24  0.000e+00
      37.05     40.268    1487.26  0.000e+00
      37.05     40.284    1487.29  0.000e+00
      37.05     40.227    1487.31  0.000e+00
      37.05     40.227    1487.33  0.000e+00
      37.05     40.202    1487.34  0.000e+00
      37.07     40.161    1487.35  0.000e+00
      37.19     40.161    1487.36  0.000e+00
      37.26     40.161    1487.37  0.000e+00
      37.26     40.145    1487.37  0.000e+00
      37.24     40.161    1487.38  0.000e+00
      37.22     40.104    1487.38  0.000e+00
      37.24     40.161    1487.38  0.000e+00
      37.29     40.087    1487.38  0.000e+00
      37.29     40.161    1487.38  0.000e+00
      37.29     40.104    1487.37  0.000e+00
      37.29     40.104    1487.37  0.000e+00
      37.26     40.087    1487.37  0.000e+00
      37.31     40.161    1487.37  0.000e+00
      37.34     40.104    1487.36  0.000e+00
      37.34     40.104    1487.34  0.000e+00
      37.34     40.104    1487.33  0.000e+00
      37.34     40.145    1487.31  0.000e+00
      37.34     40.161    1487.28  0.000e+00
      37.36     40.104    1487.26  0.000e+00
      37.41     40.161    1487.26  0.000e+00
      37.44     40.202    1487.26  0.000e+00
      37.44     40.104    1487.26  0.000e+00
      37.44     40.161    1487.24  0.000e+00
      37.41     40.227    1487.22  0.000e+00
      37.46     40.202    1487.19  0.000e+00
      37.53     40.227    1487.17  0.000e+00
      37.53     40.227    1487.16  0.000e+00
      37.56     40.227    1487.14  0.000e+00
      37.53     40.268    1487.13  0.000e+00
      37.51     40.284    1487.13  0.000e+00
      37.51     40.284    1487.10  0.000e+00
