test_casts/EN695_001_test.cnv
* Sea-Bird SBE 9 Data File:
* FileName = D:\ctd\raw\EN695_001.hdr
* Software Version Seasave V 7.26.7.121
* Temperature SN = 4333
* Conductivity SN = 2459
* Number of Bytes Per Scan = 40
* Number of Voltage Words = 5
* Number of Scans Averaged by the Deck Unit = 1
* NMEA Latitude = 41 11.85 N
* NMEA Longitude = 070 53.03 W
* NMEA UTC (Time) = Jan 11 2023  19:52:12
* NMEA baud rate = 4800
** Ship: R/V Endeavor
** Cruise: EN695
** Principal Investigator: Heidi Sosik
** Chief Scientist: Heidi Sosik
** Project: NES-LTER Transect 12 Winter
** Cruise Start Date: 11 Jan 2023
** Ports: Senesco Shipyard to Senesco Shipyard, North Kingstown, Rhode Island
** Station:  L1
** Bottom Depth: 21 m
** Operator:  DF
# nquan = 4
# nvalues = 21217                                 
# units = specified
# name 0 = altM: Altimeter [m]
# name 1 = depSM: Depth [salt water, m]
# name 2 = svCM: Sound Velocity [Chen-Millero, m/s]
# name 3 = flag:  0.000e+00
# span 0 =       0.00,      19.73                 
# span 1 =      2.556,     22.333                 
# span 2 =    1472.36,    1473.90                 
# span 3 = 0.0000e+00, 0.0000e+00                 
# interval = seconds: 0.0416667
# start_time = Jan 11 2023 19:52:15 [System UTC, header]
# bad_flag = -9.990e-29
*END*
[from data line 2134]
       8.25     14.060    1473.30  0.000e+00
       8.23     14.101    1473.29  0.000e+00
       8.23     14.117    1473.30  0.000e+00
       8.23     14.117    1473.33  0.000e+00
       8.23     14.183    1473.36  0.000e+00
       8.23     14.117    1473.38  0.000e+00
       8.23     14.183    1473.39  0.000e+00
       8.16     14.241    1473.40  0.000e+00
       8.11     14.282    1473.41  0.000e+00
       8.11     14.241    1473.42  0.000e+00
       8.11     14.306    1473.43  0.000e+00
       8.11     14.306    1473.43  0.000e+00
       8.11     14.306    1473.44  0.000e+00
       7.96     14.364    1473.44  0.000e+00
       7.86     14.364    1473.45  0.000e+00
       7.86     14.281    1473.45  0.000e+00
       7.86     14.421    1473.46  0.000e+00
       7.86     14.364    1473.46  0.000e+00
       7.89     14.421    1473.47  0.000e+00
       7.89     14.421    1473.47  0.000e+00
       7.89     14.421    1473.47  0.000e+00
       7.81     14.462    1473.46  0.000e+00
       7.77     14.487    1473.45  0.000e+00
       7.77     14.487    1473.42  0.000e+00
       7.77     14.487    1473.40  0.000e+00
       7.74     14.487    1473.40  0.000e+00
       7.77     14.544    1473.41  0.000e+00
       7.69     14.610    1473.42  0.000e+00
       7.67     14.528    1473.42  0.000e+00
       7.67     14.610    1473.42  0.000e+00
       7.67     14.610    1473.40  0.000e+00
       7.64     14.610    1473.38  0.000e+00
       7.62     14.610    1473.36  0.000e+00
       7.50     14.668    1473.35  0.000e+00
       7.47     14.585    1473.34  0.000e+00
       7.47     14.667    1473.35  0.000e+00
       7.47     14.725    1473.36  0.000e+00
       7.47     14.667    1473.35  0.000e+00
       7.47     14.725    1473.35  0.000e+00
       7.50     14.725    1473.37  0.000e+00
       7.50     14.791    1473.40  0.000e+00
       7.50     14.708    1473.41  0.000e+00
       7.50     14.791    1473.42  0.000e+00
       7.50     14.791    1473.42  0.000e+00
       7.45     14.791    1473.42  0.000e+00
       7.37     14.791    1473.41  0.000e+00
       7.35     14.848    1473.37  0.000e+00
       7.35     14.889    1473.26  0.000e+00
       7.37     14.914    1473.15  0.000e+00
       7.35     14.914    1473.14  0.000e+00
       7.37     14.914    1473.19  0.000e+00
       7.33     14.914    1473.24  0.000e+00
       7.30     14.914    1473.30  0.000e+00
       7.33     14.955    1473.31  0.000e+00
       7.33     14.971    1473.26  0.000e+00
       7.30     14.971    1473.20  0.000e+00
       7.28     15.037    1473.18  0.000e+00
       7.23     15.037    1473.14  0.000e+00
       7.23     15.037    1473.12  0.000e+00
       7.20     15.037    1473.13  0.000e+00
       7.20     15.078    1473.13  0.000e+00
       7.23     15.094    1473.13  0.000e+00
       7.20     15.037    1473.13  0.000e+00
       7.20     15.094    1473.09  0.000e+00
       7.20     15.152    1473.09  0.000e+00
       7.11     15.152    1473.09  0.000e+00
       7.06     15.193    1473.07  0.000e+00
       7.06     15.152    1473.05  0.000e+00
       7.06     15.218    1473.03  0.000e+00
       7.06     15.218    1472.99  0.000e+00
       7.03     15.275    1472.99  0.000e+00
       6.94     15.218    1472.99  0.000e+00
       6.86     15.193    1472.99  0.000e+00
       6.86     15.275    1472.99  0.000e+00
       6.86     15.275    1473.00  0.000e+00
       6.86     15.275    1472.98  0.000e+00
       6.86     15.341    1472.96  0.000e+00
       6.86     15.275    1472.92  0.000e+00
       6.84     15.382    1472.88  0.000e+00
       6.79     15.341    1472.87  0.000e+00
       6.76     15.398    1472.91  0.000e+00
       6.79     15.341    1472.97  0.000e+00
       6.79     15.398    1473.02  0.000e+00
       6.76     15.398    1473.06  0.000e+00
       6.79     15.439    1473.06  0.000e+00
       6.79     15.456    1473.04  0.000e+00
       6.79     15.456    1473.04  0.000e+00
       6.79     15.456    1473.04  0.000e+00
       6.79     15.521    1473.04  0.000e+00
       6.79     15.521    1473.05  0.000e+00
       6.81     15.439    1473.05  0.000e+00
       6.81     15.579    1473.05  0.000e+00
       6.67     15.521    1473.05  0.000e+00
       6.57     15.521    1473.09  0.000e+00
       6.54     15.579    1473.13  0.000e+00
       6.54     15.562    1473.17  0.000e+00
       6.54     15.645    1473.18  0.000e+00
       6.54     15.579    1473.15  0.000e+00
       6.47     15.645    1473.15  0.000e+00
       6.45     15.645    1473.16  0.000e+00
       6.45     15.644    1473.16  0.000e+00
       6.45     15.620    1473.14  0.000e+00
       6.45     15.702    1473.12  0.000e+00
       6.45     15.702    1473.09  0.000e+00
       6.45     15.759    1473.06  0.000e+00
       6.45     15.702    1473.05  0.000e+00
       6.40     15.759    1473.05  0.000e+00
       6.35     15.801    1473.04  0.000e+00
       6.32     15.825    1473.03  0.000e+00
       6.32     15.759    1473.02  0.000e+00
       6.32     15.825    1473.02  0.000e+00
       6.32     15.759    1473.02  0.000e+00
       5.96     15.883    1473.01  0.000e+00
       5.67     15.800    1472.98  0.000e+00
       5.64     15.948    1472.96  0.000e+00
       5.67     15.825    1472.94  0.000e+00
       5.64     15.948    1472.89  0.000e+00
       5.67     15.948    1472.86  0.000e+00
       5.67     15.924    1472.87  0.000e+00
       5.67     15.948    1472.89  0.000e+00
       5.93     16.006    1472.85  0.000e+00
       6.15     15.948    1472.78  0.000e+00
       6.20     16.006    1472.73  0.000e+00
       6.20     16.072    1472.76  0.000e+00
       6.20     16.047    1472.78  0.000e+00
       6.13     16.071    1472.78  0.000e+00
       5.67     16.129    1472.78  0.000e+00
       5.42     16.129    1472.77  0.000e+00
       5.37     16.129    1472.72  0.000e+00
       5.42     16.113    1472.69  0.000e+00
       5.40     16.186    1472.68  0.000e+00
       5.45     16.186    1472.67  0.000e+00
       5.67     16.186    1472.67  0.000e+00
       5.79     16.186    1472.67  0.000e+00
       5.81     16.252    1472.67  0.000e+00
       5.81     16.293    1472.67  0.000e+00
       5.81     16.252    1472.70  0.000e+00
       5.74     16.310    1472.80  0.000e+00
       5.67     16.310    1472.92  0.000e+00
       5.67     16.375    1472.96  0.000e+00
       5.69     16.351    1472.93  0.000e+00
       5.67     16.375    1472.88  0.000e+00
       5.67     16.433    1472.82  0.000e+00
       5.62     16.433    1472.76  0.000e+00
       5.57     16.490    1472.72  0.000e+00
       5.54     16.474    1472.69  0.000e+00
       5.54     16.490    1472.67  0.000e+00
       5.54     16.556    1472.66  0.000e+00
       5.54     16.556    1472.66  0.000e+00
       5.49     16.556    1472.66  0.000e+00
       5.47     16.597    1472.65  0.000e+00
       5.47     16.614    1472.65  0.000e+00
       5.47     16.613    1472.64  0.000e+00
       5.47     16.679    1472.63  0.000e+00
       5.47     16.679    1472.64  0.000e+00
       5.37     16.737    1472.64  0.000e+00
       5.27     16.720    1472.64  0.000e+00
       5.25     16.802    1472.64  0.000e+00
       5.27     16.737    1472.65  0.000e+00
       5.27     16.802    1472.65  0.000e+00
       5.27     16.860    1472.65  0.000e+00
       5.27     16.835    1472.64  0.000e+00
       5.25     16.917    1472.63  0.000e+00
       5.15     16.917    1472.64  0.000e+00
       5.13     16.917    1472.65  0.000e+00
       5.13     17.041    1472.67  0.000e+00
       5.13     16.958    1472.66  0.000e+00
       5.13     17.041    1472.65  0.000e+00
       5.05     17.041    1472.64  0.000e+00
       4.98     17.041    1472.64  0.000e+00
       4.96     17.106    1472.64  0.000e+00
       4.98     17.139    1472.64  0.000e+00
       4.98     17.106    1472.63  0.000e+00
       4.98     17.221    1472.63  0.000e+00
       4.98     17.164    1472.63  0.000e+00
       4.98     17.287    1472.62  0.000e+00
       4.93     17.205    1472.61  0.000e+00
       4.84     17.287    1472.61  0.000e+00
       4.81     17.287    1472.61  0.000e+00
       4.81     17.410    1472.61  0.000e+00
       4.81     17.328    1472.61  0.000e+00
       4.81     17.410    1472.61  0.000e+00
       4.71     17.468    1472.61  0.000e+00
       4.62     17.410    1472.62  0.000e+00
       4.62     17.534    1472.62  0.000e+00
       4.62     17.509    1472.62  0.000e+00
       4.62     17.533    1472.62  0.000e+00
       4.59     17.649    1472.63  0.000e+00
       4.52     17.533    1472.63  0.000e+00
       4.47     17.648    1472.63  0.000e+00
       4.47     17.632    1472.63  0.000e+00
       4.49     17.648    1472.62  0.000e+00
       4.47     17.714    1472.62  0.000e+00
       4.42     17.772    1472.62  0.000e+00
       4.35     17.714    1472.61  0.000e+00
       4.32     17.813    1472.62  0.000e+00
       4.32     17.772    1472.62  0.000e+00
       4.32     17.837    1472.62  0.000e+00
       4.32     17.895    1472.62  0.000e+00
       4.32     17.870    1472.62  0.000e+00
       4.32     17.952    1472.62  0.000e+00
       4.32     17.952    1472.61  0.000e+00
       4.27     17.952    1472.61  0.000e+00
       4.18     18.018    1472.61  0.000e+00
       4.15     18.059    1472.61  0.000e+00
       4.15     18.076    1472.61  0.000e+00
       4.15     18.076    1472.61  0.000e+00
       4.18     18.076    1472.60  0.000e+00
       4.03     18.117    1472.60  0.000e+00
       3.93     18.199    1472.60  0.000e+00
       3.93     18.141    1472.60  0.000e+00
       3.93     18.199    1472.61  0.000e+00
       3.93     18.265    1472.60  0.000e+00
       3.93     18.240    1472.60  0.000e+00
       3.93     18.265    1472.60  0.000e+00
       3.88     18.322    1472.60  0.000e+00
       3.79     18.322    1472.61  0.000e+00
       3.79     18.297    1472.62  0.000e+00
       3.79     18.380    1472.63  0.000e+00
       3.79     18.380    1472.64  0.000e+00
       3.79     18.445    1472.65  0.000e+00
       3.71     18.421    1472.65  0.000e+00
       3.64     18.503    1472.64  0.000e+00
       3.64     18.445    1472.63  0.000e+00
       3.64     18.569    1472.63  0.000e+00
       3.64     18.503    1472.63  0.000e+00
       3.59     18.544    1472.64  0.000e+00
       3.52     18.568    1472.63  0.000e+00
       3.49     18.568    1472.62  0.000e+00
       3.47     18.568    1472.62  0.000e+00
       3.47     18.601    1472.61  0.000e+00
       3.47     18.626    1472.61  0.000e+00
       3.44     18.684    1472.61  0.000e+00
       3.39     18.683    1472.61  0.000e+00
       3.37     18.667    1472.61  0.000e+00
       3.37     18.749    1472.61  0.000e+00
       3.39     18.749    1472.60  0.000e+00
       3.37     18.683    1472.60  0.000e+00
       3.35     18.807    1472.60  0.000e+00
       3.30     18.790    1472.60  0.000e+00
       3.27     18.872    1472.61  0.000e+00
       3.27     18.807    1472.61  0.000e+00
       3.27     18.872    1472.61  0.000e+00
       3.27     18.848    1472.61  0.000e+00
       3.27     18.930    1472.59  0.000e+00
       3.30     18.872    1472.57  0.000e+00
       3.27     18.930    1472.56  0.000e+00
       3.20     18.905    1472.55  0.000e+00
       3.15     18.995    1472.55  0.000e+00
       3.13     18.995    1472.56  0.000e+00
       3.13     18.995    1472.57  0.000e+00
       3.13     18.971    1472.57  0.000e+00
       3.13     19.053    1472.58  0.000e+00
       3.05     19.053    1472.58  0.000e+00
       3.00     19.053    1472.57  0.000e+00
       3.00     19.094    1472.55  0.000e+00
       3.00     19.053    1472.55  0.000e+00
       3.00     19.110    1472.53  0.000e+00
       3.00     19.176    1472.51  0.000e+00
       3.00     19.151    1472.50  0.000e+00
       3.00     19.176    1472.49  0.000e+00
       2.95     19.234    1472.50  0.000e+00
       2.91     19.176    1472.50  0.000e+00
       2.91     19.299    1472.50  0.000e+00
       2.91     19.151    1472.50  0.000e+00
       2.93     19.299    1472.51  0.000e+00
       2.93     19.233    1472.51  0.000e+00
       2.88     19.299    1472.51  0.000e+00
       2.81     19.275    1472.51  0.000e+00
       2.76     19.357    1472.52  0.000e+00
       2.76     19.299    1472.52  0.000e+00
       2.76     19.414    1472.52  0.000e+00
       2.74     19.332    1472.52  0.000e+00
       2.71     19.357    1472.51  0.000e+00
       2.69     19.414    1472.51  0.000e+00
       2.66     19.414    1472.50  0.000e+00
       2.69     19.455    1472.50  0.000e+00
       2.66     19.480    1472.50  0.000e+00
       2.66     19.414    1472.50  0.000e+00
       2.61     19.537    1472.51  0.000e+00
       2.56     19.513    1472.51  0.000e+00
       2.56     19.537    1472.51  0.000e+00
       2.56     19.537    1472.51  0.000e+00
       2.59     19.603    1472.52  0.000e+00
       2.59     19.513    1472.54  0.000e+00
       2.52     19.603    1472.56  0.000e+00
       2.52     19.603    1472.56  0.000e+00
       2.52     19.603    1472.56  0.000e+00
       2.49     19.636    1472.56  0.000e+00
       2.49     19.660    1472.56  0.000e+00
       2.52     19.660    1472.56  0.000e+00
       2.44     19.660    1472.55  0.000e+00
       2.42     19.702    1472.55  0.000e+00
       2.42     19.718    1472.55  0.000e+00
       2.42     19.718    1472.55  0.000e+00
       2.42     19.718    1472.55  0.000e+00
       2.42     19.759    1472.56  0.000e+00
       2.34     19.784    1472.55  0.000e+00
       2.30     19.841    1472.54  0.000e+00
       2.27     19.825    1472.53  0.000e+00
       2.27     19.784    1472.53  0.000e+00
       2.27     19.907    1472.52  0.000e+00
       2.30     19.841    1472.52  0.000e+00
       2.22     19.882    1472.53  0.000e+00
       2.17     19.907    1472.54  0.000e+00
       2.17     19.907    1472.54  0.000e+00
       2.17     19.907    1472.55  0.000e+00
       2.17     19.940    1472.55  0.000e+00
       2.17     19.964    1472.55  0.000e+00
       2.15     19.964    1472.55  0.000e+00
       2.10     19.964    1472.56  0.000e+00
       2.10     19.940    1472.56  0.000e+00
       2.10     20.030    1472.57  0.000e+00
       2.10     20.088    1472.57  0.000e+00
       2.10     20.030    1472.56  0.000e+00
       2.03     20.063    1472.56  0.000e+00
       1.98     20.087    1472.56  0.000e+00
       1.98     20.087    1472.56  0.000e+00
       1.98     20.145    1472.57  0.000e+00
       1.98     20.128    1472.57  0.000e+00
       1.98     20.145    1472.57  0.000e+00
       1.90     20.145    1472.57  0.000e+00
       1.88     20.145    1472.57  0.000e+00
       1.88     20.243    1472.55  0.000e+00
       1.90     20.211    1472.54  0.000e+00
       1.88     20.211    1472.54  0.000e+00
       1.88     20.243    1472.54  0.000e+00
       1.81     20.268    1472.54  0.000e+00
       1.76     20.268    1472.53  0.000e+00
       1.76     20.268    1472.53  0.000e+00
       1.78     20.309    1472.53  0.000e+00
       1.78     20.334    1472.53  0.000e+00
       1.76     20.334    1472.53  0.000e+00
       1.71     20.334    1472.53  0.000e+00
       1.68     20.367    1472.53  0.000e+00
       1.71     20.391    1472.53  0.000e+00
       1.71     20.449    1472.53  0.000e+00
       1.71     20.449    1472.53  0.000e+00
       1.68     20.432    1472.52  0.000e+00
       1.64     20.449    1472.51  0.000e+00
       1.61     20.514    1472.50  0.000e+00
       1.61     20.432    1472.50  0.000e+00
       1.61     20.514    1472.51  0.000e+00
       1.59     20.514    1472.51  0.000e+00
       1.61     20.572    1472.52  0.000e+00
       1.54     20.547    1472.52  0.000e+00
       1.51     20.572    1472.53  0.000e+00
       1.49     20.514    1472.54  0.000e+00
       1.49     20.637    1472.55  0.000e+00
       1.51     20.613    1472.55  0.000e+00
       1.51     20.637    1472.55  0.000e+00
       1.44     20.695    1472.55  0.000e+00
       1.42     20.613    1472.55  0.000e+00
       1.39     20.695    1472.56  0.000e+00
