test_casts/EN695_010_test.cnv
* Sea-Bird SBE 9 Data File:
* FileName = D:\ctd\raw\EN695_010.hdr
* Software Version Seasave V 7.26.7.121
* Temperature SN = 4333
* Conductivity SN = 2459
* Number of Bytes Per Scan = 40
* Number of Voltage Words = 5
* Number of Scans Averaged by the Deck Unit = 1
* NMEA Latitude = 40 51.76 N
* NMEA Longitude = 070 52.98 W
* NMEA UTC (Time) = Jan 13 2023  07:06:07
* NMEA baud rate = 4800
** Ship: R/V Endeavor
** Cruise: EN695
** Principal Investigator: Heidi Sosik
** Chief Scientist: Heidi Sosik
** Project: NES-LTER Transect 12 Winter
** Cruise Start Date: 11 Jan 2023
** Ports: Senesco Shipyard to Senesco Shipyard, North Kingstown, Rhode Island
** Station:  L3
** Bottom Depth: 55m
** Operator:  tc
# nquan = 4
# nvalues = 15186                                 
# units = specified
# name 0 = altM: Altimeter [m]
# name 1 = depSM: Depth [salt water, m]
# name 2 = svCM: Sound Velocity [Chen-Millero, m/s]
# name 3 = flag:  0.000e+00
# span 0 =       3.49,      52.58                 
# span 1 =      4.188,     51.423                 
# span 2 =    1485.60,    1486.33                 
# span 3 = 0.0000e+00, 0.0000e+00                 
# interval = seconds: 0.0416667
# start_time = Jan 13 2023 07:06:10 [System UTC, header]
# bad_flag = -9.990e-29
*END*
[from data line 7467]
      20.05     35.301    1486.09  0.000e+00
      20.05     35.301    1486.09  0.000e+00
      20.02     35.277    1486.09  0.000e+00
      20.00     35.301    1486.09  0.000e+00
      19.98     35.301    1486.09  0.000e+00
      19.98     35.334    1486.09  0.000e+00
      19.98     35.301    1486.09  0.000e+00
      19.95     35.359    1486.09  0.000e+00
      19.95     35.334    1486.09  0.000e+00
      19.93     35.359    1486.09  0.000e+00
      19.90     35.359    1486.09  0.000e+00
      19.90     35.334    1486.09  0.000e+00
      19.90     35.416    1486.09  0.000e+00
      19.90     35.359    1486.09  0.000e+00
      19.90     35.400    1486.09  0.000e+00
      19.93     35.416    1486.09  0.000e+00
      19.93     35.359    1486.09  0.000e+00
      19.90     35.458    1486.09  0.000e+00
      19.93     35.416    1486.09  0.000e+00
      19.93     35.416    1486.09  0.000e+00
      19.93     35.458    1486.09  0.000e+00
      19.80     35.416    1486.09  0.000e+00
      19.76     35.482    1486.09  0.000e+00
      19.76     35.457    1486.09  0.000e+00
      19.76     35.416    1486.09  0.000e+00
      19.73     35.482    1486.09  0.000e+00
      19.76     35.515    1486.09  0.000e+00
      19.73     35.482    1486.09  0.000e+00
      19.73     35.482    1486.09  0.000e+00
      19.73     35.457    1486.09  0.000e+00
      19.76     35.482    1486.09  0.000e+00
      19.73     35.540    1486.09  0.000e+00
      19.73     35.457    1486.09  0.000e+00
      19.76     35.482    1486.09  0.000e+00
      19.78     35.540    1486.09  0.000e+00
      19.78     35.457    1486.09  0.000e+00
      19.78     35.482    1486.09  0.000e+00
      19.78     35.540    1486.09  0.000e+00
      19.78     35.482    1486.09  0.000e+00
      19.73     35.515    1486.09  0.000e+00
      19.71     35.482    1486.09  0.000e+00
      19.68     35.482    1486.09  0.000e+00
      19.68     35.515    1486.09  0.000e+00
      19.68     35.482    1486.09  0.000e+00
      19.68     35.416    1486.09  0.000e+00
      19.68     35.515    1486.09  0.000e+00
      19.68     35.416    1486.09  0.000e+00
      19.68     35.482    1486.09  0.000e+00
      19.68     35.457    1486.09  0.000e+00
      19.66     35.416    1486.09  0.000e+00
      19.68     35.482    1486.09  0.000e+00
      19.71     35.400    1486.09  0.000e+00
      19.76     35.416    1486.09  0.000e+00
      19.76     35.359    1486.09  0.000e+00
      19.76     35.457    1486.09  0.000e+00
      19.73     35.359    1486.09  0.000e+00
      19.73     35.359    1486.09  0.000e+00
      19.76     35.334    1486.09  0.000e+00
      19.78     35.359    1486.09  0.000e+00
      19.78     35.359    1486.09  0.000e+00
      19.78     35.334    1486.09  0.000e+00
      19.78     35.301    1486.09  0.000e+00
      19.78     35.301    1486.09  0.000e+00
      19.85     35.276    1486.08  0.000e+00
      19.88     35.301    1486.09  0.000e+00
      19.90     35.235    1486.09  0.000e+00
      19.90     35.211    1486.08  0.000e+00
      19.88     35.235    1486.08  0.000e+00
      19.88     35.235    1486.08  0.000e+00
      19.95     35.211    1486.08  0.000e+00
      20.00     35.178    1486.08  0.000e+00
      20.02     35.178    1486.08  0.000e+00
      20.00     35.153    1486.08  0.000e+00
      20.00     35.112    1486.08  0.000e+00
      20.00     35.030    1486.08  0.000e+00
      20.05     35.178    1486.08  0.000e+00
      20.05     35.112    1486.08  0.000e+00
      20.05     35.087    1486.08  0.000e+00
      20.05     35.054    1486.08  0.000e+00
      20.05     35.054    1486.08  0.000e+00
      20.05     35.030    1486.08  0.000e+00
      20.15     35.054    1486.08  0.000e+00
      20.20     34.988    1486.08  0.000e+00
      20.20     34.972    1486.08  0.000e+00
      20.17     35.054    1486.08  0.000e+00
      20.17     34.931    1486.08  0.000e+00
      20.17     34.972    1486.08  0.000e+00
      20.22     34.988    1486.08  0.000e+00
      20.27     34.931    1486.08  0.000e+00
      20.24     34.906    1486.08  0.000e+00
      20.24     34.931    1486.08  0.000e+00
      20.24     34.873    1486.08  0.000e+00
      20.27     34.906    1486.08  0.000e+00
      20.32     34.931    1486.08  0.000e+00
      20.32     34.873    1486.08  0.000e+00
      20.34     34.906    1486.08  0.000e+00
      20.32     34.807    1486.08  0.000e+00
      20.34     34.873    1486.08  0.000e+00
      20.32     34.849    1486.08  0.000e+00
      20.37     34.807    1486.08  0.000e+00
      20.39     34.807    1486.08  0.000e+00
      20.39     34.849    1486.08  0.000e+00
      20.42     34.807    1486.08  0.000e+00
      20.39     34.750    1486.08  0.000e+00
      20.39     34.849    1486.08  0.000e+00
      20.44     34.750    1486.08  0.000e+00
      20.49     34.807    1486.08  0.000e+00
      20.49     34.725    1486.07  0.000e+00
      20.46     34.807    1486.08  0.000e+00
      20.46     34.750    1486.07  0.000e+00
      20.46     34.783    1486.07  0.000e+00
      20.54     34.684    1486.07  0.000e+00
      20.61     34.725    1486.07  0.000e+00
      20.59     34.750    1486.07  0.000e+00
      20.61     34.750    1486.07  0.000e+00
      20.61     34.725    1486.07  0.000e+00
      20.61     34.684    1486.07  0.000e+00
      20.61     34.750    1486.07  0.000e+00
      20.63     34.659    1486.07  0.000e+00
      20.63     34.750    1486.07  0.000e+00
      20.66     34.684    1486.07  0.000e+00
      20.63     34.659    1486.07  0.000e+00
      20.63     34.750    1486.07  0.000e+00
      20.61     34.684    1486.07  0.000e+00
      20.59     34.659    1486.07  0.000e+00
      20.59     34.750    1486.07  0.000e+00
      20.59     34.626    1486.07  0.000e+00
      20.59     34.725    1486.07  0.000e+00
      20.59     34.684    1486.07  0.000e+00
      20.66     34.684    1486.07  0.000e+00
      20.68     34.659    1486.07  0.000e+00
      20.68     34.750    1486.07  0.000e+00
      20.68     34.626    1486.07  0.000e+00
      20.66     34.725    1486.07  0.000e+00
      20.68     34.684    1486.07  0.000e+00
      20.66     34.684    1486.07  0.000e+00
      20.68     34.725    1486.07  0.000e+00
      20.68     34.684    1486.07  0.000e+00
      20.68     34.659    1486.07  0.000e+00
      20.66     34.684    1486.07  0.000e+00
      20.68     34.684    1486.07  0.000e+00
      20.63     34.725    1486.07  0.000e+00
      20.63     34.750    1486.07  0.000e+00
      20.63     34.684    1486.07  0.000e+00
      20.61     34.725    1486.07  0.000e+00
      20.63     34.750    1486.07  0.000e+00
      20.61     34.684    1486.07  0.000e+00
      20.56     34.725    1486.07  0.000e+00
      20.54     34.750    1486.07  0.000e+00
      20.56     34.750    1486.07  0.000e+00
      20.54     34.725    1486.07  0.000e+00
      20.54     34.807    1486.07  0.000e+00
      20.54     34.750    1486.07  0.000e+00
      20.51     34.782    1486.07  0.000e+00
      20.54     34.750    1486.08  0.000e+00
      20.51     34.807    1486.08  0.000e+00
      20.54     34.782    1486.08  0.000e+00
      20.51     34.807    1486.08  0.000e+00
      20.51     34.807    1486.08  0.000e+00
      20.51     34.782    1486.08  0.000e+00
      20.51     34.807    1486.08  0.000e+00
      20.51     34.873    1486.08  0.000e+00
      20.51     34.848    1486.08  0.000e+00
      20.51     34.873    1486.08  0.000e+00
      20.49     34.873    1486.08  0.000e+00
      20.49     34.848    1486.08  0.000e+00
      20.51     34.930    1486.08  0.000e+00
      20.49     34.848    1486.08  0.000e+00
      20.49     34.930    1486.08  0.000e+00
      20.49     34.930    1486.08  0.000e+00
      20.49     34.971    1486.08  0.000e+00
      20.44     34.930    1486.08  0.000e+00
      20.42     34.988    1486.08  0.000e+00
      20.39     34.971    1486.08  0.000e+00
      20.42     34.930    1486.08  0.000e+00
      20.39     35.054    1486.08  0.000e+00
      20.39     34.971    1486.08  0.000e+00
      20.39     35.054    1486.08  0.000e+00
      20.39     35.054    1486.08  0.000e+00
      20.39     35.029    1486.08  0.000e+00
      20.39     35.054    1486.08  0.000e+00
      20.39     35.111    1486.08  0.000e+00
      20.37     35.029    1486.08  0.000e+00
      20.29     35.177    1486.08  0.000e+00
      20.24     35.054    1486.08  0.000e+00
      20.24     35.210    1486.08  0.000e+00
      20.24     35.111    1486.08  0.000e+00
      20.24     35.177    1486.08  0.000e+00
      20.24     35.152    1486.08  0.000e+00
      20.22     35.177    1486.08  0.000e+00
      20.20     35.234    1486.09  0.000e+00
      20.20     35.152    1486.09  0.000e+00
      20.22     35.300    1486.09  0.000e+00
      20.20     35.177    1486.09  0.000e+00
      20.20     35.275    1486.09  0.000e+00
      20.12     35.234    1486.09  0.000e+00
      20.10     35.300    1486.09  0.000e+00
      20.10     35.275    1486.09  0.000e+00
      20.10     35.300    1486.09  0.000e+00
      20.07     35.300    1486.09  0.000e+00
      20.07     35.333    1486.09  0.000e+00
      20.05     35.358    1486.09  0.000e+00
      20.02     35.358    1486.09  0.000e+00
      20.02     35.333    1486.09  0.000e+00
      20.02     35.358    1486.09  0.000e+00
      20.00     35.415    1486.09  0.000e+00
      20.00     35.275    1486.09  0.000e+00
      19.95     35.415    1486.09  0.000e+00
      19.93     35.415    1486.09  0.000e+00
      19.93     35.399    1486.08  0.000e+00
      19.93     35.415    1486.08  0.000e+00
      19.93     35.415    1486.08  0.000e+00
      19.90     35.456    1486.08  0.000e+00
      19.88     35.357    1486.08  0.000e+00
      19.88     35.415    1486.08  0.000e+00
      19.88     35.456    1486.08  0.000e+00
      19.90     35.415    1486.08  0.000e+00
      19.90     35.415    1486.08  0.000e+00
      19.88     35.456    1486.08  0.000e+00
      19.83     35.415    1486.08  0.000e+00
      19.80     35.481    1486.08  0.000e+00
      19.78     35.398    1486.08  0.000e+00
      19.80     35.415    1486.08  0.000e+00
      19.80     35.415    1486.08  0.000e+00
      19.78     35.456    1486.08  0.000e+00
      19.78     35.415    1486.08  0.000e+00
      19.76     35.357    1486.08  0.000e+00
      19.76     35.456    1486.08  0.000e+00
      19.76     35.357    1486.08  0.000e+00
      19.76     35.415    1486.08  0.000e+00
      19.73     35.398    1486.08  0.000e+00
      19.83     35.357    1486.08  0.000e+00
      19.88     35.357    1486.08  0.000e+00
      19.88     35.333    1486.08  0.000e+00
      19.88     35.357    1486.08  0.000e+00
      19.88     35.357    1486.08  0.000e+00
      19.85     35.333    1486.08  0.000e+00
      19.83     35.300    1486.08  0.000e+00
      19.83     35.357    1486.08  0.000e+00
      19.80     35.275    1486.08  0.000e+00
      19.80     35.234    1486.08  0.000e+00
      19.80     35.357    1486.08  0.000e+00
      19.80     35.209    1486.08  0.000e+00
      19.85     35.234    1486.08  0.000e+00
      19.88     35.300    1486.08  0.000e+00
      19.88     35.209    1486.08  0.000e+00
      19.88     35.176    1486.08  0.000e+00
      19.88     35.234    1486.08  0.000e+00
      19.88     35.152    1486.08  0.000e+00
      19.95     35.234    1486.08  0.000e+00
      20.02     35.176    1486.08  0.000e+00
      20.02     35.152    1486.07  0.000e+00
      20.02     35.110    1486.07  0.000e+00
      20.02     35.176    1486.08  0.000e+00
      20.00     35.152    1486.08  0.000e+00
      20.02     35.110    1486.08  0.000e+00
      20.05     35.053    1486.07  0.000e+00
      20.05     35.152    1486.08  0.000e+00
      20.05     35.053    1486.08  0.000e+00
      20.05     35.110    1486.08  0.000e+00
      20.05     35.028    1486.07  0.000e+00
      20.17     35.053    1486.08  0.000e+00
      20.24     35.053    1486.07  0.000e+00
      20.24     35.028    1486.07  0.000e+00
      20.24     34.987    1486.07  0.000e+00
      20.24     35.110    1486.08  0.000e+00
      20.24     34.971    1486.07  0.000e+00
      20.24     34.987    1486.07  0.000e+00
      20.24     34.987    1486.07  0.000e+00
      20.27     34.971    1486.07  0.000e+00
      20.24     34.987    1486.07  0.000e+00
      20.24     34.987    1486.07  0.000e+00
      20.24     34.971    1486.07  0.000e+00
      20.27     34.987    1486.07  0.000e+00
      20.29     34.987    1486.07  0.000e+00
      20.27     34.905    1486.07  0.000e+00
      20.29     34.987    1486.08  0.000e+00
      20.27     34.929    1486.07  0.000e+00
      20.27     34.905    1486.07  0.000e+00
      20.29     34.929    1486.07  0.000e+00
      20.29     34.970    1486.08  0.000e+00
      20.32     34.929    1486.07  0.000e+00
      20.32     34.929    1486.07  0.000e+00
      20.29     34.905    1486.07  0.000e+00
      20.29     34.929    1486.07  0.000e+00
      20.37     34.872    1486.07  0.000e+00
      20.42     34.905    1486.07  0.000e+00
      20.44     34.929    1486.07  0.000e+00
      20.44     34.872    1486.07  0.000e+00
      20.44     34.905    1486.07  0.000e+00
      20.42     34.872    1486.07  0.000e+00
      20.46     34.872    1486.07  0.000e+00
      20.49     34.905    1486.07  0.000e+00
      20.49     34.872    1486.07  0.000e+00
      20.49     34.872    1486.07  0.000e+00
      20.49     34.905    1486.07  0.000e+00
      20.46     34.872    1486.07  0.000e+00
      20.49     34.872    1486.07  0.000e+00
      20.51     34.904    1486.07  0.000e+00
      20.51     34.806    1486.07  0.000e+00
      20.49     34.929    1486.07  0.000e+00
      20.49     34.847    1486.07  0.000e+00
      20.49     34.872    1486.07  0.000e+00
      20.49     34.872    1486.07  0.000e+00
      20.49     34.847    1486.07  0.000e+00
      20.46     34.872    1486.07  0.000e+00
      20.49     34.872    1486.07  0.000e+00
      20.49     34.904    1486.07  0.000e+00
      20.46     34.872    1486.07  0.000e+00
      20.46     34.872    1486.07  0.000e+00
      20.46     34.847    1486.07  0.000e+00
      20.46     34.871    1486.07  0.000e+00
      20.46     34.871    1486.07  0.000e+00
      20.46     34.904    1486.07  0.000e+00
      20.46     34.871    1486.07  0.000e+00
      20.46     34.781    1486.07  0.000e+00
      20.51     34.986    1486.08  0.000e+00
      20.51     34.871    1486.07  0.000e+00
      20.49     34.904    1486.07  0.000e+00
      20.51     34.871    1486.07  0.000e+00
      20.49     34.871    1486.07  0.000e+00
      20.46     34.904    1486.07  0.000e+00
      20.44     34.929    1486.07  0.000e+00
      20.44     34.871    1486.07  0.000e+00
      20.44     34.904    1486.07  0.000e+00
      20.42     34.929    1486.07  0.000e+00
      20.42     34.871    1486.07  0.000e+00
      20.39     34.970    1486.07  0.000e+00
      20.39     34.929    1486.07  0.000e+00
      20.37     34.929    1486.07  0.000e+00
      20.39     34.970    1486.08  0.000e+00
      20.39     34.929    1486.07  0.000e+00
      20.39     34.929    1486.07  0.000e+00
      20.39     34.970    1486.07  0.000e+00
      20.42     34.986    1486.07  0.000e+00
      20.42     34.929    1486.07  0.000e+00
      20.42     35.027    1486.07  0.000e+00
      20.42     34.986    1486.07  0.000e+00
      20.39     34.986    1486.07  0.000e+00
      20.39     35.027    1486.07  0.000e+00
      20.37     34.986    1486.07  0.000e+00
      20.37     35.052    1486.07  0.000e+00
      20.37     35.027    1486.07  0.000e+00
      20.37     35.110    1486.07  0.000e+00
      20.37     34.986    1486.07  0.000e+00
      20.27     35.085    1486.07  0.000e+00
      20.22     35.110    1486.07  0.000e+00
      20.22     35.052    1486.07  0.000e+00
      20.22     35.151    1486.07  0.000e+00
      20.22     35.109    1486.07  0.000e+00
      20.22     35.109    1486.07  0.000e+00
      20.37     35.151    1486.08  0.000e+00
      20.42     35.175    1486.08  0.000e+00
      20.44     35.175    1486.08  0.000e+00
      20.42     35.208    1486.08  0.000e+00
