test_casts/EN695_008_test.cnv
* Sea-Bird SBE 9 Data File:
* FileName = D:\ctd\raw\EN695_008.hdr
* Software Version Seasave V 7.26.7.121
* Temperature SN = 4333
* Conductivity SN = 2459
* Number of Bytes Per Scan = 40
* Number of Voltage Words = 5
* Number of Scans Averaged by the Deck Unit = 1
* NMEA Latitude = 40 30.85 N
* NMEA Longitude = 070 53.19 W
* NMEA UTC (Time) = Jan 13 2023  01:56:19
* NMEA baud rate = 4800
** Ship: R/V Endeavor
** Cruise: EN695
** Principal Investigator: Heidi Sosik
** Chief Scientist: Heidi Sosik
** Project: NES-LTER Transect 12 Winter
** Cruise Start Date: 11 Jan 2023
** Ports: Senesco Shipyard to Senesco Shipyard, North Kingstown, Rhode Island
** Station:  L5
** Bottom Depth: 76m
** Operator:  tc
# nquan = 4
# nvalues = 20189                                 
# units = specified
# name 0 = altM: Altimeter [m]
# name 1 = depSM: Depth [salt water, m]
# name 2 = svCM: Sound Velocity [Chen-Millero, m/s]
# name 3 = flag:  0.000e+00
# span 0 =       0.00,     100.00                 
# span 1 =      3.588,     71.113                 
# span 2 =    1485.59,    1498.40                 
# span 3 = 0.0000e+00, 0.0000e+00                 
# interval = seconds: 0.0416667
# start_time = Jan 13 2023 01:56:22 [System UTC, header]
# bad_flag = -9.990e-29
*END*
[from data line 17067]
      57.95     19.985    1485.87  0.000e+00
      57.92     19.952    1485.87  0.000e+00
      57.95     19.952    1485.87  0.000e+00
      58.07     19.985    1485.87  0.000e+00
      58.12     19.895    1485.87  0.000e+00
      58.12     19.985    1485.87  0.000e+00
      58.12     19.952    1485.87  0.000e+00
      58.10     20.018    1485.87  0.000e+00
      58.07     19.870    1485.86  0.000e+00
      58.02     20.018    1485.87  0.000e+00
      58.00     19.952    1485.87  0.000e+00
      58.00     19.985    1485.87  0.000e+00
      58.02     19.952    1485.87  0.000e+00
      57.97     19.952    1485.87  0.000e+00
      58.02     19.985    1485.88  0.000e+00
      58.10     19.952    1485.87  0.000e+00
      58.14     19.985    1485.88  0.000e+00
      58.14     19.952    1485.88  0.000e+00
      58.12     20.018    1485.88  0.000e+00
      58.12     19.985    1485.88  0.000e+00
      58.07     19.952    1485.87  0.000e+00
      58.02     20.018    1485.87  0.000e+00
      58.00     19.928    1485.87  0.000e+00
      58.02     20.018    1485.88  0.000e+00
      58.02     20.018    1485.88  0.000e+00
      58.00     19.985    1485.88  0.000e+00
      58.02     20.018    1485.88  0.000e+00
      58.10     19.985    1485.88  0.000e+00
      58.12     20.018    1485.88  0.000e+00
      58.12     20.018    1485.88  0.000e+00
      58.14     19.985    1485.87  0.000e+00
      58.10     20.076    1485.87  0.000e+00
      58.14     20.018    1485.87  0.000e+00
      58.24     19.985    1485.87  0.000e+00
      58.29     20.076    1485.87  0.000e+00
      58.29     20.076    1485.87  0.000e+00
      58.29     20.051    1485.87  0.000e+00
      58.27     20.076    1485.87  0.000e+00
      58.17     20.018    1485.88  0.000e+00
      57.95     20.109    1485.90  0.000e+00
      57.88     20.076    1485.90  0.000e+00
      57.90     20.051    1485.89  0.000e+00
      57.90     20.133    1485.88  0.000e+00
      57.88     20.133    1485.88  0.000e+00
      57.92     20.051    1485.88  0.000e+00
      58.17     20.133    1485.89  0.000e+00
      58.29     20.133    1485.90  0.000e+00
      58.29     20.109    1485.90  0.000e+00
      58.29     20.133    1485.89  0.000e+00
      58.24     20.076    1485.88  0.000e+00
      58.14     20.290    1485.87  0.000e+00
      57.95     20.133    1485.87  0.000e+00
      57.88     20.174    1485.86  0.000e+00
      57.88     20.199    1485.87  0.000e+00
      57.88     20.199    1485.87  0.000e+00
      57.88     20.174    1485.88  0.000e+00
      57.90     20.199    1485.88  0.000e+00
      57.97     20.257    1485.88  0.000e+00
      58.02     20.232    1485.89  0.000e+00
      58.02     20.257    1485.89  0.000e+00
      58.02     20.232    1485.89  0.000e+00
      58.00     20.257    1485.89  0.000e+00
      58.05     20.199    1485.89  0.000e+00
      58.17     20.289    1485.89  0.000e+00
      58.19     20.257    1485.88  0.000e+00
      58.22     20.257    1485.88  0.000e+00
      58.19     20.289    1485.88  0.000e+00
      58.19     20.322    1485.87  0.000e+00
      58.17     20.322    1485.88  0.000e+00
      58.17     20.232    1485.88  0.000e+00
      58.17     20.322    1485.88  0.000e+00
      58.17     20.290    1485.88  0.000e+00
      58.17     20.380    1485.88  0.000e+00
      58.14     20.257    1485.88  0.000e+00
      58.10     20.355    1485.89  0.000e+00
      57.92     20.322    1485.88  0.000e+00
      57.85     20.322    1485.87  0.000e+00
      57.85     20.289    1485.86  0.000e+00
      57.85     20.380    1485.87  0.000e+00
      57.85     20.290    1485.88  0.000e+00
      57.85     20.322    1485.88  0.000e+00
      57.90     20.380    1485.87  0.000e+00
      57.90     20.289    1485.88  0.000e+00
      57.90     20.322    1485.90  0.000e+00
      57.90     20.380    1485.91  0.000e+00
      57.88     20.355    1485.91  0.000e+00
      57.85     20.322    1485.90  0.000e+00
      57.88     20.322    1485.90  0.000e+00
      57.90     20.355    1485.90  0.000e+00
      57.90     20.322    1485.90  0.000e+00
      57.90     20.290    1485.89  0.000e+00
      57.88     20.380    1485.89  0.000e+00
      57.80     20.257    1485.90  0.000e+00
      57.58     20.355    1485.90  0.000e+00
      57.51     20.322    1485.90  0.000e+00
      57.51     20.322    1485.90  0.000e+00
      57.53     20.232    1485.90  0.000e+00
      57.51     20.380    1485.89  0.000e+00
      57.56     20.232    1485.89  0.000e+00
      57.73     20.322    1485.90  0.000e+00
      57.78     20.257    1485.90  0.000e+00
      57.78     20.290    1485.91  0.000e+00
      57.78     20.257    1485.91  0.000e+00
      57.75     20.257    1485.91  0.000e+00
      57.80     20.232    1485.91  0.000e+00
      58.00     20.257    1485.91  0.000e+00
      58.07     20.199    1485.91  0.000e+00
      58.07     20.174    1485.91  0.000e+00
      58.07     20.257    1485.91  0.000e+00
      58.02     20.174    1485.92  0.000e+00
      57.97     20.257    1485.92  0.000e+00
      57.80     20.133    1485.92  0.000e+00
      57.75     20.174    1485.92  0.000e+00
      57.75     20.133    1485.92  0.000e+00
      57.73     20.133    1485.92  0.000e+00
      57.73     20.109    1485.92  0.000e+00
      57.73     20.076    1485.91  0.000e+00
      57.80     20.133    1485.92  0.000e+00
      57.80     20.051    1485.91  0.000e+00
      57.80     20.076    1485.92  0.000e+00
      57.80     20.051    1485.92  0.000e+00
      57.78     20.018    1485.92  0.000e+00
      57.80     20.018    1485.91  0.000e+00
      57.92     19.985    1485.91  0.000e+00
      57.97     20.018    1485.91  0.000e+00
      57.97     20.018    1485.92  0.000e+00
      57.97     19.928    1485.92  0.000e+00
      57.95     20.018    1485.92  0.000e+00
      57.95     19.895    1485.92  0.000e+00
      57.97     19.928    1485.92  0.000e+00
      57.97     19.952    1485.92  0.000e+00
      57.97     19.928    1485.92  0.000e+00
      57.97     19.895    1485.92  0.000e+00
      57.92     19.895    1485.92  0.000e+00
      58.00     19.870    1485.92  0.000e+00
      58.10     19.895    1485.92  0.000e+00
      58.14     19.829    1485.92  0.000e+00
      58.14     19.870    1485.92  0.000e+00
      58.14     19.829    1485.92  0.000e+00
      58.12     19.829    1485.92  0.000e+00
      58.05     19.804    1485.92  0.000e+00
      57.90     19.829    1485.92  0.000e+00
      57.83     19.829    1485.92  0.000e+00
      57.83     19.804    1485.92  0.000e+00
      57.85     19.772    1485.92  0.000e+00
      57.83     19.804    1485.92  0.000e+00
      57.88     19.772    1485.92  0.000e+00
      58.05     19.772    1485.92  0.000e+00
      58.10     19.804    1485.92  0.000e+00
      58.10     19.772    1485.92  0.000e+00
      58.10     19.772    1485.92  0.000e+00
      58.07     19.804    1485.92  0.000e+00
      58.05     19.706    1485.92  0.000e+00
      58.07     19.829    1485.93  0.000e+00
      58.07     19.747    1485.93  0.000e+00
      58.07     19.772    1485.93  0.000e+00
      58.07     19.772    1485.93  0.000e+00
      58.05     19.804    1485.93  0.000e+00
      58.07     19.706    1485.93  0.000e+00
      58.14     19.804    1485.93  0.000e+00
      58.19     19.829    1485.93  0.000e+00
      58.19     19.772    1485.92  0.000e+00
      58.19     19.747    1485.92  0.000e+00
      58.17     19.829    1485.92  0.000e+00
      58.14     19.829    1485.91  0.000e+00
      58.12     19.804    1485.91  0.000e+00
      58.10     19.829    1485.91  0.000e+00
      58.10     19.829    1485.91  0.000e+00
      58.10     19.804    1485.91  0.000e+00
      58.07     19.829    1485.92  0.000e+00
      58.05     19.895    1485.92  0.000e+00
      57.97     19.870    1485.92  0.000e+00
      57.95     19.895    1485.92  0.000e+00
      57.95     19.870    1485.92  0.000e+00
      57.95     19.895    1485.93  0.000e+00
      57.92     19.895    1485.94  0.000e+00
      57.97     19.928    1485.94  0.000e+00
      58.10     19.952    1485.94  0.000e+00
      58.14     19.952    1485.94  0.000e+00
      58.14     19.985    1485.94  0.000e+00
      58.14     19.952    1485.94  0.000e+00
      58.12     19.952    1485.94  0.000e+00
      58.07     19.985    1485.94  0.000e+00
      57.95     20.018    1485.94  0.000e+00
      57.90     20.051    1485.95  0.000e+00
      57.90     20.076    1485.94  0.000e+00
      57.90     20.018    1485.93  0.000e+00
      57.88     20.051    1485.93  0.000e+00
      57.95     20.076    1485.93  0.000e+00
      58.17     20.076    1485.93  0.000e+00
      58.24     20.109    1485.92  0.000e+00
      58.24     20.133    1485.92  0.000e+00
      58.24     20.133    1485.92  0.000e+00
      58.22     20.109    1485.92  0.000e+00
      58.29     20.199    1485.91  0.000e+00
      58.51     20.109    1485.91  0.000e+00
      58.58     20.199    1485.92  0.000e+00
      58.61     20.257    1485.93  0.000e+00
      58.61     20.174    1485.93  0.000e+00
      58.56     20.199    1485.94  0.000e+00
      58.51     20.257    1485.94  0.000e+00
      58.34     20.232    1485.94  0.000e+00
      58.27     20.199    1485.95  0.000e+00
      58.27     20.257    1485.95  0.000e+00
      58.29     20.289    1485.95  0.000e+00
      58.27     20.322    1485.95  0.000e+00
      58.22     20.232    1485.95  0.000e+00
      58.10     20.322    1485.95  0.000e+00
      58.05     20.257    1485.95  0.000e+00
      58.02     20.289    1485.95  0.000e+00
      58.05     20.380    1485.95  0.000e+00
      58.02     20.322    1485.94  0.000e+00
      58.02     20.289    1485.94  0.000e+00
      58.05     20.380    1485.94  0.000e+00
      58.05     20.289    1485.94  0.000e+00
      58.05     20.322    1485.94  0.000e+00
      58.05     20.322    1485.94  0.000e+00
      58.02     20.355    1485.94  0.000e+00
      58.10     20.380    1485.94  0.000e+00
      58.29     20.322    1485.94  0.000e+00
      58.39     20.355    1485.94  0.000e+00
      58.36     20.322    1485.94  0.000e+00
      58.36     20.380    1485.94  0.000e+00
      58.34     20.355    1485.94  0.000e+00
      58.29     20.322    1485.94  0.000e+00
      58.17     20.289    1485.94  0.000e+00
      58.12     20.322    1485.95  0.000e+00
      58.12     20.322    1485.95  0.000e+00
      58.12     20.355    1485.96  0.000e+00
      58.10     20.322    1485.96  0.000e+00
      58.10     20.322    1485.95  0.000e+00
      58.10     20.232    1485.95  0.000e+00
      58.10     20.322    1485.95  0.000e+00
      58.10     20.199    1485.94  0.000e+00
      58.10     20.355    1485.95  0.000e+00
      58.07     20.256    1485.94  0.000e+00
      58.07     20.289    1485.94  0.000e+00
      58.02     20.199    1485.94  0.000e+00
      58.02     20.256    1485.94  0.000e+00
      58.00     20.232    1485.94  0.000e+00
      58.02     20.199    1485.95  0.000e+00
      58.00     20.199    1485.95  0.000e+00
      58.00     20.232    1485.95  0.000e+00
      57.97     20.133    1485.95  0.000e+00
      57.97     20.174    1485.95  0.000e+00
      57.97     20.199    1485.95  0.000e+00
      58.00     20.133    1485.95  0.000e+00
      57.97     20.109    1485.95  0.000e+00
      57.95     20.133    1485.95  0.000e+00
      57.88     20.076    1485.95  0.000e+00
      57.83     20.109    1485.95  0.000e+00
      57.83     20.018    1485.95  0.000e+00
      57.85     20.076    1485.95  0.000e+00
      57.83     19.985    1485.95  0.000e+00
      57.97     20.018    1485.95  0.000e+00
      58.41     20.051    1485.95  0.000e+00
      58.58     19.952    1485.95  0.000e+00
      58.58     19.952    1485.94  0.000e+00
      58.56     19.985    1485.94  0.000e+00
      58.53     19.895    1485.94  0.000e+00
      58.44     19.952    1485.94  0.000e+00
      58.22     19.928    1485.94  0.000e+00
      58.14     19.829    1485.94  0.000e+00
      58.14     19.895    1485.94  0.000e+00
      58.14     19.870    1485.94  0.000e+00
      58.12     19.829    1485.93  0.000e+00
      58.07     19.829    1485.93  0.000e+00
      57.97     19.870    1485.93  0.000e+00
      57.90     19.771    1485.93  0.000e+00
      57.90     19.804    1485.93  0.000e+00
      57.90     19.706    1485.93  0.000e+00
      57.90     19.829    1485.93  0.000e+00
      57.90     19.681    1485.93  0.000e+00
      57.90     19.771    1485.93  0.000e+00
      57.90     19.706    1485.93  0.000e+00
      57.90     19.747    1485.93  0.000e+00
      57.92     19.706    1485.93  0.000e+00
      57.90     19.706    1485.93  0.000e+00
      57.95     19.624    1485.92  0.000e+00
      58.14     19.706    1485.93  0.000e+00
      58.22     19.648    1485.92  0.000e+00
      58.22     19.681    1485.93  0.000e+00
      58.22     19.591    1485.92  0.000e+00
      58.19     19.681    1485.93  0.000e+00
      58.22     19.591    1485.92  0.000e+00
      58.29     19.648    1485.93  0.000e+00
      58.32     19.624    1485.92  0.000e+00
      58.32     19.591    1485.92  0.000e+00
      58.32     19.591    1485.92  0.000e+00
      58.29     19.558    1485.92  0.000e+00
      58.27     19.591    1485.92  0.000e+00
      58.14     19.591    1485.92  0.000e+00
      58.12     19.558    1485.93  0.000e+00
      58.12     19.591    1485.93  0.000e+00
      58.10     19.525    1485.92  0.000e+00
      58.07     19.558    1485.93  0.000e+00
      58.14     19.591    1485.93  0.000e+00
      58.27     19.525    1485.92  0.000e+00
      58.32     19.558    1485.92  0.000e+00
      58.32     19.525    1485.92  0.000e+00
      58.32     19.500    1485.92  0.000e+00
      58.29     19.525    1485.92  0.000e+00
      58.29     19.525    1485.92  0.000e+00
      58.36     19.500    1485.92  0.000e+00
      58.36     19.525    1485.92  0.000e+00
      58.39     19.525    1485.92  0.000e+00
      58.39     19.500    1485.92  0.000e+00
      58.36     19.525    1485.92  0.000e+00
      58.41     19.467    1485.92  0.000e+00
      58.58     19.500    1485.92  0.000e+00
      58.66     19.525    1485.92  0.000e+00
      58.66     19.525    1485.92  0.000e+00
      58.66     19.500    1485.92  0.000e+00
      58.63     19.467    1485.92  0.000e+00
      58.58     19.525    1485.92  0.000e+00
      58.44     19.558    1485.92  0.000e+00
      58.36     19.525    1485.92  0.000e+00
      58.36     19.500    1485.91  0.000e+00
      58.36     19.525    1485.92  0.000e+00
      58.36     19.525    1485.91  0.000e+00
      58.32     19.558    1485.92  0.000e+00
      58.27     19.525    1485.92  0.000e+00
      58.24     19.591    1485.92  0.000e+00
      58.24     19.558    1485.92  0.000e+00
      58.24     19.591    1485.92  0.000e+00
      58.22     19.525    1485.91  0.000e+00
      58.24     19.624    1485.91  0.000e+00
      58.29     19.591    1485.91  0.000e+00
      58.29     19.648    1485.90  0.000e+00
      58.29     19.624    1485.90  0.000e+00
      58.29     19.648    1485.90  0.000e+00
      58.27     19.648    1485.90  0.000e+00
      58.27     19.681    1485.91  0.000e+00
      58.27     19.706    1485.92  0.000e+00
      58.27     19.747    1485.92  0.000e+00
      58.27     19.772    1485.92  0.000e+00
      58.27     19.772    1485.92  0.000e+00
      58.27     19.804    1485.92  0.000e+00
      58.34     19.772    1485.92  0.000e+00
      58.66     19.895    1485.92  0.000e+00
      58.78     19.804    1485.92  0.000e+00
      58.78     19.895    1485.92  0.000e+00
      58.78     19.952    1485.92  0.000e+00
      58.75     19.928    1485.92  0.000e+00
      58.73     19.952    1485.93  0.000e+00
      58.71     20.051    1485.93  0.000e+00
      58.68     20.018    1485.93  0.000e+00
      58.68     20.076    1485.94  0.000e+00
      58.68     20.051    1485.93  0.000e+00
      58.66     20.076    1485.93  0.000e+00
      58.88     20.199    1485.93  0.000e+00
      59.39     20.174    1485.93  0.000e+00
      59.61     20.133    1485.93  0.000e+00
      59.61     20.199    1485.93  0.000e+00
      59.58     20.232    1485.94  0.000e+00
