test_casts/EN695_013_test.cnv
* Sea-Bird SBE 9 Data File:
* FileName = D:\ctd\raw\EN695_013.hdr
* Software Version Seasave V 7.26.7.121
* Temperature SN = 4333
* Conductivity SN = 2459
* Number of Bytes Per Scan = 40
* Number of Voltage Words = 5
* Number of Scans Averaged by the Deck Unit = 1
* NMEA Latitude = 40 41.78 N
* NMEA Longitude = 070 59.81 W
* NMEA UTC (Time) = Jan 14 2023  08:07:53
* NMEA baud rate = 4800
** Ship: R/V Endeavor
** Cruise: EN695
** Principal Investigator: Heidi Sosik
** Chief Scientist: Heidi Sosik
** Project: NES-LTER Transect 12 Winter
** Cruise Start Date: 11 Jan 2023
** Ports: Senesco Shipyard to Senesco Shipyard, North Kingstown, Rhode Island
** Station:  d4a
** Bottom Depth: 64 m
** Operator:
# nquan = 4
# nvalues = 7068                                  
# units = specified
# name 0 = altM: Altimeter [m]
# name 1 = depSM: Depth [salt water, m]
# name 2 = svCM: Sound Velocity [Chen-Millero, m/s]
# name 3 = flag:  0.000e+00
# span 0 =       4.10,      87.79                 
# span 1 =      3.445,     59.310                 
# span 2 =    1482.92,    1488.61                 
# span 3 = 0.0000e+00, 0.0000e+00                 
# interval = seconds: 0.0416667
# start_time = Jan 14 2023 08:07:55 [System UTC, header]
# bad_flag = -9.990e-29
*END*
[from data line 6045]
      50.57     13.773    1483.22  0.000e+00
      50.57     13.732    1483.23  0.000e+00
      50.57     13.666    1483.23  0.000e+00
      50.57     13.666    1483.24  0.000e+00
      50.57     13.666    1483.25  0.000e+00
      50.55     13.543    1483.25  0.000e+00
      50.65     13.526    1483.25  0.000e+00
      50.70     13.485    1483.25  0.000e+00
      50.70     13.428    1483.25  0.000e+00
      50.70     13.362    1483.24  0.000e+00
      50.67     13.362    1483.24  0.000e+00
      50.70     13.305    1483.23  0.000e+00
      50.77     13.222    1483.22  0.000e+00
      50.82     13.181    1483.21  0.000e+00
      50.82     13.115    1483.21  0.000e+00
      50.79     13.058    1483.20  0.000e+00
      50.79     13.058    1483.19  0.000e+00
      50.82     13.000    1483.18  0.000e+00
      50.89     12.918    1483.18  0.000e+00
      50.94     12.877    1483.17  0.000e+00
      50.94     12.811    1483.17  0.000e+00
      50.92     12.811    1483.16  0.000e+00
      50.92     12.696    1483.16  0.000e+00
      50.94     12.630    1483.15  0.000e+00
      51.14     12.630    1483.14  0.000e+00
      51.23     12.548    1483.13  0.000e+00
      51.26     12.450    1483.13  0.000e+00
      51.26     12.450    1483.12  0.000e+00
      51.23     12.384    1483.12  0.000e+00
      51.26     12.384    1483.12  0.000e+00
      51.55     12.269    1483.12  0.000e+00
      51.70     12.203    1483.11  0.000e+00
      51.72     12.187    1483.11  0.000e+00
      51.70     12.145    1483.11  0.000e+00
      51.70     11.965    1483.11  0.000e+00
      51.77     12.080    1483.12  0.000e+00
      52.23     11.899    1483.11  0.000e+00
      52.45     11.899    1483.12  0.000e+00
      52.45     11.841    1483.12  0.000e+00
      52.45     11.776    1483.11  0.000e+00
      52.43     11.759    1483.11  0.000e+00
      52.43     11.718    1483.11  0.000e+00
      52.63     11.652    1483.11  0.000e+00
      52.70     11.595    1483.11  0.000e+00
      52.72     11.595    1483.11  0.000e+00
      52.72     11.537    1483.11  0.000e+00
      52.70     11.471    1483.11  0.000e+00
      52.72     11.414    1483.11  0.000e+00
      53.06     11.397    1483.11  0.000e+00
      53.24     11.348    1483.10  0.000e+00
      53.28     11.348    1483.10  0.000e+00
      53.26     11.290    1483.10  0.000e+00
      53.24     11.233    1483.10  0.000e+00
      53.28     11.233    1483.10  0.000e+00
      53.46     11.167    1483.09  0.000e+00
      53.55     11.110    1483.09  0.000e+00
      53.58     11.151    1483.09  0.000e+00
      53.58     11.044    1483.09  0.000e+00
      53.55     11.044    1483.09  0.000e+00
      53.60     11.110    1483.09  0.000e+00
      54.02     10.986    1483.09  0.000e+00
      54.26     10.986    1483.09  0.000e+00
      54.26     10.986    1483.09  0.000e+00
      54.26     10.986    1483.09  0.000e+00
      54.24     10.986    1483.09  0.000e+00
      54.29     10.904    1483.09  0.000e+00
      54.60     10.921    1483.09  0.000e+00
      54.77     10.921    1483.09  0.000e+00
      54.80     10.921    1483.09  0.000e+00
      54.77     10.863    1483.09  0.000e+00
      54.77     10.921    1483.09  0.000e+00
      54.75     10.863    1483.09  0.000e+00
      54.85     10.863    1483.09  0.000e+00
      54.90     10.863    1483.09  0.000e+00
      54.92     10.847    1483.09  0.000e+00
      54.90     10.805    1483.09  0.000e+00
      54.90     10.863    1483.08  0.000e+00
      54.90     10.863    1483.08  0.000e+00
      54.87     10.805    1483.08  0.000e+00
      54.90     10.863    1483.08  0.000e+00
      54.90     10.863    1483.08  0.000e+00
      54.87     10.863    1483.08  0.000e+00
      54.87     10.805    1483.08  0.000e+00
      54.87     10.904    1483.08  0.000e+00
      55.19     10.863    1483.08  0.000e+00
      55.36     10.805    1483.08  0.000e+00
      55.38     10.921    1483.09  0.000e+00
      55.36     10.805    1483.09  0.000e+00
      55.34     10.863    1483.09  0.000e+00
      55.36     10.921    1483.10  0.000e+00
      55.70     10.863    1483.10  0.000e+00
      55.90     10.805    1483.11  0.000e+00
      55.92     10.904    1483.12  0.000e+00
      55.92     10.863    1483.13  0.000e+00
      55.90     10.863    1483.14  0.000e+00
      55.90     10.921    1483.14  0.000e+00
      56.19     10.863    1483.14  0.000e+00
      56.39     10.863    1483.13  0.000e+00
      56.41     10.921    1483.12  0.000e+00
      56.39     10.921    1483.12  0.000e+00
      56.36     10.921    1483.11  0.000e+00
      56.34     10.904    1483.10  0.000e+00
      56.07     10.863    1483.10  0.000e+00
      55.92     10.921    1483.09  0.000e+00
      55.92     10.863    1483.09  0.000e+00
      55.92     10.921    1483.08  0.000e+00
      55.92     10.863    1483.08  0.000e+00
      55.92     10.863    1483.07  0.000e+00
      56.48     10.921    1483.06  0.000e+00
      56.87     10.863    1483.06  0.000e+00
      56.95     10.847    1483.06  0.000e+00
      56.92     10.805    1483.06  0.000e+00
      56.90     10.920    1483.06  0.000e+00
      56.90     10.863    1483.06  0.000e+00
      56.90     10.805    1483.06  0.000e+00
      56.92     10.863    1483.06  0.000e+00
      56.92     10.805    1483.05  0.000e+00
      56.92     10.805    1483.05  0.000e+00
      56.92     10.740    1483.05  0.000e+00
      56.87     10.789    1483.06  0.000e+00
      56.39     10.682    1483.06  0.000e+00
      56.12     10.740    1483.05  0.000e+00
      56.07     10.682    1483.05  0.000e+00
      56.09     10.616    1483.05  0.000e+00
      56.09     10.616    1483.05  0.000e+00
      56.07     10.616    1483.05  0.000e+00
      55.87     10.616    1483.05  0.000e+00
      55.75     10.559    1483.05  0.000e+00
      55.75     10.501    1483.05  0.000e+00
      55.75     10.542    1483.05  0.000e+00
      55.73     10.501    1483.05  0.000e+00
      55.73     10.501    1483.05  0.000e+00
      55.56     10.435    1483.05  0.000e+00
      55.46     10.378    1483.05  0.000e+00
      55.46     10.435    1483.05  0.000e+00
      55.48     10.312    1483.05  0.000e+00
      55.46     10.378    1483.05  0.000e+00
      55.43     10.312    1483.05  0.000e+00
      55.09     10.296    1483.05  0.000e+00
      54.92     10.312    1483.05  0.000e+00
      54.90     10.255    1483.05  0.000e+00
      54.92     10.197    1483.05  0.000e+00
      54.90     10.197    1483.06  0.000e+00
      54.87     10.197    1483.06  0.000e+00
      54.77     10.131    1483.06  0.000e+00
      54.70     10.074    1483.06  0.000e+00
      54.68     10.074    1483.06  0.000e+00
      54.68     10.074    1483.06  0.000e+00
      54.68     10.074    1483.06  0.000e+00
      54.70      9.992    1483.06  0.000e+00
      54.73      9.950    1483.06  0.000e+00
      54.75      9.950    1483.06  0.000e+00
      54.73      9.950    1483.07  0.000e+00
      54.75      9.951    1483.06  0.000e+00
      54.73      9.885    1483.06  0.000e+00
      54.68      9.885    1483.06  0.000e+00
      54.29      9.827    1483.06  0.000e+00
      54.11      9.885    1483.06  0.000e+00
      54.07      9.827    1483.06  0.000e+00
      54.09      9.770    1483.06  0.000e+00
      54.07      9.868    1483.06  0.000e+00
      54.09      9.770    1483.06  0.000e+00
      54.07      9.770    1483.06  0.000e+00
      54.04      9.770    1483.07  0.000e+00
      54.04      9.827    1483.07  0.000e+00
      54.04      9.704    1483.07  0.000e+00
      54.04      9.770    1483.07  0.000e+00
      54.07      9.704    1483.07  0.000e+00
      54.21      9.770    1483.06  0.000e+00
      54.29      9.704    1483.06  0.000e+00
      54.29      9.770    1483.06  0.000e+00
      54.31      9.753    1483.06  0.000e+00
      54.29      9.704    1483.06  0.000e+00
      54.29      9.770    1483.06  0.000e+00
      54.31      9.770    1483.06  0.000e+00
      54.36      9.827    1483.06  0.000e+00
      54.36      9.770    1483.06  0.000e+00
      54.33      9.770    1483.06  0.000e+00
      54.33      9.827    1483.07  0.000e+00
      54.33      9.827    1483.07  0.000e+00
      54.31      9.827    1483.07  0.000e+00
      54.31      9.827    1483.07  0.000e+00
      54.31      9.811    1483.07  0.000e+00
      54.31      9.885    1483.07  0.000e+00
      54.31      9.827    1483.07  0.000e+00
      54.31      9.885    1483.07  0.000e+00
      54.55      9.885    1483.06  0.000e+00
      54.68      9.885    1483.07  0.000e+00
      54.73      9.950    1483.07  0.000e+00
      54.70      9.885    1483.07  0.000e+00
      54.70      9.950    1483.07  0.000e+00
      54.68     10.008    1483.07  0.000e+00
      54.60      9.950    1483.07  0.000e+00
      54.58      9.992    1483.07  0.000e+00
      54.58     10.008    1483.06  0.000e+00
      54.58      9.950    1483.06  0.000e+00
      54.55     10.008    1483.06  0.000e+00
      54.55     10.008    1483.06  0.000e+00
      54.51     10.008    1483.05  0.000e+00
      54.48      9.950    1483.05  0.000e+00
      54.48     10.008    1483.05  0.000e+00
      54.48     10.008    1483.05  0.000e+00
      54.46     10.008    1483.05  0.000e+00
      54.48      9.934    1483.04  0.000e+00
      54.90      9.950    1483.04  0.000e+00
      55.12      9.950    1483.04  0.000e+00
      55.14      9.950    1483.04  0.000e+00
      55.14      9.885    1483.04  0.000e+00
      55.09      9.885    1483.04  0.000e+00
      55.12      9.885    1483.04  0.000e+00
      55.36      9.827    1483.04  0.000e+00
      55.53      9.885    1483.04  0.000e+00
      55.56      9.885    1483.04  0.000e+00
      55.56      9.770    1483.04  0.000e+00
      55.51      9.753    1483.04  0.000e+00
      55.51      9.770    1483.04  0.000e+00
      55.29      9.770    1483.04  0.000e+00
      55.19      9.646    1483.04  0.000e+00
      55.16      9.704    1483.04  0.000e+00
      55.16      9.646    1483.04  0.000e+00
      55.16      9.646    1483.04  0.000e+00
      55.19      9.580    1483.04  0.000e+00
      55.31      9.523    1483.04  0.000e+00
      55.51      9.523    1483.04  0.000e+00
      55.53      9.465    1483.04  0.000e+00
      55.53      9.465    1483.04  0.000e+00
      55.51      9.326    1483.04  0.000e+00
      55.48      9.342    1483.04  0.000e+00
      54.99      9.276    1483.04  0.000e+00
      54.75      9.219    1483.03  0.000e+00
      54.70      9.153    1483.03  0.000e+00
      54.73      9.096    1483.03  0.000e+00
      54.70      9.038    1483.03  0.000e+00
      54.73      8.972    1483.03  0.000e+00
      55.04      8.972    1483.03  0.000e+00
      55.21      8.849    1483.02  0.000e+00
      55.24      8.849    1483.03  0.000e+00
      55.21      8.734    1483.02  0.000e+00
      55.19      8.734    1483.02  0.000e+00
      55.16      8.594    1483.02  0.000e+00
      54.97      8.611    1483.02  0.000e+00
      54.87      8.487    1483.02  0.000e+00
      54.87      8.430    1483.02  0.000e+00
      54.87      8.364    1483.02  0.000e+00
      54.87      8.364    1483.02  0.000e+00
      54.90      8.241    1483.02  0.000e+00
      55.02      8.183    1483.02  0.000e+00
      55.09      8.183    1483.02  0.000e+00
      55.09      8.117    1483.02  0.000e+00
      55.09      8.060    1483.02  0.000e+00
      55.07      8.002    1483.02  0.000e+00
      55.09      7.936    1483.01  0.000e+00
      55.29      7.936    1483.02  0.000e+00
      55.41      7.879    1483.01  0.000e+00
      55.41      7.879    1483.01  0.000e+00
      55.41      7.813    1483.01  0.000e+00
      55.38      7.813    1483.01  0.000e+00
      55.46      7.739    1483.01  0.000e+00
      55.82      7.698    1483.01  0.000e+00
      56.00      7.698    1483.01  0.000e+00
      56.00      7.632    1483.01  0.000e+00
      56.00      7.632    1483.01  0.000e+00
      55.97      7.575    1483.01  0.000e+00
      56.07      7.575    1483.01  0.000e+00
      56.41      7.575    1483.01  0.000e+00
      56.56      7.509    1483.01  0.000e+00
      56.58      7.509    1483.01  0.000e+00
      56.58      7.451    1483.01  0.000e+00
      56.56      7.509    1483.01  0.000e+00
      56.56      7.451    1483.01  0.000e+00
      56.63      7.451    1483.01  0.000e+00
      56.65      7.451    1483.01  0.000e+00
      56.68      7.451    1483.01  0.000e+00
      56.65      7.386    1483.01  0.000e+00
      56.65      7.451    1483.01  0.000e+00
      56.68      7.386    1483.01  0.000e+00
      56.97      7.509    1483.01  0.000e+00
      57.09      7.386    1483.01  0.000e+00
      57.12      7.451    1483.01  0.000e+00
      57.12      7.271    1483.00  0.000e+00
      57.09      7.493    1483.01  0.000e+00
      57.19      7.451    1483.01  0.000e+00
      57.90      7.386    1483.01  0.000e+00
      58.29      7.451    1483.01  0.000e+00
      58.32      7.386    1483.01  0.000e+00
      58.29      7.386    1483.01  0.000e+00
      58.24      7.386    1483.00  0.000e+00
      58.27      7.386    1483.01  0.000e+00
      58.27      7.386    1483.01  0.000e+00
      58.29      7.386    1483.01  0.000e+00
      58.29      7.386    1483.01  0.000e+00
      58.29      7.386    1483.01  0.000e+00
      58.27      7.386    1483.01  0.000e+00
      58.29      7.386    1483.01  0.000e+00
      58.88      7.386    1483.01  0.000e+00
      59.24      7.386    1483.01  0.000e+00
      59.29      7.386    1483.01  0.000e+00
      59.27      7.328    1483.00  0.000e+00
      59.22      7.451    1483.01  0.000e+00
      59.24      7.328    1483.00  0.000e+00
      59.39      7.328    1483.00  0.000e+00
      59.49      7.386    1483.01  0.000e+00
      59.46      7.328    1483.01  0.000e+00
      59.46      7.312    1483.01  0.000e+00
      59.46      7.328    1483.01  0.000e+00
      59.46      7.386    1483.01  0.000e+00
      60.10      7.328    1483.01  0.000e+00
      60.49      7.271    1483.00  0.000e+00
      60.54      7.328    1483.01  0.000e+00
      60.51      7.328    1483.01  0.000e+00
      60.46      7.271    1483.00  0.000e+00
      60.49      7.271    1483.00  0.000e+00
      60.63      7.271    1483.00  0.000e+00
      60.76      7.328    1483.00  0.000e+00
      60.73      7.205    1483.00  0.000e+00
      60.73      7.328    1483.00  0.000e+00
      60.71      7.205    1483.00  0.000e+00
      60.73      7.271    1483.00  0.000e+00
      60.76      7.271    1483.00  0.000e+00
      60.78      7.271    1483.00  0.000e+00
      60.78      7.205    1483.00  0.000e+00
      60.76      7.205    1483.00  0.000e+00
      60.76      7.205    1483.00  0.000e+00
      60.73      7.205    1483.00  0.000e+00
      60.27      7.147    1483.00  0.000e+00
      59.98      7.205    1483.00  0.000e+00
      59.95      7.147    1483.00  0.000e+00
      59.98      7.147    1483.00  0.000e+00
      59.95      7.024    1483.00  0.000e+00
      59.90      7.131    1483.00  0.000e+00
      59.56      7.082    1483.00  0.000e+00
      59.39      7.082    1482.99  0.000e+00
      59.39      7.024    1482.99  0.000e+00
      59.39      7.024    1482.99  0.000e+00
      59.39      6.966    1482.98  0.000e+00
      59.37      6.966    1482.98  0.000e+00
      59.22      6.901    1482.98  0.000e+00
      59.15      6.966    1482.98  0.000e+00
      59.15      6.901    1482.98  0.000e+00
      59.17      6.843    1482.98  0.000e+00
      59.15      6.843    1482.98  0.000e+00
      59.15      6.901    1482.98  0.000e+00
      59.17      6.777    1482.98  0.000e+00
      59.19      6.777    1482.98  0.000e+00
      59.19      6.777    1482.98  0.000e+00
      59.19      6.720    1482.98  0.000e+00
      59.17      6.720    1482.98  0.000e+00
      59.12      6.596    1482.98  0.000e+00
      58.90      6.662    1482.99  0.000e+00
      58.78      6.596    1482.99  0.000e+00
      58.75      6.596    1482.99  0.000e+00
      58.78      6.539    1482.99  0.000e+00
      58.78      6.596    1482.99  0.000e+00
      58.75      6.473    1482.99  0.000e+00
      58.75      6.473    1482.99  0.000e+00
