test_casts/EN695_009_test.cnv
* Sea-Bird SBE 9 Data File:
* FileName = D:\ctd\raw\EN695_009.hdr
* Software Version Seasave V 7.26.7.121
* Temperature SN = 4333
* Conductivity SN = 2459
* Number of Bytes Per Scan = 40
* Number of Voltage Words = 5
* Number of Scans Averaged by the Deck Unit = 1
* NMEA Latitude = 40 41.80 N
* NMEA Longitude = 070 53.03 W
* NMEA UTC (Time) = Jan 13 2023  04:19:11
* NMEA baud rate = 4800
** Ship: R/V Endeavor
** Cruise: EN695
** Principal Investigator: Heidi Sosik
** Chief Scientist: Heidi Sosik
** Project: NES-LTER Transect 12 Winter
** Cruise Start Date: 11 Jan 2023
** Ports: Senesco Shipyard to Senesco Shipyard, North Kingstown, Rhode Island
** Station:  L4
** Bottom Depth: 66m
** Operator:  tc
# nquan = 4
# nvalues = 19011                                 
# units = specified
# name 0 = altM: Altimeter [m]
# name 1 = depSM: Depth [salt water, m]
# name 2 = svCM: Sound Velocity [Chen-Millero, m/s]
# name 3 = flag:  0.000e+00
# span 0 =       0.00,      92.31                 
# span 1 =      2.040,     61.814                 
# span 2 =    1485.95,    1487.77                 
# span 3 = 0.0000e+00, 0.0000e+00                 
# interval = seconds: 0.0416667
# start_time = Jan 13 2023 04:19:14 [System UTC, header]
# bad_flag = -9.990e-29
*END*
[from data line 14578]
      47.35     19.630    1487.23  0.000e+00
      47.33     19.655    1487.23  0.000e+00
      47.35     19.655    1487.23  0.000e+00
      47.35     19.630    1487.23  0.000e+00
      47.35     19.713    1487.23  0.000e+00
      47.35     19.655    1487.23  0.000e+00
      47.35     19.754    1487.23  0.000e+00
      47.37     19.713    1487.23  0.000e+00
      47.50     19.713    1487.23  0.000e+00
      47.55     19.754    1487.23  0.000e+00
      47.55     19.778    1487.23  0.000e+00
      47.52     19.836    1487.23  0.000e+00
      47.50     19.754    1487.23  0.000e+00
      47.50     19.902    1487.23  0.000e+00
      47.52     19.902    1487.23  0.000e+00
      47.52     19.869    1487.23  0.000e+00
      47.52     19.902    1487.23  0.000e+00
      47.52     19.934    1487.23  0.000e+00
      47.50     19.959    1487.23  0.000e+00
      47.47     19.959    1487.23  0.000e+00
      47.42     19.992    1487.23  0.000e+00
      47.42     20.017    1487.23  0.000e+00
      47.42     20.082    1487.23  0.000e+00
      47.40     20.058    1487.23  0.000e+00
      47.40     20.140    1487.23  0.000e+00
      47.40     20.082    1487.23  0.000e+00
      47.45     20.181    1487.23  0.000e+00
      47.45     20.206    1487.23  0.000e+00
      47.47     20.206    1487.23  0.000e+00
      47.45     20.239    1487.23  0.000e+00
      47.45     20.206    1487.23  0.000e+00
      47.40     20.239    1487.23  0.000e+00
      47.23     20.263    1487.23  0.000e+00
      47.18     20.329    1487.23  0.000e+00
      47.16     20.296    1487.23  0.000e+00
      47.18     20.263    1487.23  0.000e+00
      47.16     20.329    1487.23  0.000e+00
      47.20     20.362    1487.23  0.000e+00
      47.40     20.329    1487.23  0.000e+00
      47.47     20.387    1487.23  0.000e+00
      47.50     20.362    1487.23  0.000e+00
      47.47     20.387    1487.23  0.000e+00
      47.47     20.362    1487.23  0.000e+00
      47.37     20.387    1487.23  0.000e+00
      47.08     20.329    1487.23  0.000e+00
      46.96     20.362    1487.23  0.000e+00
      46.94     20.387    1487.23  0.000e+00
      46.96     20.387    1487.23  0.000e+00
      46.94     20.362    1487.23  0.000e+00
      47.01     20.329    1487.23  0.000e+00
      47.18     20.329    1487.23  0.000e+00
      47.25     20.362    1487.23  0.000e+00
      47.25     20.387    1487.23  0.000e+00
      47.25     20.263    1487.22  0.000e+00
      47.23     20.296    1487.22  0.000e+00
      47.20     20.329    1487.23  0.000e+00
      47.11     20.296    1487.23  0.000e+00
      47.03     20.263    1487.23  0.000e+00
      47.06     20.263    1487.23  0.000e+00
      47.03     20.239    1487.24  0.000e+00
      47.03     20.263    1487.24  0.000e+00
      47.01     20.206    1487.24  0.000e+00
      46.91     20.181    1487.23  0.000e+00
      46.91     20.206    1487.23  0.000e+00
      46.89     20.140    1487.23  0.000e+00
      46.89     20.181    1487.23  0.000e+00
      46.89     20.140    1487.23  0.000e+00
      46.89     20.058    1487.23  0.000e+00
      46.91     20.140    1487.23  0.000e+00
      46.94     20.082    1487.24  0.000e+00
      46.94     20.058    1487.24  0.000e+00
      46.94     20.017    1487.24  0.000e+00
      46.94     20.017    1487.24  0.000e+00
      46.91     19.992    1487.24  0.000e+00
      46.96     20.017    1487.23  0.000e+00
      46.98     19.959    1487.23  0.000e+00
      46.96     19.934    1487.23  0.000e+00
      46.96     19.959    1487.23  0.000e+00
      46.96     19.902    1487.23  0.000e+00
      46.94     19.869    1487.23  0.000e+00
      46.91     19.902    1487.23  0.000e+00
      46.91     19.869    1487.23  0.000e+00
      46.94     19.836    1487.23  0.000e+00
      46.94     19.836    1487.23  0.000e+00
      46.91     19.811    1487.23  0.000e+00
      46.94     19.836    1487.23  0.000e+00
      47.03     19.778    1487.23  0.000e+00
      47.08     19.754    1487.23  0.000e+00
      47.08     19.778    1487.23  0.000e+00
      47.08     19.778    1487.23  0.000e+00
      47.06     19.688    1487.23  0.000e+00
      47.11     19.778    1487.23  0.000e+00
      47.28     19.712    1487.23  0.000e+00
      47.33     19.754    1487.23  0.000e+00
      47.33     19.712    1487.23  0.000e+00
      47.30     19.655    1487.23  0.000e+00
      47.28     19.688    1487.23  0.000e+00
      47.28     19.712    1487.23  0.000e+00
      47.28     19.712    1487.23  0.000e+00
      47.28     19.688    1487.23  0.000e+00
      47.28     19.655    1487.23  0.000e+00
      47.28     19.688    1487.23  0.000e+00
      47.25     19.712    1487.23  0.000e+00
      47.28     19.712    1487.23  0.000e+00
      47.28     19.688    1487.23  0.000e+00
      47.30     19.655    1487.23  0.000e+00
      47.28     19.712    1487.23  0.000e+00
      47.28     19.688    1487.23  0.000e+00
      47.28     19.712    1487.23  0.000e+00
      47.28     19.712    1487.23  0.000e+00
      47.28     19.688    1487.23  0.000e+00
      47.28     19.778    1487.23  0.000e+00
      47.28     19.712    1487.23  0.000e+00
      47.28     19.754    1487.23  0.000e+00
      47.28     19.712    1487.23  0.000e+00
      47.28     19.778    1487.23  0.000e+00
      47.28     19.754    1487.23  0.000e+00
      47.28     19.836    1487.24  0.000e+00
      47.28     19.778    1487.24  0.000e+00
      47.28     19.811    1487.24  0.000e+00
      47.28     19.836    1487.24  0.000e+00
      47.25     19.811    1487.25  0.000e+00
      47.23     19.836    1487.25  0.000e+00
      47.23     19.836    1487.25  0.000e+00
      47.23     19.869    1487.26  0.000e+00
      47.23     19.901    1487.26  0.000e+00
      47.20     19.901    1487.26  0.000e+00
      47.30     19.934    1487.26  0.000e+00
      47.67     19.959    1487.26  0.000e+00
      47.84     19.959    1487.27  0.000e+00
      47.84     19.934    1487.27  0.000e+00
      47.84     19.959    1487.27  0.000e+00
      47.81     20.017    1487.26  0.000e+00
      47.77     19.992    1487.26  0.000e+00
      47.52     20.082    1487.27  0.000e+00
      47.40     20.017    1487.27  0.000e+00
      47.40     20.058    1487.27  0.000e+00
      47.42     20.082    1487.27  0.000e+00
      47.40     20.115    1487.27  0.000e+00
      47.40     20.082    1487.26  0.000e+00
      47.35     20.140    1487.26  0.000e+00
      47.37     20.115    1487.26  0.000e+00
      47.35     20.140    1487.26  0.000e+00
      47.35     20.140    1487.26  0.000e+00
      47.33     20.181    1487.26  0.000e+00
      47.33     20.206    1487.27  0.000e+00
      47.25     20.206    1487.26  0.000e+00
      47.25     20.181    1487.26  0.000e+00
      47.25     20.206    1487.26  0.000e+00
      47.25     20.239    1487.26  0.000e+00
      47.23     20.263    1487.25  0.000e+00
      47.28     20.263    1487.25  0.000e+00
      47.50     20.239    1487.24  0.000e+00
      47.59     20.263    1487.24  0.000e+00
      47.62     20.329    1487.24  0.000e+00
      47.59     20.239    1487.23  0.000e+00
      47.57     20.386    1487.23  0.000e+00
      47.47     20.263    1487.23  0.000e+00
      47.16     20.362    1487.23  0.000e+00
      47.01     20.329    1487.23  0.000e+00
      47.01     20.386    1487.23  0.000e+00
      47.03     20.362    1487.24  0.000e+00
      47.01     20.329    1487.24  0.000e+00
      47.06     20.362    1487.24  0.000e+00
      47.11     20.386    1487.24  0.000e+00
      47.13     20.329    1487.24  0.000e+00
      47.16     20.419    1487.24  0.000e+00
      47.13     20.386    1487.24  0.000e+00
      47.13     20.386    1487.24  0.000e+00
      47.06     20.362    1487.24  0.000e+00
      46.86     20.386    1487.24  0.000e+00
      46.79     20.386    1487.24  0.000e+00
      46.79     20.419    1487.24  0.000e+00
      46.79     20.386    1487.25  0.000e+00
      46.76     20.362    1487.25  0.000e+00
      46.79     20.386    1487.25  0.000e+00
      46.84     20.444    1487.25  0.000e+00
      46.86     20.362    1487.24  0.000e+00
      46.86     20.386    1487.25  0.000e+00
      46.89     20.386    1487.25  0.000e+00
      46.86     20.362    1487.24  0.000e+00
      46.86     20.386    1487.24  0.000e+00
      46.89     20.386    1487.24  0.000e+00
      46.89     20.362    1487.24  0.000e+00
      46.89     20.329    1487.23  0.000e+00
      46.89     20.362    1487.24  0.000e+00
      46.86     20.329    1487.24  0.000e+00
      46.81     20.329    1487.24  0.000e+00
      46.72     20.362    1487.24  0.000e+00
      46.67     20.329    1487.24  0.000e+00
      46.67     20.263    1487.24  0.000e+00
      46.67     20.296    1487.23  0.000e+00
      46.64     20.329    1487.24  0.000e+00
      46.72     20.263    1487.24  0.000e+00
      46.91     20.296    1487.24  0.000e+00
      46.98     20.263    1487.24  0.000e+00
      47.01     20.238    1487.24  0.000e+00
      47.01     20.263    1487.24  0.000e+00
      46.98     20.206    1487.24  0.000e+00
      46.94     20.296    1487.24  0.000e+00
      46.86     20.206    1487.24  0.000e+00
      46.81     20.206    1487.24  0.000e+00
      46.81     20.181    1487.25  0.000e+00
      46.81     20.263    1487.25  0.000e+00
      46.79     20.206    1487.24  0.000e+00
      46.84     20.115    1487.24  0.000e+00
      46.98     20.206    1487.24  0.000e+00
      47.03     20.082    1487.25  0.000e+00
      47.03     20.238    1487.25  0.000e+00
      47.01     20.140    1487.25  0.000e+00
      47.01     20.181    1487.25  0.000e+00
      47.03     20.082    1487.25  0.000e+00
      47.11     20.140    1487.25  0.000e+00
      47.11     20.115    1487.25  0.000e+00
      47.11     20.140    1487.25  0.000e+00
      47.11     20.082    1487.25  0.000e+00
      47.08     20.115    1487.25  0.000e+00
      47.11     20.082    1487.25  0.000e+00
      47.13     20.082    1487.25  0.000e+00
      47.16     20.115    1487.25  0.000e+00
      47.13     20.082    1487.25  0.000e+00
      47.16     20.058    1487.25  0.000e+00
      47.11     20.082    1487.25  0.000e+00
      47.13     20.082    1487.25  0.000e+00
      47.11     20.058    1487.25  0.000e+00
      47.11     20.016    1487.25  0.000e+00
      47.11     20.082    1487.25  0.000e+00
      47.11     19.992    1487.25  0.000e+00
      47.11     20.082    1487.25  0.000e+00
      47.11     20.016    1487.25  0.000e+00
      47.08     20.058    1487.25  0.000e+00
      47.08     20.016    1487.25  0.000e+00
      47.08     20.016    1487.25  0.000e+00
      47.08     19.992    1487.25  0.000e+00
      47.06     20.016    1487.25  0.000e+00
      47.08     19.959    1487.25  0.000e+00
      47.13     20.058    1487.25  0.000e+00
      47.18     20.016    1487.25  0.000e+00
      47.16     19.992    1487.25  0.000e+00
      47.16     19.959    1487.25  0.000e+00
      47.13     20.016    1487.25  0.000e+00
      47.11     19.934    1487.25  0.000e+00
      47.03     20.016    1487.25  0.000e+00
      47.01     19.959    1487.25  0.000e+00
      47.01     19.992    1487.25  0.000e+00
      47.01     19.959    1487.25  0.000e+00
      47.01     19.959    1487.25  0.000e+00
      47.06     19.992    1487.25  0.000e+00
      47.20     19.959    1487.25  0.000e+00
      47.25     19.959    1487.25  0.000e+00
      47.25     19.934    1487.25  0.000e+00
      47.25     19.959    1487.25  0.000e+00
      47.23     19.934    1487.25  0.000e+00
      47.25     19.959    1487.25  0.000e+00
      47.28     19.901    1487.25  0.000e+00
      47.28     19.992    1487.25  0.000e+00
      47.28     19.901    1487.25  0.000e+00
      47.30     19.959    1487.25  0.000e+00
      47.28     19.934    1487.25  0.000e+00
      47.28     19.901    1487.25  0.000e+00
      47.23     19.959    1487.25  0.000e+00
      47.23     19.934    1487.25  0.000e+00
      47.23     19.901    1487.24  0.000e+00
      47.23     19.901    1487.24  0.000e+00
      47.20     19.992    1487.25  0.000e+00
      47.25     19.901    1487.25  0.000e+00
      47.35     19.901    1487.25  0.000e+00
      47.40     19.934    1487.25  0.000e+00
      47.37     19.901    1487.25  0.000e+00
      47.37     19.934    1487.25  0.000e+00
      47.37     19.901    1487.25  0.000e+00
      47.37     19.959    1487.25  0.000e+00
      47.33     19.868    1487.25  0.000e+00
      47.33     19.959    1487.25  0.000e+00
      47.33     19.901    1487.25  0.000e+00
      47.33     19.934    1487.25  0.000e+00
      47.33     19.901    1487.24  0.000e+00
      47.30     19.901    1487.24  0.000e+00
      47.23     19.934    1487.24  0.000e+00
      47.20     19.901    1487.24  0.000e+00
      47.20     19.959    1487.24  0.000e+00
      47.20     19.934    1487.25  0.000e+00
      47.18     19.901    1487.25  0.000e+00
      47.23     19.934    1487.25  0.000e+00
      47.33     19.959    1487.25  0.000e+00
      47.37     19.901    1487.25  0.000e+00
      47.37     19.934    1487.25  0.000e+00
      47.37     19.959    1487.25  0.000e+00
      47.35     19.959    1487.25  0.000e+00
      47.37     19.934    1487.24  0.000e+00
      47.40     19.959    1487.24  0.000e+00
      47.42     19.959    1487.24  0.000e+00
      47.42     19.992    1487.24  0.000e+00
      47.42     19.959    1487.24  0.000e+00
      47.40     19.959    1487.24  0.000e+00
      47.37     19.992    1487.24  0.000e+00
      47.35     20.016    1487.24  0.000e+00
      47.33     19.959    1487.24  0.000e+00
      47.33     19.992    1487.25  0.000e+00
      47.33     20.016    1487.25  0.000e+00
      47.30     19.992    1487.25  0.000e+00
      47.30     20.016    1487.25  0.000e+00
      47.33     20.016    1487.25  0.000e+00
      47.30     20.057    1487.25  0.000e+00
      47.33     20.016    1487.25  0.000e+00
      47.33     20.016    1487.25  0.000e+00
      47.30     20.057    1487.25  0.000e+00
      47.23     20.082    1487.25  0.000e+00
      47.06     20.082    1487.24  0.000e+00
      46.98     19.992    1487.24  0.000e+00
      46.98     20.140    1487.24  0.000e+00
      46.96     20.082    1487.24  0.000e+00
      46.96     20.057    1487.24  0.000e+00
      47.01     20.140    1487.24  0.000e+00
      47.11     20.115    1487.24  0.000e+00
      47.18     20.082    1487.24  0.000e+00
      47.18     20.140    1487.24  0.000e+00
      47.18     20.181    1487.24  0.000e+00
      47.16     20.140    1487.24  0.000e+00
      47.18     20.140    1487.25  0.000e+00
      47.23     20.181    1487.25  0.000e+00
      47.25     20.140    1487.25  0.000e+00
      47.25     20.205    1487.25  0.000e+00
      47.25     20.181    1487.25  0.000e+00
      47.23     20.205    1487.25  0.000e+00
      47.25     20.263    1487.25  0.000e+00
      47.35     20.181    1487.25  0.000e+00
      47.37     20.205    1487.25  0.000e+00
      47.40     20.238    1487.25  0.000e+00
      47.37     20.263    1487.25  0.000e+00
      47.35     20.205    1487.25  0.000e+00
      47.35     20.296    1487.25  0.000e+00
      47.30     20.263    1487.25  0.000e+00
      47.30     20.263    1487.25  0.000e+00
      47.30     20.238    1487.25  0.000e+00
      47.30     20.329    1487.25  0.000e+00
      47.28     20.263    1487.25  0.000e+00
      47.23     20.296    1487.25  0.000e+00
      47.08     20.329    1487.25  0.000e+00
      47.01     20.238    1487.25  0.000e+00
      47.03     20.329    1487.25  0.000e+00
      47.03     20.263    1487.25  0.000e+00
      47.01     20.362    1487.25  0.000e+00
      47.01     20.263    1487.25  0.000e+00
      47.01     20.329    1487.25  0.000e+00
      47.01     20.296    1487.25  0.000e+00
      47.01     20.329    1487.25  0.000e+00
      47.01     20.263    1487.25  0.000e+00
      46.98     20.296    1487.24  0.000e+00
      47.01     20.329    1487.24  0.000e+00
      47.08     20.238    1487.24  0.000e+00
      47.11     20.329    1487.24  0.000e+00
      47.11     20.263    1487.24  0.000e+00
      47.11     20.296    1487.24  0.000e+00
      47.08     20.263    1487.25  0.000e+00
