test_casts/EN695_005_test.cnv
* Sea-Bird SBE 9 Data File:
* FileName = D:\ctd\raw\EN695_005.hdr
* Software Version Seasave V 7.26.7.121
* Temperature SN = 4333
* Conductivity SN = 2459
* Number of Bytes Per Scan = 40
* Number of Voltage Words = 5
* Number of Scans Averaged by the Deck Unit = 1
* NMEA Latitude = 39 46.59 N
* NMEA Longitude = 070 53.24 W
* NMEA UTC (Time) = Jan 12 2023  12:23:04
* NMEA baud rate = 4800
** Ship: R/V Endeavor
** Cruise: EN695
** Principal Investigator: Heidi Sosik
** Chief Scientist: Heidi Sosik
** Project: NES-LTER Transect 12 Winter
** Cruise Start Date: 11 Jan 2023
** Ports: Senesco Shipyard to Senesco Shipyard, North Kingstown, Rhode Island
** Station:  L11
** Bottom Depth: 1564 m
** Operator:
** cast to 500 m max depth. ~sunrise
# nquan = 4
# nvalues = 51885                                 
# units = specified
# name 0 = altM: Altimeter [m]
# name 1 = depSM: Depth [salt water, m]
# name 2 = svCM: Sound Velocity [Chen-Millero, m/s]
# name 3 = flag:  0.000e+00
# span 0 =       0.00,     100.00                 
# span 1 =      2.170,    501.637                 
# span 2 =    1484.90,    1516.07                 
# span 3 = 0.0000e+00, 0.0000e+00                 
# interval = seconds: 0.0416667
# start_time = Jan 12 2023 12:23:06 [System UTC, header]
# bad_flag = -9.990e-29
*END*
[from data line 29156]
      65.35    220.771    1505.23  0.000e+00
      99.07    220.688    1505.22  0.000e+00
     100.00    220.631    1505.21  0.000e+00
     100.00    220.688    1505.20  0.000e+00
     100.00    220.524    1505.19  0.000e+00
      97.24    220.573    1505.19  0.000e+00
      37.56    220.507    1505.20  0.000e+00
       1.83    220.400    1505.20  0.000e+00
       0.00    220.449    1505.20  0.000e+00
       0.00    220.384    1505.19  0.000e+00
       0.00    220.342    1505.18  0.000e+00
       0.27    220.260    1505.17  0.000e+00
       0.32    220.260    1505.16  0.000e+00
       0.29    220.202    1505.14  0.000e+00
       0.29    220.219    1505.14  0.000e+00
       0.29    220.079    1505.14  0.000e+00
       0.29    220.144    1505.14  0.000e+00
       0.29    220.029    1505.12  0.000e+00
       0.27    220.021    1505.12  0.000e+00
       0.27    220.021    1505.11  0.000e+00
       0.27    219.897    1505.11  0.000e+00
       0.27    219.905    1505.14  0.000e+00
       0.27    219.897    1505.19  0.000e+00
       0.27    219.831    1505.22  0.000e+00
       0.37    219.774    1505.24  0.000e+00
       0.49    219.790    1505.26  0.000e+00
       0.51    219.708    1505.28  0.000e+00
       0.51    219.708    1505.28  0.000e+00
       0.51    219.600    1505.27  0.000e+00
       6.59    219.650    1505.27  0.000e+00
      67.79    219.526    1505.26  0.000e+00
      99.71    219.526    1505.27  0.000e+00
     100.00    219.477    1505.28  0.000e+00
     100.00    219.526    1505.28  0.000e+00
     100.00    219.403    1505.28  0.000e+00
      98.02    219.345    1505.27  0.000e+00
      39.27    219.361    1505.24  0.000e+00
       2.30    219.345    1505.20  0.000e+00
       0.00    219.279    1505.20  0.000e+00
       0.00    219.238    1505.19  0.000e+00
       0.00    219.164    1505.19  0.000e+00
       0.32    219.221    1505.22  0.000e+00
       0.49    219.098    1505.23  0.000e+00
       0.54    219.114    1505.25  0.000e+00
       0.51    219.040    1505.26  0.000e+00
       0.51    219.040    1505.27  0.000e+00
       0.51    218.974    1505.27  0.000e+00
       0.51    218.933    1505.26  0.000e+00
       0.39    218.916    1505.25  0.000e+00
       0.34    218.916    1505.23  0.000e+00
       0.34    218.850    1505.19  0.000e+00
       0.34    218.809    1505.15  0.000e+00
       0.34    218.727    1505.14  0.000e+00
       0.34    218.727    1505.11  0.000e+00
       0.39    218.727    1505.09  0.000e+00
       0.42    218.620    1505.12  0.000e+00
       0.44    218.611    1505.18  0.000e+00
       0.42    218.611    1505.22  0.000e+00
       0.42    218.545    1505.24  0.000e+00
       0.44    218.504    1505.26  0.000e+00
       0.44    218.422    1505.27  0.000e+00
       0.44    218.422    1505.28  0.000e+00
       0.44    218.488    1505.29  0.000e+00
       0.44    218.257    1505.29  0.000e+00
       0.44    218.364    1505.30  0.000e+00
       6.35    218.240    1505.31  0.000e+00
      67.52    218.240    1505.31  0.000e+00
      99.63    218.191    1505.30  0.000e+00
     100.00    218.183    1505.30  0.000e+00
     100.00    218.117    1505.30  0.000e+00
     100.00    218.059    1505.29  0.000e+00
      97.05    218.010    1505.29  0.000e+00
      37.12    217.993    1505.28  0.000e+00
       1.59    217.993    1505.27  0.000e+00
       0.00    217.869    1505.27  0.000e+00
       0.00    217.886    1505.27  0.000e+00
       0.00    217.812    1505.28  0.000e+00
       0.17    217.746    1505.28  0.000e+00
       0.32    217.746    1505.29  0.000e+00
       0.37    217.705    1505.30  0.000e+00
       0.37    217.688    1505.31  0.000e+00
       0.37    217.630    1505.31  0.000e+00
       0.37    217.564    1505.30  0.000e+00
       5.18    217.523    1505.31  0.000e+00
      66.03    217.441    1505.32  0.000e+00
      99.24    217.441    1505.32  0.000e+00
     100.00    217.383    1505.32  0.000e+00
     100.00    217.383    1505.32  0.000e+00
     100.00    217.276    1505.32  0.000e+00
      95.80    217.260    1505.32  0.000e+00
      35.02    217.202    1505.32  0.000e+00
       1.05    217.136    1505.31  0.000e+00
       0.00    217.152    1505.30  0.000e+00
       0.00    217.078    1505.30  0.000e+00
       0.00    217.012    1505.29  0.000e+00
       0.17    216.955    1505.28  0.000e+00
       0.27    216.955    1505.28  0.000e+00
       0.29    216.905    1505.28  0.000e+00
       0.27    216.831    1505.29  0.000e+00
       0.27    216.707    1505.30  0.000e+00
       0.27    216.765    1505.32  0.000e+00
       0.27    216.666    1505.35  0.000e+00
       0.29    216.707    1505.38  0.000e+00
       0.29    216.526    1505.40  0.000e+00
       0.29    216.584    1505.40  0.000e+00
       0.29    216.460    1505.40  0.000e+00
       0.29    216.477    1505.40  0.000e+00
       0.29    216.402    1505.38  0.000e+00
       0.44    216.279    1505.36  0.000e+00
       0.56    216.336    1505.34  0.000e+00
       0.59    216.279    1505.32  0.000e+00
       0.56    216.172    1505.31  0.000e+00
       0.56    216.155    1505.30  0.000e+00
       0.54    216.097    1505.30  0.000e+00
       0.37    216.097    1505.31  0.000e+00
       0.29    215.990    1505.31  0.000e+00
       0.29    215.974    1505.31  0.000e+00
       0.29    215.908    1505.31  0.000e+00
       0.29    215.850    1505.31  0.000e+00
       0.29    215.850    1505.33  0.000e+00
       0.37    215.809    1505.34  0.000e+00
       0.42    215.726    1505.38  0.000e+00
       0.42    215.669    1505.41  0.000e+00
       0.42    215.669    1505.44  0.000e+00
       0.42    215.545    1505.45  0.000e+00
       0.42    215.603    1505.45  0.000e+00
       0.39    215.438    1505.43  0.000e+00
       0.39    215.479    1505.42  0.000e+00
       0.39    215.356    1505.41  0.000e+00
       0.39    215.356    1505.41  0.000e+00
       0.39    215.298    1505.40  0.000e+00
       0.39    215.257    1505.40  0.000e+00
       0.42    215.240    1505.43  0.000e+00
       0.44    215.174    1505.46  0.000e+00
       0.44    215.117    1505.48  0.000e+00
       0.44    215.117    1505.49  0.000e+00
       0.44    215.009    1505.49  0.000e+00
       0.42    214.993    1505.51  0.000e+00
       0.32    214.993    1505.51  0.000e+00
       0.27    214.869    1505.51  0.000e+00
       0.27    214.869    1505.51  0.000e+00
       0.27    214.803    1505.51  0.000e+00
       0.27    214.762    1505.51  0.000e+00
       0.27    214.746    1505.51  0.000e+00
       0.29    214.688    1505.51  0.000e+00
       0.32    214.622    1505.51  0.000e+00
       0.32    214.622    1505.54  0.000e+00
       0.32    214.581    1505.56  0.000e+00
       0.32    214.498    1505.55  0.000e+00
       0.29    214.441    1505.55  0.000e+00
       0.27    214.498    1505.58  0.000e+00
       0.27    214.375    1505.61  0.000e+00
       0.27    214.317    1505.62  0.000e+00
       0.27    214.334    1505.62  0.000e+00
       0.27    214.259    1505.63  0.000e+00
       0.27    214.259    1505.65  0.000e+00
       0.32    214.193    1505.66  0.000e+00
       0.34    214.136    1505.68  0.000e+00
       0.34    214.070    1505.68  0.000e+00
       0.34    214.086    1505.68  0.000e+00
       0.34    214.012    1505.67  0.000e+00
       0.34    214.012    1505.67  0.000e+00
       0.34    213.888    1505.67  0.000e+00
       0.37    213.946    1505.67  0.000e+00
       0.37    213.823    1505.67  0.000e+00
       0.37    213.847    1505.68  0.000e+00
       0.37    213.765    1505.69  0.000e+00
       0.37    213.765    1505.70  0.000e+00
       0.37    213.707    1505.70  0.000e+00
       0.34    213.641    1505.69  0.000e+00
       0.34    213.584    1505.70  0.000e+00
       0.34    213.583    1505.72  0.000e+00
       0.34    213.542    1505.72  0.000e+00
       0.34    213.518    1505.72  0.000e+00
       0.39    213.460    1505.73  0.000e+00
       0.44    213.394    1505.73  0.000e+00
       0.44    213.394    1505.74  0.000e+00
       0.44    213.336    1505.73  0.000e+00
       0.44    213.295    1505.70  0.000e+00
       0.44    213.279    1505.69  0.000e+00
       0.34    213.279    1505.73  0.000e+00
       0.29    213.213    1505.76  0.000e+00
       0.29    213.089    1505.77  0.000e+00
       0.32    213.155    1505.75  0.000e+00
       0.29    213.089    1505.73  0.000e+00
       0.29    212.990    1505.71  0.000e+00
       0.29    213.031    1505.74  0.000e+00
       0.29    212.965    1505.77  0.000e+00
       0.29    212.908    1505.80  0.000e+00
       0.29    212.908    1505.81  0.000e+00
       0.29    212.850    1505.82  0.000e+00
       0.32    212.784    1505.82  0.000e+00
       0.51    212.800    1505.81  0.000e+00
       0.63    212.726    1505.80  0.000e+00
       0.66    212.726    1505.80  0.000e+00
       0.66    212.660    1505.80  0.000e+00
       0.63    212.603    1505.80  0.000e+00
       0.63    212.603    1505.80  0.000e+00
       0.71    212.537    1505.80  0.000e+00
       0.73    212.537    1505.80  0.000e+00
       0.76    212.438    1505.79  0.000e+00
       0.73    212.479    1505.79  0.000e+00
       0.73    212.413    1505.78  0.000e+00
       0.73    212.355    1505.77  0.000e+00
       0.46    212.355    1505.77  0.000e+00
       0.34    212.232    1505.77  0.000e+00
       0.32    212.298    1505.77  0.000e+00
       0.34    212.191    1505.78  0.000e+00
       0.34    212.232    1505.78  0.000e+00
       0.34    212.108    1505.78  0.000e+00
       0.34    212.174    1505.78  0.000e+00
       0.37    212.050    1505.78  0.000e+00
       0.37    212.050    1505.78  0.000e+00
       0.37    211.984    1505.78  0.000e+00
       0.37    211.984    1505.78  0.000e+00
       0.37    211.943    1505.79  0.000e+00
       0.32    211.869    1505.80  0.000e+00
       0.32    211.869    1505.82  0.000e+00
       0.32    211.803    1505.83  0.000e+00
       0.32    211.803    1505.86  0.000e+00
       0.32    211.745    1505.88  0.000e+00
       0.32    211.745    1505.90  0.000e+00
       0.39    211.679    1505.91  0.000e+00
       0.44    211.622    1505.92  0.000e+00
       0.44    211.581    1505.92  0.000e+00
       0.44    211.556    1505.92  0.000e+00
       0.44    211.556    1505.93  0.000e+00
       0.44    211.432    1505.94  0.000e+00
       0.49    211.498    1505.94  0.000e+00
       0.54    211.375    1505.93  0.000e+00
       0.54    211.375    1505.93  0.000e+00
       0.54    211.317    1505.94  0.000e+00
       0.54    211.251    1505.94  0.000e+00
       0.51    211.276    1505.96  0.000e+00
       0.44    211.251    1505.97  0.000e+00
       0.42    211.127    1505.97  0.000e+00
       0.42    211.127    1505.97  0.000e+00
       0.42    211.127    1505.97  0.000e+00
       0.42    211.004    1505.97  0.000e+00
       0.42    211.004    1505.98  0.000e+00
       0.34    210.946    1505.98  0.000e+00
       0.32    210.888    1505.98  0.000e+00
       0.32    210.905    1505.99  0.000e+00
       0.34    210.822    1505.99  0.000e+00
       0.34    210.822    1505.99  0.000e+00
       0.32    210.699    1505.99  0.000e+00
       0.32    210.765    1505.99  0.000e+00
       0.32    210.641    1505.99  0.000e+00
       0.32    210.575    1505.98  0.000e+00
       0.32    210.575    1505.98  0.000e+00
       0.32    210.517    1505.98  0.000e+00
       0.32    210.460    1505.99  0.000e+00
       0.54    210.476    1505.98  0.000e+00
       0.71    210.394    1505.97  0.000e+00
       0.73    210.336    1505.96  0.000e+00
       0.71    210.270    1505.94  0.000e+00
       0.71    210.212    1505.93  0.000e+00
       6.32    210.212    1505.93  0.000e+00
      67.25    210.147    1505.93  0.000e+00
      99.56    210.146    1505.92  0.000e+00
     100.00    209.965    1505.92  0.000e+00
     100.00    210.023    1505.93  0.000e+00
     100.00    209.965    1505.95  0.000e+00
      96.87    209.908    1505.97  0.000e+00
      36.85    209.800    1505.97  0.000e+00
       1.56    209.842    1505.96  0.000e+00
       0.00    209.718    1505.95  0.000e+00
       0.00    209.718    1505.94  0.000e+00
       0.00    209.660    1505.94  0.000e+00
       0.22    209.537    1505.95  0.000e+00
       0.32    209.594    1505.95  0.000e+00
       0.34    209.537    1505.95  0.000e+00
       0.34    209.413    1505.96  0.000e+00
       0.32    209.413    1505.98  0.000e+00
       0.32    209.289    1505.99  0.000e+00
       0.32    209.355    1506.00  0.000e+00
       0.27    209.232    1506.00  0.000e+00
       0.27    209.191    1506.00  0.000e+00
       0.24    209.166    1506.00  0.000e+00
       0.27    209.108    1506.00  0.000e+00
       0.27    209.042    1505.99  0.000e+00
       0.27    208.985    1505.99  0.000e+00
       0.29    208.985    1506.00  0.000e+00
       0.32    208.861    1506.01  0.000e+00
       0.32    208.927    1506.02  0.000e+00
       0.32    208.803    1506.03  0.000e+00
       0.32    208.737    1506.04  0.000e+00
       0.32    208.737    1506.05  0.000e+00
       0.32    208.680    1506.06  0.000e+00
       0.32    208.556    1506.06  0.000e+00
       0.29    208.556    1506.07  0.000e+00
       0.32    208.556    1506.07  0.000e+00
       0.29    208.432    1506.07  0.000e+00
       0.32    208.432    1506.07  0.000e+00
       0.32    208.391    1506.06  0.000e+00
       0.32    208.309    1506.06  0.000e+00
       0.32    208.309    1506.07  0.000e+00
       0.32    208.251    1506.08  0.000e+00
       0.32    208.185    1506.08  0.000e+00
       0.32    208.185    1506.08  0.000e+00
       0.61    208.070    1506.08  0.000e+00
       0.83    208.070    1506.08  0.000e+00
       0.88    208.004    1506.08  0.000e+00
       0.85    208.004    1506.07  0.000e+00
       0.85    207.946    1506.07  0.000e+00
       0.83    207.880    1506.07  0.000e+00
       0.46    207.880    1506.06  0.000e+00
       0.32    207.823    1506.06  0.000e+00
       0.29    207.757    1506.05  0.000e+00
       0.29    207.757    1506.05  0.000e+00
       0.32    207.699    1506.05  0.000e+00
       0.32    207.633    1506.04  0.000e+00
       0.51    207.633    1506.03  0.000e+00
       0.63    207.575    1506.02  0.000e+00
       0.66    207.575    1506.01  0.000e+00
       0.66    207.452    1506.00  0.000e+00
       0.66    207.518    1505.99  0.000e+00
       0.63    207.419    1505.99  0.000e+00
       0.39    207.394    1506.00  0.000e+00
       0.27    207.394    1506.00  0.000e+00
       0.27    207.328    1505.99  0.000e+00
       0.27    207.270    1506.00  0.000e+00
       0.27    207.270    1506.00  0.000e+00
       0.27    207.204    1505.99  0.000e+00
       0.29    207.204    1505.98  0.000e+00
       0.32    207.147    1505.98  0.000e+00
       0.32    207.147    1505.96  0.000e+00
       0.32    207.089    1505.93  0.000e+00
       0.32    207.023    1505.91  0.000e+00
       4.08    207.023    1505.90  0.000e+00
      64.42    207.023    1505.90  0.000e+00
      98.85    206.965    1505.90  0.000e+00
     100.00    206.965    1505.93  0.000e+00
     100.00    206.900    1505.95  0.000e+00
     100.00    206.842    1505.99  0.000e+00
      95.75    206.899    1506.02  0.000e+00
      35.02    206.842    1506.03  0.000e+00
       1.17    206.776    1506.05  0.000e+00
       0.00    206.718    1506.06  0.000e+00
       0.00    206.776    1506.05  0.000e+00
       0.00    206.718    1506.03  0.000e+00
       0.24    206.595    1505.97  0.000e+00
       0.29    206.718    1505.94  0.000e+00
       0.27    206.595    1505.95  0.000e+00
       0.27    206.595    1505.99  0.000e+00
       0.27    206.537    1506.03  0.000e+00
       0.27    206.471    1506.06  0.000e+00
       6.86    206.537    1506.07  0.000e+00
      68.47    206.413    1506.08  0.000e+00
      99.90    206.471    1506.09  0.000e+00
     100.00    206.413    1506.09  0.000e+00
     100.00    206.347    1506.09  0.000e+00
     100.00    206.347    1506.09  0.000e+00
      96.63    206.290    1506.09  0.000e+00
      36.58    206.290    1506.10  0.000e+00
