test_casts/EN695_010_test.cnv
* Sea-Bird SBE 9 Data File:
* FileName = D:\ctd\raw\EN695_010.hdr
* Software Version Seasave V 7.26.7.121
* Temperature SN = 4333
* Conductivity SN = 2459
* Number of Bytes Per Scan = 40
* Number of Voltage Words = 5
* Number of Scans Averaged by the Deck Unit = 1
* NMEA Latitude = 40 51.76 N
* NMEA Longitude = 070 52.98 W
* NMEA UTC (Time) = Jan 13 2023  07:06:07
* NMEA baud rate = 4800
** Ship: R/V Endeavor
** Cruise: EN695
** Principal Investigator: Heidi Sosik
** Chief Scientist: Heidi Sosik
** Project: NES-LTER Transect 12 Winter
** Cruise Start Date: 11 Jan 2023
** Ports: Senesco Shipyard to Senesco Shipyard, North Kingstown, Rhode Island
** Station:  L3
** Bottom Depth: 55m
** Operator:  tc
# nquan = 4
# nvalues = 15186                                 
# units = specified
# name 0 = altM: Altimeter [m]
# name 1 = depSM: Depth [salt water, m]
# name 2 = svCM: Sound Velocity [Chen-Millero, m/s]
# name 3 = flag:  0.000e+00
# span 0 =       3.49,      52.58                 
# span 1 =      4.188,     51.423                 
# span 2 =    1485.60,    1486.33                 
# span 3 = 0.0000e+00, 0.0000e+00                 
# interval = seconds: 0.0416667
# start_time = Jan 13 2023 07:06:10 [System UTC, header]
# bad_flag = -9.990e-29
*END*
[from data line 13867]
      50.96      5.731    1485.62  0.000e+00
      51.11      5.682    1485.62  0.000e+00
      51.14      5.747    1485.62  0.000e+00
      51.11      5.747    1485.62  0.000e+00
      51.09      5.747    1485.62  0.000e+00
      51.18      5.747    1485.62  0.000e+00
      51.40      5.682    1485.62  0.000e+00
      51.50      5.805    1485.62  0.000e+00
      51.50      5.748    1485.62  0.000e+00
      51.50      5.748    1485.62  0.000e+00
      51.48      5.682    1485.62  0.000e+00
      51.55      5.805    1485.62  0.000e+00
      51.60      5.731    1485.62  0.000e+00
      51.62      5.747    1485.62  0.000e+00
      51.62      5.805    1485.62  0.000e+00
      51.60      5.682    1485.62  0.000e+00
      51.60      5.747    1485.62  0.000e+00
      51.53      5.747    1485.62  0.000e+00
      51.48      5.805    1485.62  0.000e+00
      51.48      5.682    1485.62  0.000e+00
      51.48      5.747    1485.62  0.000e+00
      51.45      5.747    1485.62  0.000e+00
      51.45      5.682    1485.62  0.000e+00
      51.43      5.747    1485.62  0.000e+00
      51.40      5.665    1485.62  0.000e+00
      51.38      5.682    1485.62  0.000e+00
      51.38      5.682    1485.62  0.000e+00
      51.38      5.682    1485.62  0.000e+00
      51.36      5.682    1485.62  0.000e+00
      51.36      5.682    1485.62  0.000e+00
      51.18      5.624    1485.62  0.000e+00
      51.11      5.682    1485.62  0.000e+00
      51.11      5.624    1485.62  0.000e+00
      51.09      5.624    1485.62  0.000e+00
      51.09      5.624    1485.62  0.000e+00
      51.11      5.624    1485.62  0.000e+00
      51.14      5.558    1485.62  0.000e+00
      51.14      5.665    1485.62  0.000e+00
      51.14      5.501    1485.62  0.000e+00
      51.14      5.624    1485.62  0.000e+00
      51.11      5.558    1485.62  0.000e+00
      51.06      5.558    1485.62  0.000e+00
      51.01      5.558    1485.62  0.000e+00
      51.01      5.501    1485.62  0.000e+00
      51.01      5.558    1485.62  0.000e+00
      51.01      5.501    1485.62  0.000e+00
      50.99      5.558    1485.62  0.000e+00
      51.06      5.501    1485.62  0.000e+00
      51.09      5.443    1485.62  0.000e+00
      51.11      5.501    1485.62  0.000e+00
      51.11      5.484    1485.62  0.000e+00
      51.11      5.443    1485.62  0.000e+00
      51.09      5.501    1485.62  0.000e+00
      51.18      5.378    1485.62  0.000e+00
      51.33      5.501    1485.62  0.000e+00
      51.38      5.443    1485.62  0.000e+00
      51.38      5.378    1485.62  0.000e+00
      51.38      5.443    1485.62  0.000e+00
      51.36      5.378    1485.62  0.000e+00
      51.26      5.443    1485.62  0.000e+00
      51.09      5.378    1485.62  0.000e+00
      51.06      5.378    1485.62  0.000e+00
      51.04      5.320    1485.62  0.000e+00
      51.04      5.378    1485.62  0.000e+00
      51.04      5.304    1485.61  0.000e+00
      50.96      5.320    1485.62  0.000e+00
      50.89      5.320    1485.61  0.000e+00
      50.87      5.254    1485.61  0.000e+00
      50.87      5.320    1485.62  0.000e+00
      50.87      5.254    1485.61  0.000e+00
      50.87      5.254    1485.61  0.000e+00
      50.82      5.254    1485.61  0.000e+00
      50.79      5.254    1485.61  0.000e+00
      50.79      5.197    1485.61  0.000e+00
      50.82      5.254    1485.61  0.000e+00
      50.79      5.197    1485.61  0.000e+00
      50.79      5.197    1485.61  0.000e+00
      50.84      5.197    1485.61  0.000e+00
      50.89      5.123    1485.61  0.000e+00
      50.92      5.197    1485.61  0.000e+00
      50.89      5.139    1485.61  0.000e+00
      50.89      5.139    1485.61  0.000e+00
      50.89      5.139    1485.61  0.000e+00
      50.79      5.073    1485.61  0.000e+00
      50.74      5.139    1485.61  0.000e+00
      50.74      5.073    1485.61  0.000e+00
      50.74      5.073    1485.61  0.000e+00
      50.72      5.073    1485.61  0.000e+00
      50.72      5.073    1485.61  0.000e+00
      50.72      5.073    1485.61  0.000e+00
      50.70      5.016    1485.61  0.000e+00
      50.72      5.073    1485.61  0.000e+00
      50.72      5.057    1485.61  0.000e+00
      50.70      5.016    1485.61  0.000e+00
      50.70      5.016    1485.61  0.000e+00
      50.70      5.073    1485.61  0.000e+00
      50.70      5.016    1485.61  0.000e+00
      50.70      5.073    1485.61  0.000e+00
      50.70      5.016    1485.61  0.000e+00
      50.70      5.073    1485.61  0.000e+00
      50.70      5.016    1485.61  0.000e+00
      50.72      5.073    1485.61  0.000e+00
      50.72      5.073    1485.61  0.000e+00
      50.72      5.016    1485.61  0.000e+00
      50.70      5.139    1485.61  0.000e+00
      50.70      5.073    1485.61  0.000e+00
      50.70      5.073    1485.61  0.000e+00
      50.67      5.123    1485.61  0.000e+00
      50.65      5.073    1485.61  0.000e+00
      50.62      5.139    1485.61  0.000e+00
      50.65      5.139    1485.61  0.000e+00
      50.62      5.139    1485.61  0.000e+00
      50.62      5.197    1485.61  0.000e+00
      50.60      5.197    1485.61  0.000e+00
      50.57      5.197    1485.61  0.000e+00
      50.57      5.197    1485.61  0.000e+00
      50.57      5.197    1485.61  0.000e+00
      50.57      5.254    1485.61  0.000e+00
      50.55      5.254    1485.61  0.000e+00
      50.57      5.320    1485.61  0.000e+00
      50.57      5.254    1485.61  0.000e+00
      50.55      5.254    1485.61  0.000e+00
      50.57      5.361    1485.62  0.000e+00
      50.55      5.320    1485.62  0.000e+00
      50.55      5.378    1485.62  0.000e+00
      50.60      5.378    1485.62  0.000e+00
      50.67      5.378    1485.62  0.000e+00
      50.67      5.378    1485.62  0.000e+00
      50.67      5.443    1485.62  0.000e+00
      50.67      5.378    1485.62  0.000e+00
      50.65      5.501    1485.62  0.000e+00
      50.60      5.443    1485.62  0.000e+00
      50.53      5.443    1485.62  0.000e+00
      50.50      5.501    1485.62  0.000e+00
      50.50      5.501    1485.62  0.000e+00
      50.53      5.542    1485.62  0.000e+00
      50.50      5.443    1485.62  0.000e+00
      50.55      5.558    1485.62  0.000e+00
      50.60      5.558    1485.62  0.000e+00
      50.60      5.501    1485.62  0.000e+00
      50.57      5.624    1485.62  0.000e+00
      50.57      5.558    1485.62  0.000e+00
      50.57      5.558    1485.62  0.000e+00
      50.65      5.558    1485.62  0.000e+00
      50.72      5.558    1485.62  0.000e+00
      50.72      5.682    1485.62  0.000e+00
      50.74      5.558    1485.62  0.000e+00
      50.72      5.558    1485.62  0.000e+00
      50.72      5.665    1485.62  0.000e+00
      50.87      5.624    1485.62  0.000e+00
      51.01      5.624    1485.62  0.000e+00
      51.04      5.624    1485.62  0.000e+00
      51.06      5.558    1485.62  0.000e+00
      51.04      5.682    1485.62  0.000e+00
      51.01      5.624    1485.62  0.000e+00
      50.89      5.624    1485.62  0.000e+00
      50.74      5.624    1485.62  0.000e+00
      50.72      5.558    1485.62  0.000e+00
      50.72      5.624    1485.62  0.000e+00
      50.72      5.624    1485.62  0.000e+00
      50.72      5.624    1485.62  0.000e+00
      50.65      5.608    1485.62  0.000e+00
      50.60      5.558    1485.62  0.000e+00
      50.60      5.624    1485.62  0.000e+00
      50.60      5.624    1485.62  0.000e+00
      50.57      5.558    1485.62  0.000e+00
      50.57      5.558    1485.62  0.000e+00
      50.60      5.624    1485.62  0.000e+00
      50.60      5.558    1485.61  0.000e+00
      50.60      5.558    1485.61  0.000e+00
      50.60      5.558    1485.62  0.000e+00
      50.60      5.558    1485.62  0.000e+00
      50.60      5.501    1485.61  0.000e+00
      50.50      5.558    1485.61  0.000e+00
      50.43      5.484    1485.61  0.000e+00
      50.40      5.558    1485.61  0.000e+00
      50.40      5.501    1485.61  0.000e+00
      50.40      5.558    1485.62  0.000e+00
      50.38      5.501    1485.62  0.000e+00
      50.48      5.501    1485.62  0.000e+00
      50.57      5.501    1485.62  0.000e+00
      50.57      5.501    1485.62  0.000e+00
      50.57      5.501    1485.61  0.000e+00
      50.57      5.501    1485.61  0.000e+00
      50.55      5.443    1485.61  0.000e+00
      50.50      5.501    1485.61  0.000e+00
      50.45      5.501    1485.61  0.000e+00
      50.43      5.484    1485.61  0.000e+00
      50.45      5.501    1485.61  0.000e+00
      50.43      5.501    1485.61  0.000e+00
      50.43      5.443    1485.61  0.000e+00
      50.48      5.501    1485.61  0.000e+00
      50.53      5.501    1485.61  0.000e+00
      50.53      5.501    1485.61  0.000e+00
      50.53      5.501    1485.61  0.000e+00
      50.50      5.558    1485.61  0.000e+00
      50.50      5.501    1485.61  0.000e+00
      50.50      5.501    1485.61  0.000e+00
      50.50      5.558    1485.61  0.000e+00
      50.50      5.501    1485.61  0.000e+00
      50.50      5.542    1485.61  0.000e+00
      50.50      5.558    1485.61  0.000e+00
      50.50      5.501    1485.61  0.000e+00
      50.48      5.624    1485.62  0.000e+00
      50.48      5.558    1485.61  0.000e+00
      50.48      5.558    1485.61  0.000e+00
      50.48      5.558    1485.61  0.000e+00
      50.48      5.624    1485.61  0.000e+00
      50.45      5.624    1485.61  0.000e+00
      50.50      5.624    1485.61  0.000e+00
      50.53      5.624    1485.61  0.000e+00
      50.55      5.624    1485.61  0.000e+00
      50.55      5.681    1485.62  0.000e+00
      50.53      5.665    1485.61  0.000e+00
      50.53      5.624    1485.61  0.000e+00
      50.57      5.681    1485.61  0.000e+00
      50.67      5.624    1485.61  0.000e+00
      50.72      5.681    1485.61  0.000e+00
      50.72      5.681    1485.61  0.000e+00
      50.70      5.681    1485.62  0.000e+00
      50.70      5.747    1485.62  0.000e+00
      50.67      5.682    1485.62  0.000e+00
      50.70      5.681    1485.62  0.000e+00
      50.70      5.681    1485.62  0.000e+00
      50.67      5.747    1485.62  0.000e+00
      50.70      5.665    1485.62  0.000e+00
      50.65      5.747    1485.62  0.000e+00
      50.67      5.624    1485.62  0.000e+00
      50.67      5.681    1485.62  0.000e+00
      50.70      5.747    1485.62  0.000e+00
      50.70      5.747    1485.62  0.000e+00
      50.67      5.624    1485.62  0.000e+00
      50.67      5.681    1485.62  0.000e+00
      50.62      5.681    1485.62  0.000e+00
      50.62      5.624    1485.62  0.000e+00
      50.60      5.681    1485.62  0.000e+00
      50.62      5.681    1485.62  0.000e+00
      50.60      5.624    1485.62  0.000e+00
      50.57      5.608    1485.62  0.000e+00
      50.65      5.624    1485.62  0.000e+00
      50.70      5.624    1485.62  0.000e+00
      50.72      5.558    1485.62  0.000e+00
      50.72      5.558    1485.61  0.000e+00
      50.72      5.558    1485.61  0.000e+00
      50.70      5.624    1485.62  0.000e+00
      50.74      5.501    1485.61  0.000e+00
      50.77      5.501    1485.61  0.000e+00
      50.77      5.501    1485.61  0.000e+00
      50.77      5.501    1485.61  0.000e+00
      50.77      5.501    1485.61  0.000e+00
      50.74      5.443    1485.61  0.000e+00
      50.74      5.427    1485.61  0.000e+00
      50.77      5.443    1485.61  0.000e+00
      50.77      5.377    1485.61  0.000e+00
      50.77      5.443    1485.61  0.000e+00
      50.77      5.320    1485.61  0.000e+00
      50.74      5.377    1485.61  0.000e+00
      50.82      5.320    1485.61  0.000e+00
      50.84      5.254    1485.61  0.000e+00
      50.84      5.320    1485.61  0.000e+00
      50.87      5.197    1485.61  0.000e+00
      50.84      5.254    1485.61  0.000e+00
      50.84      5.197    1485.61  0.000e+00
      50.82      5.197    1485.61  0.000e+00
      50.84      5.139    1485.61  0.000e+00
      50.84      5.123    1485.61  0.000e+00
      50.82      5.139    1485.61  0.000e+00
      50.82      5.073    1485.61  0.000e+00
      50.82      5.073    1485.61  0.000e+00
      50.84      5.016    1485.61  0.000e+00
      50.87      5.016    1485.61  0.000e+00
      50.87      5.016    1485.61  0.000e+00
      50.87      5.016    1485.61  0.000e+00
      50.84      4.950    1485.61  0.000e+00
      50.84      4.892    1485.61  0.000e+00
      50.87      4.950    1485.61  0.000e+00
      50.89      4.892    1485.61  0.000e+00
      50.89      4.892    1485.61  0.000e+00
      50.89      4.835    1485.61  0.000e+00
      50.87      4.892    1485.61  0.000e+00
      50.87      4.819    1485.61  0.000e+00
      50.87      4.893    1485.61  0.000e+00
      50.87      4.835    1485.60  0.000e+00
      50.87      4.769    1485.60  0.000e+00
      50.87      4.835    1485.61  0.000e+00
      50.87      4.769    1485.60  0.000e+00
      50.84      4.835    1485.60  0.000e+00
      50.84      4.769    1485.60  0.000e+00
      50.82      4.835    1485.61  0.000e+00
      50.79      4.835    1485.60  0.000e+00
      50.79      4.769    1485.60  0.000e+00
      50.79      4.835    1485.61  0.000e+00
      50.79      4.835    1485.61  0.000e+00
      50.82      4.835    1485.61  0.000e+00
      50.87      4.835    1485.61  0.000e+00
      50.87      4.893    1485.61  0.000e+00
      50.87      4.876    1485.61  0.000e+00
      50.87      4.893    1485.61  0.000e+00
      50.84      4.893    1485.61  0.000e+00
      50.79      5.016    1485.61  0.000e+00
      50.70      4.893    1485.61  0.000e+00
      50.70      4.950    1485.61  0.000e+00
      50.70      5.016    1485.61  0.000e+00
      50.70      5.016    1485.61  0.000e+00
      50.70      5.016    1485.61  0.000e+00
      50.74      5.016    1485.61  0.000e+00
      50.79      5.073    1485.61  0.000e+00
      50.82      5.073    1485.61  0.000e+00
      50.79      5.139    1485.61  0.000e+00
      50.79      5.139    1485.61  0.000e+00
      50.77      5.197    1485.61  0.000e+00
      50.74      5.180    1485.61  0.000e+00
      50.70      5.197    1485.61  0.000e+00
      50.70      5.254    1485.61  0.000e+00
      50.70      5.254    1485.61  0.000e+00
      50.70      5.320    1485.61  0.000e+00
      50.67      5.320    1485.61  0.000e+00
      50.74      5.378    1485.61  0.000e+00
      50.82      5.443    1485.61  0.000e+00
      50.84      5.443    1485.61  0.000e+00
      50.84      5.558    1485.62  0.000e+00
      50.84      5.682    1485.62  0.000e+00
      50.82      5.747    1485.62  0.000e+00
      50.96      5.682    1485.62  0.000e+00
      51.14      5.608    1485.62  0.000e+00
      51.14      5.747    1485.62  0.000e+00
      51.16      5.501    1485.62  0.000e+00
      51.14      5.624    1485.62  0.000e+00
      51.11      5.682    1485.62  0.000e+00
      51.09      5.805    1485.62  0.000e+00
      51.04      5.871    1485.62  0.000e+00
      51.04      5.871    1485.62  0.000e+00
      51.04      5.986    1485.62  0.000e+00
      51.04      5.871    1485.62  0.000e+00
      51.01      5.871    1485.62  0.000e+00
      50.87      5.805    1485.62  0.000e+00
      50.72      5.871    1485.62  0.000e+00
      50.67      5.854    1485.62  0.000e+00
      50.70      5.928    1485.62  0.000e+00
      50.67      5.986    1485.62  0.000e+00
      50.67      5.986    1485.62  0.000e+00
      50.70      5.928    1485.62  0.000e+00
      50.72      5.928    1485.62  0.000e+00
      50.72      5.871    1485.62  0.000e+00
      50.72      5.805    1485.62  0.000e+00
      50.72      5.928    1485.62  0.000e+00
      50.70      5.928    1485.62  0.000e+00
      50.67      5.871    1485.62  0.000e+00
      50.62      5.805    1485.62  0.000e+00
      50.62      5.969    1485.62  0.000e+00
      50.62      5.871    1485.62  0.000e+00
      50.60      5.805    1485.62  0.000e+00
      50.62      5.871    1485.62  0.000e+00
      50.57      5.747    1485.62  0.000e+00
      50.53      5.805    1485.62  0.000e+00
