test_casts/EN695_008_test_clipped.cnv
* Sea-Bird SBE 9 Data File:
* FileName = D:\ctd\raw\EN695_008.hdr
* Software Version Seasave V 7.26.7.121
* Temperature SN = 4333
* Conductivity SN = 2459
* Number of Bytes Per Scan = 40
* Number of Voltage Words = 5
* Number of Scans Averaged by the Deck Unit = 1
* NMEA Latitude = 40 30.85 N
* NMEA Longitude = 070 53.19 W
* NMEA UTC (Time) = Jan 13 2023  01:56:19
* NMEA baud rate = 4800
** Ship: R/V Endeavor
** Cruise: EN695
** Principal Investigator: Heidi Sosik
** Chief Scientist: Heidi Sosik
** Project: NES-LTER Transect 12 Winter
** Cruise Start Date: 11 Jan 2023
** Ports: Senesco Shipyard to Senesco Shipyard, North Kingstown, Rhode Island
** Station:  L5
** Bottom Depth: 76m
** Operator:  tc
# nquan = 4
# nvalues = 20189                                 
# units = specified
# name 0 = altM: Altimeter [m]
# name 1 = depSM: Depth [salt water, m]
# name 2 = svCM: Sound Velocity [Chen-Millero, m/s]
# name 3 = flag:  0.000e+00
# span 0 =       0.00,     100.00                 
# span 1 =      3.588,     71.113                 
# span 2 =    1485.59,    1498.40                 
# span 3 = 0.0000e+00, 0.0000e+00                 
# interval = seconds: 0.0416667
# start_time = Jan 13 2023 01:56:22 [System UTC, header]
# bad_flag = -9.990e-29
*END*
[from data line 1067]
      57.83     20.380    1486.08  0.000e+00
      57.95     20.323    1486.08  0.000e+00
      58.00     20.356    1486.08  0.000e+00
      57.97     20.380    1486.08  0.000e+00
      57.97     20.413    1486.08  0.000e+00
      57.97     20.380    1486.08  0.000e+00
      58.07     20.380    1486.08  0.000e+00
      58.44     20.479    1486.08  0.000e+00
      58.61     20.380    1486.08  0.000e+00
      58.63     20.446    1486.08  0.000e+00
      58.61     20.479    1486.08  0.000e+00
      58.58     20.446    1486.08  0.000e+00
      58.49     20.413    1486.08  0.000e+00
      58.10     20.504    1486.08  0.000e+00
      57.95     20.446    1486.08  0.000e+00
      57.95     20.479    1486.08  0.000e+00
      57.95     20.504    1486.08  0.000e+00
      57.95     20.446    1486.08  0.000e+00
      57.92     20.537    1486.08  0.000e+00
      57.80     20.446    1486.08  0.000e+00
      57.78     20.504    1486.08  0.000e+00
      57.78     20.479    1486.08  0.000e+00
      57.78     20.446    1486.07  0.000e+00
      57.75     20.479    1486.07  0.000e+00
      57.80     20.504    1486.07  0.000e+00
      57.95     20.446    1486.07  0.000e+00
      58.00     20.479    1486.08  0.000e+00
      58.00     20.446    1486.09  0.000e+00
      58.00     20.446    1486.10  0.000e+00
      57.97     20.413    1486.10  0.000e+00
      57.88     20.446    1486.10  0.000e+00
      57.63     20.413    1486.09  0.000e+00
      57.56     20.446    1486.08  0.000e+00
      57.53     20.380    1486.08  0.000e+00
      57.56     20.413    1486.09  0.000e+00
      57.53     20.323    1486.09  0.000e+00
      57.53     20.380    1486.09  0.000e+00
      57.56     20.356    1486.09  0.000e+00
      57.56     20.323    1486.09  0.000e+00
      57.56     20.356    1486.09  0.000e+00
      57.56     20.257    1486.09  0.000e+00
      57.56     20.323    1486.08  0.000e+00
      57.56     20.232    1486.05  0.000e+00
      57.53     20.257    1486.05  0.000e+00
      57.56     20.200    1486.06  0.000e+00
      57.56     20.232    1486.07  0.000e+00
      57.56     20.200    1486.08  0.000e+00
      57.53     20.200    1486.08  0.000e+00
      57.56     20.175    1486.08  0.000e+00
      57.61     20.200    1486.07  0.000e+00
      57.63     20.052    1486.06  0.000e+00
      57.61     20.134    1486.06  0.000e+00
      57.61     20.076    1486.05  0.000e+00
      57.58     20.052    1486.04  0.000e+00
      57.61     20.076    1486.04  0.000e+00
      57.70     20.076    1486.04  0.000e+00
      57.73     19.986    1486.04  0.000e+00
      57.73     20.019    1486.02  0.000e+00
      57.73     19.953    1486.01  0.000e+00
      57.70     19.986    1486.00  0.000e+00
      57.73     20.019    1485.99  0.000e+00
      57.80     19.928    1485.99  0.000e+00
      57.80     19.953    1485.99  0.000e+00
      57.83     19.953    1485.98  0.000e+00
      57.80     19.928    1485.97  0.000e+00
      57.78     19.895    1485.98  0.000e+00
      57.78     19.895    1485.98  0.000e+00
      57.80     19.928    1485.98  0.000e+00
      57.80     19.830    1485.97  0.000e+00
      57.80     19.895    1485.97  0.000e+00
      57.80     19.871    1485.97  0.000e+00
      57.78     19.895    1485.97  0.000e+00
      57.80     19.830    1485.98  0.000e+00
      57.85     19.871    1485.97  0.000e+00
      57.90     19.895    1485.97  0.000e+00
      57.88     19.805    1485.96  0.000e+00
      57.88     19.895    1485.96  0.000e+00
      57.85     19.830    1485.97  0.000e+00
      57.97     19.805    1485.97  0.000e+00
      58.07     19.895    1485.98  0.000e+00
      58.12     19.830    1485.99  0.000e+00
      58.12     19.871    1486.00  0.000e+00
      58.12     19.830    1486.02  0.000e+00
      58.10     19.895    1486.03  0.000e+00
      58.07     19.805    1486.04  0.000e+00
      57.95     19.895    1486.06  0.000e+00
      57.92     19.772    1486.06  0.000e+00
      57.92     19.986    1486.07  0.000e+00
      57.92     19.830    1486.08  0.000e+00
      57.92     19.871    1486.08  0.000e+00
      57.92     19.895    1486.06  0.000e+00
      57.97     19.895    1486.05  0.000e+00
      58.00     19.928    1486.04  0.000e+00
      58.00     19.895    1486.04  0.000e+00
      58.00     19.895    1486.04  0.000e+00
      57.97     19.928    1486.02  0.000e+00
      58.02     19.895    1486.00  0.000e+00
      58.12     19.953    1485.98  0.000e+00
      58.17     19.986    1485.97  0.000e+00
      58.17     19.895    1486.00  0.000e+00
      58.17     19.986    1486.06  0.000e+00
      58.14     19.953    1486.11  0.000e+00
      58.10     20.019    1486.15  0.000e+00
      57.97     19.986    1486.17  0.000e+00
      57.95     20.019    1486.19  0.000e+00
      57.95     19.953    1486.19  0.000e+00
      57.95     20.051    1486.19  0.000e+00
      57.92     20.019    1486.19  0.000e+00
      57.95     20.076    1486.19  0.000e+00
      58.05     19.986    1486.19  0.000e+00
      58.10     20.076    1486.19  0.000e+00
      58.10     20.109    1486.19  0.000e+00
      58.10     20.019    1486.18  0.000e+00
      58.07     20.134    1486.18  0.000e+00
      58.10     20.109    1486.18  0.000e+00
      58.17     20.076    1486.17  0.000e+00
      58.19     20.134    1486.17  0.000e+00
      58.22     20.109    1486.16  0.000e+00
      58.19     20.134    1486.15  0.000e+00
      58.19     20.134    1486.15  0.000e+00
      58.17     20.175    1486.15  0.000e+00
      58.14     20.199    1486.15  0.000e+00
      58.14     20.175    1486.15  0.000e+00
      58.14     20.199    1486.14  0.000e+00
      58.14     20.199    1486.14  0.000e+00
      58.12     20.232    1486.13  0.000e+00
      58.12     20.199    1486.12  0.000e+00
      58.10     20.257    1486.13  0.000e+00
      58.10     20.290    1486.14  0.000e+00
      58.10     20.257    1486.15  0.000e+00
      58.10     20.257    1486.16  0.000e+00
      58.07     20.290    1486.16  0.000e+00
      58.07     20.323    1486.17  0.000e+00
      58.14     20.290    1486.17  0.000e+00
      58.17     20.323    1486.18  0.000e+00
      58.17     20.323    1486.18  0.000e+00
      58.17     20.356    1486.19  0.000e+00
      58.14     20.323    1486.18  0.000e+00
      58.17     20.380    1486.19  0.000e+00
      58.32     20.356    1486.19  0.000e+00
      58.34     20.380    1486.18  0.000e+00
      58.36     20.413    1486.18  0.000e+00
      58.36     20.380    1486.17  0.000e+00
      58.34     20.446    1486.17  0.000e+00
      58.29     20.413    1486.17  0.000e+00
      58.12     20.380    1486.17  0.000e+00
      58.07     20.380    1486.17  0.000e+00
      58.07     20.413    1486.17  0.000e+00
      58.07     20.446    1486.17  0.000e+00
      58.05     20.380    1486.17  0.000e+00
      57.97     20.413    1486.17  0.000e+00
      57.70     20.380    1486.17  0.000e+00
      57.61     20.413    1486.17  0.000e+00
      57.63     20.380    1486.17  0.000e+00
      57.63     20.380    1486.17  0.000e+00
      57.61     20.356    1486.17  0.000e+00
      57.63     20.323    1486.17  0.000e+00
      57.73     20.380    1486.18  0.000e+00
      57.78     20.356    1486.18  0.000e+00
      57.75     20.323    1486.18  0.000e+00
      57.78     20.290    1486.17  0.000e+00
      57.75     20.323    1486.17  0.000e+00
      57.73     20.257    1486.17  0.000e+00
      57.73     20.232    1486.17  0.000e+00
      57.73     20.199    1486.17  0.000e+00
      57.73     20.199    1486.17  0.000e+00
      57.73     20.232    1486.18  0.000e+00
      57.70     20.199    1486.17  0.000e+00
      57.73     20.134    1486.17  0.000e+00
      57.80     20.109    1486.17  0.000e+00
      57.83     20.134    1486.16  0.000e+00
      57.83     20.051    1486.15  0.000e+00
      57.83     20.076    1486.15  0.000e+00
      57.83     20.076    1486.14  0.000e+00
      57.80     20.051    1486.13  0.000e+00
      57.85     19.953    1486.13  0.000e+00
      57.85     19.953    1486.13  0.000e+00
      57.85     19.986    1486.13  0.000e+00
      57.85     19.895    1486.12  0.000e+00
      57.83     19.895    1486.13  0.000e+00
      57.90     19.870    1486.12  0.000e+00
      58.07     19.895    1486.11  0.000e+00
      58.14     19.805    1486.10  0.000e+00
      58.14     19.829    1486.10  0.000e+00
      58.12     19.772    1486.11  0.000e+00
      58.10     19.747    1486.11  0.000e+00
      58.12     19.772    1486.11  0.000e+00
      58.14     19.706    1486.09  0.000e+00
      58.14     19.681    1486.07  0.000e+00
      58.12     19.649    1486.05  0.000e+00
      58.14     19.706    1486.03  0.000e+00
      58.12     19.624    1486.02  0.000e+00
      58.12     19.649    1486.02  0.000e+00
      58.14     19.649    1486.02  0.000e+00
      58.14     19.624    1486.01  0.000e+00
      58.14     19.591    1486.01  0.000e+00
      58.14     19.468    1486.00  0.000e+00
      58.12     19.624    1486.00  0.000e+00
      58.22     19.591    1486.00  0.000e+00
      58.41     19.558    1485.99  0.000e+00
      58.46     19.525    1485.99  0.000e+00
      58.49     19.591    1485.99  0.000e+00
      58.49     19.501    1485.99  0.000e+00
      58.44     19.525    1485.99  0.000e+00
      58.41     19.525    1485.99  0.000e+00
      58.36     19.501    1485.99  0.000e+00
      58.34     19.591    1485.99  0.000e+00
      58.34     19.468    1485.99  0.000e+00
      58.34     19.501    1485.98  0.000e+00
      58.32     19.525    1485.98  0.000e+00
      58.29     19.525    1485.98  0.000e+00
      58.19     19.558    1485.98  0.000e+00
      58.14     19.468    1485.99  0.000e+00
      58.17     19.591    1485.99  0.000e+00
      58.14     19.501    1486.00  0.000e+00
      58.14     19.525    1486.00  0.000e+00
      58.22     19.624    1486.00  0.000e+00
      58.41     19.525    1486.01  0.000e+00
      58.51     19.525    1486.01  0.000e+00
      58.51     19.624    1486.02  0.000e+00
      58.51     19.648    1486.02  0.000e+00
      58.49     19.591    1486.02  0.000e+00
      58.41     19.624    1486.02  0.000e+00
      58.22     19.648    1486.01  0.000e+00
      58.14     19.648    1486.00  0.000e+00
      58.14     19.681    1485.99  0.000e+00
      58.17     19.706    1485.99  0.000e+00
      58.14     19.706    1485.98  0.000e+00
      58.17     19.747    1485.99  0.000e+00
      58.24     19.772    1486.00  0.000e+00
      58.27     19.747    1486.00  0.000e+00
      58.27     19.829    1486.00  0.000e+00
      58.27     19.829    1485.99  0.000e+00
      58.24     19.870    1486.01  0.000e+00
      58.22     19.895    1486.05  0.000e+00
      58.10     19.895    1486.10  0.000e+00
      58.07     19.928    1486.13  0.000e+00
      58.07     20.018    1486.15  0.000e+00
      58.07     19.953    1486.16  0.000e+00
      58.05     20.051    1486.16  0.000e+00
      58.17     20.076    1486.16  0.000e+00
      58.58     20.133    1486.15  0.000e+00
      58.75     19.986    1486.13  0.000e+00
      58.75     20.199    1486.11  0.000e+00
      58.73     20.109    1486.11  0.000e+00
      58.71     20.257    1486.12  0.000e+00
      58.71     20.199    1486.12  0.000e+00
      58.73     20.232    1486.11  0.000e+00
      58.71     20.323    1486.11  0.000e+00
      58.73     20.257    1486.11  0.000e+00
      58.73     20.355    1486.12  0.000e+00
      58.71     20.380    1486.11  0.000e+00
      58.68     20.355    1486.11  0.000e+00
      58.61     20.446    1486.12  0.000e+00
      58.58     20.446    1486.13  0.000e+00
      58.58     20.479    1486.15  0.000e+00
      58.58     20.503    1486.19  0.000e+00
      58.56     20.561    1486.22  0.000e+00
      58.49     20.536    1486.24  0.000e+00
      58.32     20.561    1486.25  0.000e+00
      58.24     20.503    1486.25  0.000e+00
      58.24     20.660    1486.25  0.000e+00
      58.24     20.627    1486.25  0.000e+00
      58.22     20.660    1486.25  0.000e+00
      58.24     20.684    1486.25  0.000e+00
      58.27     20.684    1486.25  0.000e+00
      58.27     20.717    1486.25  0.000e+00
      58.27     20.684    1486.24  0.000e+00
      58.29     20.684    1486.24  0.000e+00
      58.27     20.783    1486.24  0.000e+00
      58.22     20.808    1486.24  0.000e+00
      58.17     20.783    1486.24  0.000e+00
      58.14     20.750    1486.25  0.000e+00
      58.14     20.808    1486.25  0.000e+00
      58.14     20.783    1486.25  0.000e+00
      58.14     20.808    1486.24  0.000e+00
      58.02     20.783    1486.24  0.000e+00
      57.63     20.808    1486.23  0.000e+00
      57.48     20.808    1486.23  0.000e+00
      57.48     20.783    1486.23  0.000e+00
      57.51     20.750    1486.23  0.000e+00
      57.48     20.750    1486.22  0.000e+00
      57.46     20.717    1486.22  0.000e+00
      57.39     20.808    1486.22  0.000e+00
      57.36     20.660    1486.21  0.000e+00
      57.36     20.750    1486.20  0.000e+00
      57.36     20.684    1486.19  0.000e+00
      57.34     20.660    1486.17  0.000e+00
      57.29     20.684    1486.17  0.000e+00
      57.14     20.627    1486.16  0.000e+00
      57.09     20.660    1486.16  0.000e+00
      57.09     20.627    1486.16  0.000e+00
      57.09     20.536    1486.16  0.000e+00
      57.09     20.561    1486.16  0.000e+00
      57.07     20.503    1486.16  0.000e+00
      57.07     20.536    1486.17  0.000e+00
      57.07     20.503    1486.18  0.000e+00
      57.07     20.446    1486.19  0.000e+00
      57.07     20.413    1486.19  0.000e+00
      57.05     20.446    1486.20  0.000e+00
      57.19     20.323    1486.20  0.000e+00
      57.53     20.413    1486.19  0.000e+00
      57.68     20.257    1486.19  0.000e+00
      57.68     20.290    1486.18  0.000e+00
      57.68     20.257    1486.17  0.000e+00
      57.66     20.257    1486.17  0.000e+00
      57.63     20.175    1486.16  0.000e+00
      57.63     20.199    1486.15  0.000e+00
      57.61     20.133    1486.14  0.000e+00
      57.61     20.109    1486.13  0.000e+00
      57.61     20.133    1486.12  0.000e+00
      57.61     20.051    1486.11  0.000e+00
      57.66     20.018    1486.10  0.000e+00
      57.83     20.018    1486.09  0.000e+00
      57.90     19.986    1486.08  0.000e+00
      57.90     20.018    1486.07  0.000e+00
      57.90     19.895    1486.07  0.000e+00
      57.88     19.928    1486.07  0.000e+00
      57.95     19.895    1486.07  0.000e+00
      58.14     19.895    1486.07  0.000e+00
      58.22     19.870    1486.07  0.000e+00
      58.22     19.829    1486.07  0.000e+00
      58.22     19.829    1486.07  0.000e+00
      58.19     19.805    1486.07  0.000e+00
      58.10     19.772    1486.06  0.000e+00
      57.88     19.747    1486.06  0.000e+00
      57.78     19.772    1486.06  0.000e+00
      57.78     19.772    1486.06  0.000e+00
      57.80     19.681    1486.05  0.000e+00
      57.78     19.706    1486.05  0.000e+00
      57.83     19.706    1486.06  0.000e+00
      57.97     19.624    1486.06  0.000e+00
      58.05     19.706    1486.06  0.000e+00
      58.05     19.648    1486.06  0.000e+00
      58.05     19.681    1486.06  0.000e+00
      58.02     19.591    1486.06  0.000e+00
      58.05     19.591    1486.06  0.000e+00
      58.07     19.624    1486.07  0.000e+00
      58.10     19.591    1486.07  0.000e+00
      58.10     19.558    1486.06  0.000e+00
      58.10     19.591    1486.06  0.000e+00
      58.07     19.525    1486.06  0.000e+00
      58.07     19.558    1486.06  0.000e+00
      58.12     19.525    1486.06  0.000e+00
      58.14     19.591    1486.07  0.000e+00
      58.12     19.500    1486.06  0.000e+00
      58.14     19.525    1486.06  0.000e+00
      58.12     19.525    1486.06  0.000e+00
      58.17     19.500    1486.06  0.000e+00
      58.32     19.525    1486.06  0.000e+00
      58.36     19.468    1486.07  0.000e+00
      58.36     19.500    1486.07  0.000e+00
      58.36     19.525    1486.08  0.000e+00
      58.34     19.525    1486.08  0.000e+00
      58.34     19.500    1486.08  0.000e+00
