test_casts/EN695_003_test.cnv
* Sea-Bird SBE 9 Data File:
* FileName = D:\ctd\raw\EN695_003.hdr
* Software Version Seasave V 7.26.7.121
* Temperature SN = 4333
* Conductivity SN = 2459
* Number of Bytes Per Scan = 40
* Number of Voltage Words = 5
* Number of Scans Averaged by the Deck Unit = 1
* NMEA Latitude = 40 02.80 N
* NMEA Longitude = 070 52.84 W
* NMEA UTC (Time) = Jan 12 2023  06:42:36
* NMEA baud rate = 4800
** Ship: R/V Endeavor
** Cruise: EN695
** Principal Investigator: Heidi Sosik
** Chief Scientist: Heidi Sosik
** Project: NES-LTER Transect 12 Winter
** Cruise Start Date: 11 Jan 2023
** Ports: Senesco Shipyard to Senesco Shipyard, North Kingstown, Rhode Island
** Station:  L9
** Bottom Depth: 204m
** Operator:
# nquan = 4
# nvalues = 45735                                 
# units = specified
# name 0 = altM: Altimeter [m]
# name 1 = depSM: Depth [salt water, m]
# name 2 = svCM: Sound Velocity [Chen-Millero, m/s]
# name 3 = flag:  0.000e+00
# span 0 =       0.00,     100.00                 
# span 1 =      2.774,    198.461                 
# span 2 =    1502.08,    1516.11                 
# span 3 = 0.0000e+00, 0.0000e+00                 
# interval = seconds: 0.0416667
# start_time = Jan 12 2023 06:42:38 [System UTC, header]
# bad_flag = -9.990e-29
*END*
[from data line 10312]
       8.30    196.089    1507.79  0.000e+00
       8.30    195.999    1507.79  0.000e+00
       8.30    196.056    1507.79  0.000e+00
       8.30    196.056    1507.79  0.000e+00
       8.25    196.089    1507.79  0.000e+00
       8.23    196.056    1507.79  0.000e+00
       8.23    196.122    1507.79  0.000e+00
       8.23    196.056    1507.79  0.000e+00
       8.23    196.147    1507.79  0.000e+00
       8.23    196.122    1507.79  0.000e+00
       8.21    196.122    1507.79  0.000e+00
       8.18    196.122    1507.79  0.000e+00
       8.18    196.147    1507.79  0.000e+00
       8.16    196.122    1507.80  0.000e+00
       8.16    196.180    1507.80  0.000e+00
       8.16    196.180    1507.80  0.000e+00
       8.13    196.147    1507.80  0.000e+00
       8.11    196.180    1507.80  0.000e+00
       8.11    196.180    1507.80  0.000e+00
       8.11    196.246    1507.80  0.000e+00
       8.08    196.147    1507.80  0.000e+00
       8.11    196.246    1507.80  0.000e+00
       8.08    196.246    1507.80  0.000e+00
       8.08    196.246    1507.80  0.000e+00
       8.08    196.204    1507.80  0.000e+00
       8.08    196.246    1507.80  0.000e+00
       8.08    196.246    1507.80  0.000e+00
       8.08    196.246    1507.80  0.000e+00
       8.03    196.270    1507.80  0.000e+00
       7.99    196.303    1507.80  0.000e+00
       8.01    196.246    1507.80  0.000e+00
       8.01    196.328    1507.80  0.000e+00
       7.99    196.303    1507.80  0.000e+00
       8.01    196.303    1507.80  0.000e+00
       7.96    196.303    1507.80  0.000e+00
       7.96    196.328    1507.80  0.000e+00
       7.96    196.361    1507.80  0.000e+00
       7.96    196.303    1507.80  0.000e+00
       7.96    196.303    1507.80  0.000e+00
       7.94    196.328    1507.80  0.000e+00
       7.94    196.361    1507.80  0.000e+00
       7.91    196.361    1507.80  0.000e+00
       7.91    196.361    1507.80  0.000e+00
       7.91    196.394    1507.80  0.000e+00
       7.91    196.361    1507.80  0.000e+00
       7.91    196.361    1507.80  0.000e+00
       7.91    196.361    1507.80  0.000e+00
       7.89    196.394    1507.80  0.000e+00
       7.89    196.426    1507.80  0.000e+00
       7.89    196.361    1507.80  0.000e+00
       7.89    196.426    1507.80  0.000e+00
       7.89    196.394    1507.80  0.000e+00
       7.86    196.426    1507.80  0.000e+00
       7.86    196.361    1507.80  0.000e+00
       7.86    196.426    1507.80  0.000e+00
       7.86    196.451    1507.80  0.000e+00
       7.86    196.426    1507.80  0.000e+00
       7.84    196.426    1507.80  0.000e+00
       7.77    196.484    1507.80  0.000e+00
       7.74    196.451    1507.80  0.000e+00
       7.74    196.426    1507.80  0.000e+00
       7.77    196.426    1507.80  0.000e+00
       7.74    196.484    1507.80  0.000e+00
       7.74    196.451    1507.80  0.000e+00
       7.77    196.484    1507.80  0.000e+00
       7.77    196.484    1507.80  0.000e+00
       7.74    196.550    1507.80  0.000e+00
       7.74    196.393    1507.80  0.000e+00
       7.74    196.550    1507.80  0.000e+00
       7.74    196.484    1507.80  0.000e+00
       7.74    196.550    1507.80  0.000e+00
       7.77    196.517    1507.80  0.000e+00
       7.77    196.484    1507.80  0.000e+00
       7.77    196.550    1507.80  0.000e+00
       7.74    196.484    1507.80  0.000e+00
       7.74    196.517    1507.80  0.000e+00
       7.77    196.550    1507.80  0.000e+00
       7.74    196.550    1507.80  0.000e+00
       7.77    196.550    1507.80  0.000e+00
       7.77    196.574    1507.80  0.000e+00
       7.74    196.550    1507.80  0.000e+00
       7.74    196.607    1507.81  0.000e+00
       7.72    196.549    1507.80  0.000e+00
       7.69    196.574    1507.81  0.000e+00
       7.69    196.607    1507.81  0.000e+00
       7.69    196.607    1507.81  0.000e+00
       7.69    196.549    1507.81  0.000e+00
       7.72    196.640    1507.81  0.000e+00
       7.64    196.549    1507.81  0.000e+00
       7.59    196.673    1507.81  0.000e+00
       7.57    196.607    1507.81  0.000e+00
       7.59    196.640    1507.81  0.000e+00
       7.59    196.607    1507.81  0.000e+00
       7.57    196.673    1507.81  0.000e+00
       7.57    196.607    1507.81  0.000e+00
       7.55    196.698    1507.81  0.000e+00
       7.55    196.673    1507.81  0.000e+00
       7.55    196.673    1507.81  0.000e+00
       7.55    196.673    1507.81  0.000e+00
       7.55    196.697    1507.81  0.000e+00
       7.52    196.730    1507.81  0.000e+00
       7.50    196.673    1507.81  0.000e+00
       7.50    196.730    1507.81  0.000e+00
       7.50    196.755    1507.81  0.000e+00
       7.50    196.730    1507.81  0.000e+00
       7.50    196.673    1507.81  0.000e+00
       7.47    196.788    1507.81  0.000e+00
       7.45    196.821    1507.81  0.000e+00
       7.45    196.730    1507.81  0.000e+00
       7.47    196.788    1507.81  0.000e+00
       7.47    196.788    1507.81  0.000e+00
       7.45    196.788    1507.81  0.000e+00
       7.45    196.755    1507.81  0.000e+00
       7.42    196.911    1507.82  0.000e+00
       7.42    196.788    1507.81  0.000e+00
       7.42    196.854    1507.82  0.000e+00
       7.42    196.821    1507.82  0.000e+00
       7.42    196.911    1507.82  0.000e+00
       7.35    196.854    1507.81  0.000e+00
       7.35    196.911    1507.81  0.000e+00
       7.35    196.878    1507.81  0.000e+00
       7.35    196.911    1507.82  0.000e+00
       7.35    196.911    1507.81  0.000e+00
       7.35    196.911    1507.81  0.000e+00
       7.35    196.944    1507.81  0.000e+00
       7.35    196.911    1507.81  0.000e+00
       7.35    196.977    1507.81  0.000e+00
       7.35    196.911    1507.81  0.000e+00
       7.35    196.944    1507.82  0.000e+00
       7.33    196.977    1507.82  0.000e+00
       7.28    196.977    1507.82  0.000e+00
       7.25    197.035    1507.82  0.000e+00
       7.25    197.002    1507.82  0.000e+00
       7.25    196.977    1507.82  0.000e+00
       7.25    197.035    1507.82  0.000e+00
       7.23    197.035    1507.81  0.000e+00
       7.23    197.068    1507.82  0.000e+00
       7.20    197.035    1507.81  0.000e+00
       7.20    197.100    1507.82  0.000e+00
       7.20    197.035    1507.81  0.000e+00
       7.20    197.100    1507.82  0.000e+00
       7.18    197.067    1507.82  0.000e+00
       7.16    197.100    1507.82  0.000e+00
       7.11    197.100    1507.82  0.000e+00
       7.11    197.100    1507.81  0.000e+00
       7.13    197.125    1507.82  0.000e+00
       7.11    197.158    1507.82  0.000e+00
       7.08    197.158    1507.82  0.000e+00
       7.06    197.158    1507.82  0.000e+00
       7.06    197.183    1507.82  0.000e+00
       7.06    197.158    1507.82  0.000e+00
       7.06    197.216    1507.82  0.000e+00
       7.06    197.158    1507.82  0.000e+00
       7.06    197.248    1507.82  0.000e+00
       7.03    197.281    1507.82  0.000e+00
       7.01    197.215    1507.82  0.000e+00
       7.01    197.281    1507.82  0.000e+00
       7.01    197.306    1507.82  0.000e+00
       7.01    197.215    1507.82  0.000e+00
       7.01    197.339    1507.82  0.000e+00
       6.94    197.281    1507.82  0.000e+00
       6.94    197.339    1507.82  0.000e+00
       6.94    197.306    1507.82  0.000e+00
       6.91    197.405    1507.82  0.000e+00
       6.94    197.339    1507.82  0.000e+00
       6.91    197.339    1507.82  0.000e+00
       6.89    197.372    1507.82  0.000e+00
       6.86    197.405    1507.81  0.000e+00
       6.86    197.405    1507.81  0.000e+00
       6.86    197.462    1507.81  0.000e+00
       6.86    197.429    1507.81  0.000e+00
       6.84    197.462    1507.82  0.000e+00
       6.79    197.462    1507.82  0.000e+00
       6.79    197.462    1507.81  0.000e+00
       6.79    197.462    1507.81  0.000e+00
       6.79    197.553    1507.82  0.000e+00
       6.79    197.528    1507.82  0.000e+00
       6.79    197.528    1507.82  0.000e+00
       6.74    197.586    1507.82  0.000e+00
       6.72    197.495    1507.82  0.000e+00
       6.72    197.586    1507.82  0.000e+00
       6.72    197.652    1507.82  0.000e+00
       6.72    197.586    1507.82  0.000e+00
       6.69    197.619    1507.82  0.000e+00
       6.64    197.652    1507.82  0.000e+00
       6.64    197.652    1507.82  0.000e+00
       6.62    197.652    1507.82  0.000e+00
       6.64    197.709    1507.82  0.000e+00
       6.64    197.676    1507.82  0.000e+00
       6.64    197.709    1507.82  0.000e+00
       6.54    197.767    1507.82  0.000e+00
       6.54    197.709    1507.82  0.000e+00
       6.54    197.734    1507.82  0.000e+00
       6.54    197.767    1507.82  0.000e+00
       6.54    197.767    1507.82  0.000e+00
       6.52    197.833    1507.82  0.000e+00
       6.47    197.767    1507.82  0.000e+00
       6.45    197.800    1507.82  0.000e+00
       6.45    197.833    1507.83  0.000e+00
       6.45    197.833    1507.83  0.000e+00
       6.45    197.832    1507.83  0.000e+00
       6.45    197.857    1507.83  0.000e+00
       6.42    197.767    1507.82  0.000e+00
       6.42    197.890    1507.82  0.000e+00
       6.42    197.890    1507.82  0.000e+00
       6.42    197.890    1507.82  0.000e+00
       6.42    197.857    1507.82  0.000e+00
       6.42    197.890    1507.82  0.000e+00
       6.35    197.956    1507.82  0.000e+00
       6.32    197.890    1507.82  0.000e+00
       6.32    197.981    1507.82  0.000e+00
       6.32    197.890    1507.82  0.000e+00
       6.32    197.956    1507.82  0.000e+00
       6.32    198.013    1507.82  0.000e+00
       6.28    197.956    1507.82  0.000e+00
       6.28    197.980    1507.82  0.000e+00
       6.28    197.956    1507.82  0.000e+00
       6.25    197.956    1507.82  0.000e+00
       6.28    197.956    1507.82  0.000e+00
       6.25    197.923    1507.82  0.000e+00
       6.25    197.956    1507.82  0.000e+00
       6.25    197.956    1507.82  0.000e+00
       6.25    197.890    1507.82  0.000e+00
       6.25    197.956    1507.82  0.000e+00
       6.25    197.923    1507.82  0.000e+00
       6.25    197.890    1507.82  0.000e+00
       6.25    197.890    1507.82  0.000e+00
       6.25    197.890    1507.82  0.000e+00
       6.25    197.923    1507.82  0.000e+00
       6.25    197.832    1507.81  0.000e+00
       6.25    197.890    1507.81  0.000e+00
       6.25    197.890    1507.81  0.000e+00
       6.28    197.890    1507.81  0.000e+00
       6.28    197.922    1507.81  0.000e+00
       6.28    197.832    1507.81  0.000e+00
       6.28    197.955    1507.81  0.000e+00
       6.28    197.889    1507.81  0.000e+00
       6.28    197.922    1507.81  0.000e+00
       6.28    197.889    1507.81  0.000e+00
       6.28    197.889    1507.81  0.000e+00
       6.28    197.955    1507.81  0.000e+00
       6.28    197.955    1507.81  0.000e+00
       6.28    197.922    1507.81  0.000e+00
       6.28    197.889    1507.81  0.000e+00
       6.28    198.013    1507.82  0.000e+00
       6.28    197.955    1507.82  0.000e+00
       6.28    197.980    1507.82  0.000e+00
       6.28    197.955    1507.82  0.000e+00
       6.28    197.955    1507.82  0.000e+00
       6.28    197.955    1507.82  0.000e+00
       6.25    198.013    1507.82  0.000e+00
       6.25    197.922    1507.82  0.000e+00
       6.25    198.013    1507.82  0.000e+00
       6.25    197.955    1507.81  0.000e+00
       6.25    198.013    1507.81  0.000e+00
       6.25    197.980    1507.81  0.000e+00
       6.23    197.955    1507.81  0.000e+00
       6.23    198.013    1507.82  0.000e+00
       6.25    197.955    1507.82  0.000e+00
       6.23    198.013    1507.82  0.000e+00
       6.23    197.980    1507.82  0.000e+00
       6.23    198.012    1507.82  0.000e+00
       6.18    198.078    1507.82  0.000e+00
       6.15    198.012    1507.82  0.000e+00
       6.15    197.979    1507.82  0.000e+00
       6.15    198.078    1507.82  0.000e+00
       6.15    198.012    1507.82  0.000e+00
       6.15    198.078    1507.82  0.000e+00
       6.18    198.078    1507.82  0.000e+00
       6.18    198.045    1507.82  0.000e+00
       6.18    198.078    1507.82  0.000e+00
       6.18    198.078    1507.82  0.000e+00
       6.18    198.078    1507.82  0.000e+00
       6.15    198.103    1507.82  0.000e+00
       6.15    198.078    1507.82  0.000e+00
       6.15    198.078    1507.82  0.000e+00
       6.13    198.012    1507.82  0.000e+00
       6.15    198.078    1507.82  0.000e+00
       6.15    198.103    1507.83  0.000e+00
       6.13    198.078    1507.82  0.000e+00
       6.11    198.078    1507.82  0.000e+00
       6.08    198.078    1507.82  0.000e+00
       6.08    198.012    1507.82  0.000e+00
       6.08    198.045    1507.82  0.000e+00
       6.08    198.078    1507.82  0.000e+00
       6.08    198.012    1507.82  0.000e+00
       6.11    198.012    1507.82  0.000e+00
       6.11    198.045    1507.82  0.000e+00
       6.11    198.012    1507.82  0.000e+00
       6.11    198.078    1507.82  0.000e+00
       6.11    198.012    1507.82  0.000e+00
       6.08    198.012    1507.82  0.000e+00
       6.11    197.979    1507.82  0.000e+00
       6.11    198.012    1507.82  0.000e+00
       6.11    197.954    1507.82  0.000e+00
       6.11    198.012    1507.82  0.000e+00
       6.11    197.979    1507.83  0.000e+00
       6.11    197.954    1507.83  0.000e+00
       6.15    197.954    1507.82  0.000e+00
       6.18    197.954    1507.83  0.000e+00
       6.18    197.954    1507.82  0.000e+00
       6.18    197.921    1507.82  0.000e+00
       6.15    197.954    1507.82  0.000e+00
       6.18    197.888    1507.82  0.000e+00
       6.18    197.888    1507.82  0.000e+00
       6.18    197.921    1507.83  0.000e+00
       6.18    197.830    1507.82  0.000e+00
       6.18    197.830    1507.82  0.000e+00
       6.18    197.888    1507.82  0.000e+00
       6.18    197.830    1507.82  0.000e+00
       6.23    197.855    1507.83  0.000e+00
       6.25    197.830    1507.82  0.000e+00
       6.25    197.830    1507.82  0.000e+00
       6.25    197.830    1507.82  0.000e+00
       6.25    197.731    1507.82  0.000e+00
       6.25    197.830    1507.82  0.000e+00
       6.30    197.764    1507.82  0.000e+00
       6.35    197.764    1507.82  0.000e+00
       6.35    197.764    1507.82  0.000e+00
       6.35    197.731    1507.82  0.000e+00
       6.35    197.764    1507.82  0.000e+00
       6.35    197.764    1507.82  0.000e+00
       6.35    197.706    1507.82  0.000e+00
       6.35    197.731    1507.82  0.000e+00
       6.35    197.706    1507.82  0.000e+00
       6.35    197.764    1507.82  0.000e+00
       6.32    197.706    1507.82  0.000e+00
       6.32    197.673    1507.82  0.000e+00
       6.35    197.706    1507.82  0.000e+00
       6.35    197.706    1507.82  0.000e+00
       6.35    197.706    1507.82  0.000e+00
       6.35    197.648    1507.82  0.000e+00
       6.32    197.731    1507.82  0.000e+00
       6.32    197.648    1507.82  0.000e+00
       6.35    197.706    1507.82  0.000e+00
       6.37    197.648    1507.82  0.000e+00
       6.35    197.673    1507.82  0.000e+00
       6.37    197.706    1507.82  0.000e+00
       6.35    197.648    1507.82  0.000e+00
       6.37    197.706    1507.83  0.000e+00
       6.40    197.648    1507.82  0.000e+00
       6.40    197.673    1507.83  0.000e+00
       6.40    197.648    1507.83  0.000e+00
       6.42    197.706    1507.83  0.000e+00
       6.40    197.706    1507.82  0.000e+00
       6.40    197.673    1507.82  0.000e+00
       6.42    197.648    1507.82  0.000e+00
       6.42    197.706    1507.82  0.000e+00
       6.42    197.648    1507.82  0.000e+00
       6.42    197.730    1507.83  0.000e+00
       6.42    197.648    1507.82  0.000e+00
       6.42    197.706    1507.83  0.000e+00
       6.42    197.706    1507.82  0.000e+00
       6.40    197.706    1507.82  0.000e+00
