test_casts/EN695_013_test.cnv
* Sea-Bird SBE 9 Data File:
* FileName = D:\ctd\raw\EN695_013.hdr
* Software Version Seasave V 7.26.7.121
* Temperature SN = 4333
* Conductivity SN = 2459
* Number of Bytes Per Scan = 40
* Number of Voltage Words = 5
* Number of Scans Averaged by the Deck Unit = 1
* NMEA Latitude = 40 41.78 N
* NMEA Longitude = 070 59.81 W
* NMEA UTC (Time) = Jan 14 2023  08:07:53
* NMEA baud rate = 4800
** Ship: R/V Endeavor
** Cruise: EN695
** Principal Investigator: Heidi Sosik
** Chief Scientist: Heidi Sosik
** Project: NES-LTER Transect 12 Winter
** Cruise Start Date: 11 Jan 2023
** Ports: Senesco Shipyard to Senesco Shipyard, North Kingstown, Rhode Island
** Station:  d4a
** Bottom Depth: 64 m
** Operator:
# nquan = 4
# nvalues = 7068                                  
# units = specified
# name 0 = altM: Altimeter [m]
# name 1 = depSM: Depth [salt water, m]
# name 2 = svCM: Sound Velocity [Chen-Millero, m/s]
# name 3 = flag:  0.000e+00
# span 0 =       4.10,      87.79                 
# span 1 =      3.445,     59.310                 
# span 2 =    1482.92,    1488.61                 
# span 3 = 0.0000e+00, 0.0000e+00                 
# interval = seconds: 0.0416667
# start_time = Jan 14 2023 08:07:55 [System UTC, header]
# bad_flag = -9.990e-29
*END*
[from data line 712]
      59.37      6.610    1482.97  0.000e+00
      59.39      6.610    1482.97  0.000e+00
      59.39      6.552    1482.97  0.000e+00
      59.39      6.676    1482.97  0.000e+00
      59.37      6.552    1482.97  0.000e+00
      59.44      6.610    1482.97  0.000e+00
      59.61      6.610    1482.97  0.000e+00
      59.68      6.610    1482.97  0.000e+00
      59.68      6.610    1482.97  0.000e+00
      59.68      6.610    1482.97  0.000e+00
      59.66      6.610    1482.97  0.000e+00
      59.73      6.610    1482.97  0.000e+00
      59.90      6.610    1482.97  0.000e+00
      59.98      6.676    1482.97  0.000e+00
      59.98      6.676    1482.97  0.000e+00
      59.98      6.610    1482.97  0.000e+00
      59.95      6.676    1482.97  0.000e+00
      59.88      6.610    1482.97  0.000e+00
      59.54      6.676    1482.97  0.000e+00
      59.41      6.676    1482.97  0.000e+00
      59.41      6.676    1482.97  0.000e+00
      59.44      6.733    1482.97  0.000e+00
      59.39      6.676    1482.97  0.000e+00
      59.44      6.733    1482.97  0.000e+00
      59.49      6.676    1482.97  0.000e+00
      59.51      6.733    1482.97  0.000e+00
      59.51      6.733    1482.97  0.000e+00
      59.51      6.733    1482.97  0.000e+00
      59.49      6.783    1482.97  0.000e+00
      59.54      6.733    1482.97  0.000e+00
      59.71      6.733    1482.97  0.000e+00
      59.78      6.791    1482.97  0.000e+00
      59.80      6.733    1482.97  0.000e+00
      59.80      6.791    1482.97  0.000e+00
      59.76      6.791    1482.97  0.000e+00
      59.68      6.791    1482.97  0.000e+00
      59.22      6.856    1482.97  0.000e+00
      59.02      6.856    1482.97  0.000e+00
      59.02      6.791    1482.97  0.000e+00
      59.02      6.856    1482.97  0.000e+00
      59.02      6.856    1482.97  0.000e+00
      59.00      6.914    1482.97  0.000e+00
      58.93      6.856    1482.97  0.000e+00
      58.90      6.914    1482.97  0.000e+00
      58.90      6.914    1482.97  0.000e+00
      58.90      6.980    1482.98  0.000e+00
      58.88      6.914    1482.98  0.000e+00
      58.93      6.914    1482.98  0.000e+00
      59.07      7.037    1482.98  0.000e+00
      59.12      6.980    1482.98  0.000e+00
      59.10      6.980    1482.98  0.000e+00
      59.10      7.037    1482.98  0.000e+00
      59.07      7.037    1482.98  0.000e+00
      59.10      7.037    1482.98  0.000e+00
      59.10      7.095    1482.98  0.000e+00
      59.10      7.037    1482.98  0.000e+00
      59.12      7.095    1482.98  0.000e+00
      59.12      7.037    1482.98  0.000e+00
      59.10      7.037    1482.98  0.000e+00
      59.05      7.202    1482.99  0.000e+00
      58.83      7.161    1482.98  0.000e+00
      58.75      7.161    1482.98  0.000e+00
      58.73      7.161    1482.98  0.000e+00
      58.75      7.161    1482.98  0.000e+00
      58.73      7.218    1482.98  0.000e+00
      58.80      7.284    1482.99  0.000e+00
      59.12      7.218    1482.99  0.000e+00
      59.27      7.218    1482.99  0.000e+00
      59.27      7.284    1482.98  0.000e+00
      59.24      7.284    1482.98  0.000e+00
      59.22      7.341    1482.98  0.000e+00
      59.24      7.341    1482.98  0.000e+00
      59.24      7.341    1482.98  0.000e+00
      59.24      7.341    1482.98  0.000e+00
      59.27      7.399    1482.98  0.000e+00
      59.24      7.399    1482.98  0.000e+00
      59.24      7.465    1482.98  0.000e+00
      59.29      7.399    1482.98  0.000e+00
      59.58      7.465    1482.98  0.000e+00
      59.73      7.522    1482.98  0.000e+00
      59.73      7.522    1482.98  0.000e+00
      59.73      7.522    1482.98  0.000e+00
      59.68      7.588    1482.98  0.000e+00
      59.66      7.572    1482.98  0.000e+00
      59.46      7.646    1482.98  0.000e+00
      59.41      7.646    1482.98  0.000e+00
      59.39      7.711    1482.98  0.000e+00
      59.41      7.769    1482.98  0.000e+00
      59.39      7.711    1482.98  0.000e+00
      59.56      7.769    1482.98  0.000e+00
      60.29      7.826    1482.98  0.000e+00
      60.63      7.892    1482.98  0.000e+00
      60.63      7.892    1482.98  0.000e+00
      60.61      7.892    1482.99  0.000e+00
      60.59      7.950    1482.99  0.000e+00
      60.49      8.015    1482.99  0.000e+00
      59.90      8.015    1482.99  0.000e+00
      59.63      8.073    1482.99  0.000e+00
      59.63      8.073    1482.99  0.000e+00
      59.63      8.131    1483.00  0.000e+00
      59.63      8.196    1483.00  0.000e+00
      59.80      8.254    1483.00  0.000e+00
      60.44      8.180    1483.00  0.000e+00
      60.73      8.320    1483.00  0.000e+00
      60.73      8.320    1483.00  0.000e+00
      60.71      8.320    1483.00  0.000e+00
      60.68      8.377    1483.00  0.000e+00
      60.71      8.443    1483.00  0.000e+00
      60.90      8.500    1483.01  0.000e+00
      61.00      8.500    1483.00  0.000e+00
      61.00      8.500    1483.01  0.000e+00
      61.00      8.558    1483.01  0.000e+00
      60.95      8.624    1483.01  0.000e+00
      60.81      8.624    1483.01  0.000e+00
      59.98      8.681    1483.01  0.000e+00
      59.66      8.624    1483.01  0.000e+00
      59.63      8.747    1483.01  0.000e+00
      59.63      8.805    1483.01  0.000e+00
      59.63      8.731    1483.01  0.000e+00
      59.63      8.805    1483.01  0.000e+00
      59.56      8.862    1483.01  0.000e+00
      59.54      8.862    1483.01  0.000e+00
      59.51      8.862    1483.01  0.000e+00
      59.54      8.928    1483.01  0.000e+00
      59.51      9.051    1483.02  0.000e+00
      59.49      8.928    1483.01  0.000e+00
      59.34      9.051    1483.02  0.000e+00
      59.29      9.051    1483.02  0.000e+00
      59.29      9.051    1483.02  0.000e+00
      59.29      9.051    1483.02  0.000e+00
      59.27      9.109    1483.02  0.000e+00
      59.19      9.150    1483.02  0.000e+00
      58.95      9.166    1483.02  0.000e+00
      58.85      9.166    1483.02  0.000e+00
      58.83      9.166    1483.02  0.000e+00
      58.83      9.232    1483.02  0.000e+00
      58.83      9.232    1483.02  0.000e+00
      58.56      9.232    1483.02  0.000e+00
      57.88      9.232    1483.02  0.000e+00
      57.66      9.289    1483.02  0.000e+00
      57.66      9.289    1483.02  0.000e+00
      57.68      9.289    1483.02  0.000e+00
      57.66      9.355    1483.02  0.000e+00
      57.61      9.355    1483.02  0.000e+00
      56.95      9.339    1483.02  0.000e+00
      56.65      9.413    1483.03  0.000e+00
      56.61      9.355    1483.02  0.000e+00
      56.63      9.413    1483.03  0.000e+00
      56.63      9.355    1483.02  0.000e+00
      56.63      9.413    1483.02  0.000e+00
      56.63      9.413    1483.02  0.000e+00
      56.63      9.479    1483.03  0.000e+00
      56.63      9.413    1483.02  0.000e+00
      56.63      9.479    1483.03  0.000e+00
      56.61      9.413    1483.03  0.000e+00
      56.53      9.479    1483.04  0.000e+00
      56.29      9.520    1483.04  0.000e+00
      56.19      9.413    1483.05  0.000e+00
      56.19      9.536    1483.06  0.000e+00
      56.19      9.479    1483.06  0.000e+00
      56.17      9.536    1483.07  0.000e+00
      56.19      9.536    1483.07  0.000e+00
      56.26      9.536    1483.07  0.000e+00
      56.29      9.536    1483.07  0.000e+00
      56.31      9.594    1483.07  0.000e+00
      56.29      9.594    1483.07  0.000e+00
      56.26      9.594    1483.07  0.000e+00
      56.29      9.594    1483.07  0.000e+00
      56.31      9.643    1483.07  0.000e+00
      56.31      9.594    1483.07  0.000e+00
      56.31      9.659    1483.07  0.000e+00
      56.31      9.659    1483.07  0.000e+00
      56.29      9.659    1483.07  0.000e+00
      56.34      9.717    1483.08  0.000e+00
      56.48      9.717    1483.07  0.000e+00
      56.56      9.717    1483.08  0.000e+00
      56.56      9.717    1483.08  0.000e+00
      56.56      9.783    1483.08  0.000e+00
      56.53      9.783    1483.08  0.000e+00
      56.65      9.766    1483.08  0.000e+00
      57.09      9.840    1483.08  0.000e+00
      57.26      9.840    1483.08  0.000e+00
      57.29      9.840    1483.08  0.000e+00
      57.26      9.964    1483.08  0.000e+00
      57.24      9.840    1483.08  0.000e+00
      57.26      9.898    1483.08  0.000e+00
      57.36      9.964    1483.08  0.000e+00
      57.41      9.964    1483.08  0.000e+00
      57.41      9.898    1483.08  0.000e+00
      57.39     10.021    1483.08  0.000e+00
      57.39     10.005    1483.08  0.000e+00
      57.53     10.021    1483.08  0.000e+00
      58.02     10.021    1483.08  0.000e+00
      58.22     10.021    1483.08  0.000e+00
      58.22     10.087    1483.08  0.000e+00
      58.19     10.144    1483.08  0.000e+00
      58.17     10.087    1483.08  0.000e+00
      58.22     10.144    1483.09  0.000e+00
      58.41     10.144    1483.09  0.000e+00
      58.51     10.210    1483.09  0.000e+00
      58.51     10.210    1483.09  0.000e+00
      58.51     10.185    1483.09  0.000e+00
      58.46     10.268    1483.09  0.000e+00
      58.46     10.268    1483.09  0.000e+00
      58.29     10.210    1483.09  0.000e+00
      58.22     10.325    1483.09  0.000e+00
      58.22     10.268    1483.09  0.000e+00
      58.22     10.325    1483.09  0.000e+00
      58.19     10.325    1483.09  0.000e+00
      58.19     10.391    1483.09  0.000e+00
      58.24     10.325    1483.09  0.000e+00
      58.24     10.374    1483.09  0.000e+00
      58.27     10.391    1483.09  0.000e+00
      58.24     10.448    1483.09  0.000e+00
      58.22     10.391    1483.09  0.000e+00
      58.17     10.448    1483.09  0.000e+00
      57.95     10.448    1483.09  0.000e+00
      57.85     10.514    1483.09  0.000e+00
      57.85     10.448    1483.09  0.000e+00
      57.88     10.514    1483.09  0.000e+00
      57.85     10.555    1483.09  0.000e+00
      57.83     10.514    1483.09  0.000e+00
      57.78     10.572    1483.09  0.000e+00
      57.78     10.572    1483.09  0.000e+00
      57.78     10.572    1483.09  0.000e+00
      57.78     10.629    1483.09  0.000e+00
      57.75     10.572    1483.09  0.000e+00
      57.68     10.629    1483.09  0.000e+00
      57.22     10.629    1483.09  0.000e+00
      57.00     10.629    1483.09  0.000e+00
      57.00     10.736    1483.09  0.000e+00
      57.00     10.629    1483.09  0.000e+00
      57.00     10.695    1483.09  0.000e+00
      57.05     10.695    1483.09  0.000e+00
      57.17     10.818    1483.10  0.000e+00
      57.22     10.695    1483.10  0.000e+00
      57.22     10.753    1483.10  0.000e+00
      57.22     10.876    1483.10  0.000e+00
      57.19     10.818    1483.10  0.000e+00
      57.19     10.736    1483.10  0.000e+00
      57.09     10.876    1483.10  0.000e+00
      57.07     10.818    1483.10  0.000e+00
      57.07     10.876    1483.10  0.000e+00
      57.07     10.876    1483.10  0.000e+00
      57.05     10.876    1483.10  0.000e+00
      57.07     10.818    1483.10  0.000e+00
      57.07     10.933    1483.10  0.000e+00
      56.85     10.876    1483.10  0.000e+00
      56.68     10.917    1483.10  0.000e+00
      56.63     10.876    1483.10  0.000e+00
      56.63     10.999    1483.10  0.000e+00
      56.63     10.933    1483.10  0.000e+00
      56.63     10.933    1483.10  0.000e+00
      56.68     10.933    1483.10  0.000e+00
      56.70     10.999    1483.10  0.000e+00
      56.73     10.999    1483.10  0.000e+00
      56.73     10.999    1483.10  0.000e+00
      56.68     10.983    1483.10  0.000e+00
      56.63     10.999    1483.10  0.000e+00
      56.39     11.057    1483.10  0.000e+00
      56.31     10.999    1483.09  0.000e+00
      56.29     10.999    1483.09  0.000e+00
      56.29     11.057    1483.10  0.000e+00
      56.26     10.999    1483.10  0.000e+00
      56.29     11.057    1483.10  0.000e+00
      56.26     11.057    1483.10  0.000e+00
      56.09     10.983    1483.10  0.000e+00
      56.04     11.057    1483.10  0.000e+00
      56.02     11.057    1483.10  0.000e+00
      56.02     11.057    1483.10  0.000e+00
      56.02     11.122    1483.10  0.000e+00
      55.87     11.057    1483.10  0.000e+00
      55.65     11.122    1483.10  0.000e+00
      55.63     11.057    1483.10  0.000e+00
      55.63     11.122    1483.10  0.000e+00
      55.63     11.164    1483.10  0.000e+00
      55.63     11.122    1483.10  0.000e+00
      55.63     11.180    1483.10  0.000e+00
      55.60     11.180    1483.10  0.000e+00
      55.56     11.122    1483.10  0.000e+00
      55.53     11.180    1483.10  0.000e+00
      55.56     11.180    1483.10  0.000e+00
      55.53     11.246    1483.10  0.000e+00
      55.53     11.164    1483.10  0.000e+00
      55.75     11.246    1483.10  0.000e+00
      55.97     11.246    1483.10  0.000e+00
      56.00     11.303    1483.10  0.000e+00
      56.00     11.246    1483.10  0.000e+00
      55.97     11.361    1483.10  0.000e+00
      55.97     11.303    1483.10  0.000e+00
      56.00     11.303    1483.10  0.000e+00
      55.90     11.410    1483.11  0.000e+00
      55.43     11.361    1483.11  0.000e+00
      55.19     11.427    1483.11  0.000e+00
      55.19     11.427    1483.11  0.000e+00
      55.19     11.484    1483.11  0.000e+00
      55.19     11.484    1483.11  0.000e+00
      55.19     11.484    1483.11  0.000e+00
      55.07     11.550    1483.11  0.000e+00
      54.95     11.550    1483.11  0.000e+00
      54.92     11.591    1483.11  0.000e+00
      54.92     11.607    1483.11  0.000e+00
      54.90     11.607    1483.11  0.000e+00
      54.92     11.665    1483.11  0.000e+00
      55.16     11.665    1483.11  0.000e+00
      56.07     11.665    1483.11  0.000e+00
      56.43     11.731    1483.11  0.000e+00
      56.46     11.665    1483.11  0.000e+00
      56.41     11.829    1483.11  0.000e+00
      56.36     11.854    1483.11  0.000e+00
      56.43     11.788    1483.11  0.000e+00
      56.65     11.912    1483.12  0.000e+00
      56.75     11.854    1483.11  0.000e+00
      56.75     11.912    1483.11  0.000e+00
      56.73     11.912    1483.12  0.000e+00
      56.73     12.018    1483.12  0.000e+00
      56.73     11.977    1483.12  0.000e+00
      56.73     12.035    1483.12  0.000e+00
      56.75     12.035    1483.12  0.000e+00
      56.78     12.092    1483.12  0.000e+00
      56.80     12.158    1483.12  0.000e+00
      56.80     12.092    1483.12  0.000e+00
      56.78     12.216    1483.12  0.000e+00
      56.78     12.142    1483.12  0.000e+00
      57.12     12.282    1483.12  0.000e+00
      57.53     12.216    1483.12  0.000e+00
      57.63     12.282    1483.12  0.000e+00
      57.63     12.339    1483.12  0.000e+00
      57.58     12.397    1483.12  0.000e+00
      57.56     12.397    1483.12  0.000e+00
      57.39     12.380    1483.12  0.000e+00
      57.26     12.462    1483.12  0.000e+00
      57.26     12.520    1483.13  0.000e+00
      57.24     12.520    1483.13  0.000e+00
      57.24     12.586    1483.13  0.000e+00
      57.24     12.520    1483.13  0.000e+00
      57.12     12.643    1483.13  0.000e+00
      57.09     12.627    1483.13  0.000e+00
      57.09     12.709    1483.13  0.000e+00
      57.09     12.709    1483.13  0.000e+00
      57.07     12.766    1483.13  0.000e+00
      57.24     12.766    1483.13  0.000e+00
      58.05     12.824    1483.13  0.000e+00
      58.39     12.808    1483.13  0.000e+00
      58.41     12.824    1483.13  0.000e+00
      58.39     12.947    1483.14  0.000e+00
      58.34     12.947    1483.14  0.000e+00
      58.07     12.947    1483.15  0.000e+00
      56.63     13.013    1483.15  0.000e+00
      56.02     13.071    1483.15  0.000e+00
      55.97     12.988    1483.15  0.000e+00
      56.02     13.128    1483.15  0.000e+00
      56.02     13.128    1483.15  0.000e+00
      56.04     13.071    1483.15  0.000e+00
