test_casts/EN695_012_test.cnv
* Sea-Bird SBE 9 Data File:
* FileName = D:\ctd\raw\EN695_012.hdr
* Software Version Seasave V 7.26.7.121
* Temperature SN = 4333
* Conductivity SN = 2459
* Number of Bytes Per Scan = 40
* Number of Voltage Words = 5
* Number of Scans Averaged by the Deck Unit = 1
* NMEA Latitude = 40 41.59 N
* NMEA Longitude = 070 46.55 W
* NMEA UTC (Time) = Jan 14 2023  06:14:22
* NMEA baud rate = 4800
** Ship: R/V Endeavor
** Cruise: EN695
** Principal Investigator: Heidi Sosik
** Chief Scientist: Heidi Sosik
** Project: NES-LTER Transect 12 Winter
** Cruise Start Date: 11 Jan 2023
** Ports: Senesco Shipyard to Senesco Shipyard, North Kingstown, Rhode Island
** Station:  u4a
** Bottom Depth: 66
** Operator:
# nquan = 4
# nvalues = 7026                                  
# units = specified
# name 0 = altM: Altimeter [m]
# name 1 = depSM: Depth [salt water, m]
# name 2 = svCM: Sound Velocity [Chen-Millero, m/s]
# name 3 = flag:  0.000e+00
# span 0 =       5.49,      85.40                 
# span 1 =      2.915,     59.730                 
# span 2 =    1482.85,    1485.98                 
# span 3 = 0.0000e+00, 0.0000e+00                 
# interval = seconds: 0.0416667
# start_time = Jan 14 2023 06:14:24 [System UTC, header]
# bad_flag = -9.990e-29
*END*
[from data line 356]
      63.32      3.834    1483.81  0.000e+00
      63.71      3.834    1483.81  0.000e+00
      63.88      3.776    1483.81  0.000e+00
      63.88      3.776    1483.81  0.000e+00
      63.88      3.776    1483.81  0.000e+00
      63.86      3.776    1483.81  0.000e+00
      63.79      3.710    1483.81  0.000e+00
      63.64      3.710    1483.81  0.000e+00
      63.59      3.653    1483.80  0.000e+00
      63.59      3.710    1483.81  0.000e+00
      63.61      3.653    1483.81  0.000e+00
      63.59      3.653    1483.81  0.000e+00
      63.69      3.653    1483.81  0.000e+00
      63.88      3.653    1483.81  0.000e+00
      63.96      3.653    1483.81  0.000e+00
      63.96      3.587    1483.81  0.000e+00
      63.93      3.587    1483.81  0.000e+00
      63.91      3.603    1483.81  0.000e+00
      64.10      3.653    1483.81  0.000e+00
      64.44      3.587    1483.80  0.000e+00
      64.57      3.653    1483.81  0.000e+00
      64.57      3.529    1483.80  0.000e+00
      64.57      3.653    1483.81  0.000e+00
      64.52      3.529    1483.80  0.000e+00
      64.54      3.653    1483.81  0.000e+00
      64.62      3.587    1483.80  0.000e+00
      64.62      3.587    1483.81  0.000e+00
      64.62      3.587    1483.81  0.000e+00
      64.62      3.587    1483.80  0.000e+00
      64.59      3.653    1483.81  0.000e+00
      64.59      3.587    1483.80  0.000e+00
      64.64      3.587    1483.81  0.000e+00
      64.64      3.587    1483.81  0.000e+00
      64.64      3.653    1483.81  0.000e+00
      64.64      3.653    1483.81  0.000e+00
      64.62      3.710    1483.81  0.000e+00
      64.71      3.653    1483.81  0.000e+00
      64.86      3.710    1483.81  0.000e+00
      64.91      3.710    1483.81  0.000e+00
      64.91      3.710    1483.81  0.000e+00
      64.91      3.776    1483.81  0.000e+00
      64.88      3.776    1483.81  0.000e+00
      65.05      3.834    1483.81  0.000e+00
      65.32      3.834    1483.81  0.000e+00
      65.40      3.776    1483.81  0.000e+00
      65.40      3.834    1483.82  0.000e+00
      65.37      3.834    1483.82  0.000e+00
      65.35      3.899    1483.82  0.000e+00
      65.47      3.899    1483.82  0.000e+00
      65.67      3.834    1483.82  0.000e+00
      65.71      3.899    1483.82  0.000e+00
      65.74      3.957    1483.82  0.000e+00
      65.71      3.834    1483.82  0.000e+00
      65.69      3.957    1483.82  0.000e+00
      65.91      3.957    1483.82  0.000e+00
      66.37      3.899    1483.82  0.000e+00
      66.52      3.957    1483.82  0.000e+00
      66.50      3.957    1483.82  0.000e+00
      66.47      3.957    1483.82  0.000e+00
      66.45      3.957    1483.82  0.000e+00
      65.96      3.957    1483.82  0.000e+00
      65.13      3.899    1483.82  0.000e+00
      64.91      3.957    1483.82  0.000e+00
      64.91      3.957    1483.82  0.000e+00
      64.93      3.957    1483.82  0.000e+00
      64.93      3.957    1483.82  0.000e+00
      65.05      3.899    1483.82  0.000e+00
      65.45      3.957    1483.82  0.000e+00
      65.59      3.957    1483.82  0.000e+00
      65.59      3.899    1483.83  0.000e+00
      65.57      3.957    1483.83  0.000e+00
      65.54      3.899    1483.82  0.000e+00
      65.13      3.899    1483.82  0.000e+00
      64.37      3.899    1483.82  0.000e+00
      64.13      3.899    1483.82  0.000e+00
      64.13      3.899    1483.82  0.000e+00
      64.18      3.899    1483.82  0.000e+00
      64.15      3.899    1483.82  0.000e+00
      63.98      3.776    1483.81  0.000e+00
      63.71      3.899    1483.81  0.000e+00
      63.61      3.834    1483.81  0.000e+00
      63.61      3.834    1483.81  0.000e+00
      63.64      3.776    1483.80  0.000e+00
      63.61      3.834    1483.80  0.000e+00
      63.61      3.710    1483.80  0.000e+00
      63.61      3.776    1483.80  0.000e+00
      63.61      3.776    1483.80  0.000e+00
      63.64      3.776    1483.80  0.000e+00
      63.61      3.653    1483.80  0.000e+00
      63.59      3.710    1483.80  0.000e+00
      63.64      3.710    1483.80  0.000e+00
      63.74      3.653    1483.80  0.000e+00
      63.74      3.653    1483.80  0.000e+00
      63.74      3.653    1483.80  0.000e+00
      63.74      3.587    1483.80  0.000e+00
      63.71      3.653    1483.81  0.000e+00
      63.59      3.587    1483.81  0.000e+00
      63.32      3.529    1483.80  0.000e+00
      63.22      3.587    1483.81  0.000e+00
      63.22      3.529    1483.81  0.000e+00
      63.25      3.529    1483.80  0.000e+00
      63.22      3.529    1483.81  0.000e+00
      63.30      3.529    1483.80  0.000e+00
      63.47      3.472    1483.80  0.000e+00
      63.57      3.472    1483.80  0.000e+00
      63.57      3.529    1483.81  0.000e+00
      63.54      3.406    1483.80  0.000e+00
      63.52      3.472    1483.80  0.000e+00
      63.37      3.472    1483.80  0.000e+00
      63.05      3.406    1483.80  0.000e+00
      62.95      3.472    1483.80  0.000e+00
      62.95      3.406    1483.80  0.000e+00
      62.98      3.472    1483.81  0.000e+00
      62.95      3.480    1483.81  0.000e+00
      62.95      3.349    1483.80  0.000e+00
      62.95      3.472    1483.81  0.000e+00
      62.95      3.406    1483.80  0.000e+00
      62.95      3.472    1483.80  0.000e+00
      62.95      3.472    1483.80  0.000e+00
      62.93      3.472    1483.80  0.000e+00
      63.10      3.406    1483.80  0.000e+00
      63.37      3.529    1483.80  0.000e+00
      63.44      3.472    1483.80  0.000e+00
      63.44      3.529    1483.80  0.000e+00
      63.44      3.529    1483.80  0.000e+00
      63.42      3.529    1483.80  0.000e+00
      63.39      3.529    1483.80  0.000e+00
      63.27      3.587    1483.80  0.000e+00
      63.25      3.587    1483.80  0.000e+00
      63.25      3.587    1483.80  0.000e+00
      63.25      3.587    1483.80  0.000e+00
      63.22      3.653    1483.80  0.000e+00
      63.30      3.653    1483.80  0.000e+00
      63.37      3.653    1483.80  0.000e+00
      63.39      3.653    1483.80  0.000e+00
      63.39      3.710    1483.80  0.000e+00
      63.37      3.653    1483.80  0.000e+00
      63.37      3.776    1483.80  0.000e+00
      63.59      3.710    1483.80  0.000e+00
      63.93      3.710    1483.80  0.000e+00
      64.03      3.776    1483.81  0.000e+00
      64.03      3.776    1483.81  0.000e+00
      64.00      3.776    1483.81  0.000e+00
      63.98      3.776    1483.81  0.000e+00
      64.03      3.776    1483.81  0.000e+00
      64.08      3.833    1483.81  0.000e+00
      64.10      3.833    1483.82  0.000e+00
      64.10      3.833    1483.82  0.000e+00
      64.10      3.833    1483.82  0.000e+00
      64.08      3.833    1483.82  0.000e+00
      64.30      3.833    1483.82  0.000e+00
      64.76      3.833    1483.82  0.000e+00
      64.88      3.899    1483.83  0.000e+00
      64.91      3.833    1483.83  0.000e+00
      64.88      3.899    1483.83  0.000e+00
      64.86      3.833    1483.83  0.000e+00
      64.71      3.899    1483.83  0.000e+00
      64.44      3.899    1483.83  0.000e+00
      64.37      3.899    1483.83  0.000e+00
      64.37      3.899    1483.83  0.000e+00
      64.37      3.899    1483.83  0.000e+00
      64.35      3.899    1483.83  0.000e+00
      64.20      3.899    1483.83  0.000e+00
      63.98      3.899    1483.83  0.000e+00
      63.93      3.957    1483.83  0.000e+00
      63.96      3.833    1483.83  0.000e+00
      63.93      3.957    1483.83  0.000e+00
      63.91      3.899    1483.83  0.000e+00
      63.83      3.899    1483.82  0.000e+00
      63.64      3.957    1483.83  0.000e+00
      63.57      3.899    1483.82  0.000e+00
      63.59      3.899    1483.82  0.000e+00
      63.59      3.899    1483.82  0.000e+00
      63.57      3.899    1483.82  0.000e+00
      63.59      3.899    1483.82  0.000e+00
      63.64      3.899    1483.83  0.000e+00
      63.69      3.899    1483.82  0.000e+00
      63.66      3.833    1483.82  0.000e+00
      63.66      3.899    1483.82  0.000e+00
      63.64      3.899    1483.82  0.000e+00
      63.47      3.899    1483.82  0.000e+00
      63.13      3.833    1483.82  0.000e+00
      63.00      3.899    1483.82  0.000e+00
      63.00      3.833    1483.82  0.000e+00
      63.00      3.899    1483.82  0.000e+00
      63.00      3.833    1483.81  0.000e+00
      63.05      3.833    1483.81  0.000e+00
      63.15      3.833    1483.81  0.000e+00
      63.17      3.899    1483.81  0.000e+00
      63.15      3.833    1483.81  0.000e+00
      63.17      3.833    1483.81  0.000e+00
      63.13      3.833    1483.81  0.000e+00
      62.93      3.833    1483.81  0.000e+00
      62.54      3.833    1483.81  0.000e+00
      62.42      3.833    1483.81  0.000e+00
      62.42      3.833    1483.81  0.000e+00
      62.42      3.833    1483.81  0.000e+00
      62.42      3.833    1483.81  0.000e+00
      62.52      3.833    1483.81  0.000e+00
      62.69      3.776    1483.81  0.000e+00
      62.76      3.833    1483.81  0.000e+00
      62.74      3.833    1483.81  0.000e+00
      62.74      3.833    1483.81  0.000e+00
      62.71      3.776    1483.81  0.000e+00
      62.69      3.833    1483.81  0.000e+00
      62.59      3.775    1483.81  0.000e+00
      62.56      3.833    1483.81  0.000e+00
      62.56      3.775    1483.81  0.000e+00
      62.56      3.833    1483.81  0.000e+00
      62.54      3.775    1483.81  0.000e+00
      62.61      3.833    1483.82  0.000e+00
      62.74      3.775    1483.81  0.000e+00
      62.74      3.833    1483.81  0.000e+00
      62.74      3.775    1483.81  0.000e+00
      62.74      3.775    1483.81  0.000e+00
      62.71      3.833    1483.81  0.000e+00
      62.74      3.660    1483.81  0.000e+00
      62.76      3.899    1483.81  0.000e+00
      62.78      3.775    1483.81  0.000e+00
      62.76      3.775    1483.81  0.000e+00
      62.76      3.775    1483.81  0.000e+00
      62.74      3.775    1483.82  0.000e+00
      62.78      3.775    1483.82  0.000e+00
      62.78      3.775    1483.82  0.000e+00
      62.81      3.710    1483.81  0.000e+00
      62.81      3.775    1483.81  0.000e+00
      62.81      3.775    1483.81  0.000e+00
      62.78      3.775    1483.81  0.000e+00
      62.81      3.710    1483.81  0.000e+00
      62.83      3.775    1483.81  0.000e+00
      62.86      3.775    1483.81  0.000e+00
      62.83      3.775    1483.81  0.000e+00
      62.83      3.710    1483.80  0.000e+00
      62.81      3.710    1483.80  0.000e+00
      62.88      3.775    1483.81  0.000e+00
      62.95      3.775    1483.80  0.000e+00
      62.98      3.775    1483.80  0.000e+00
      63.00      3.710    1483.80  0.000e+00
      62.98      3.775    1483.80  0.000e+00
      62.95      3.710    1483.80  0.000e+00
      62.95      3.710    1483.80  0.000e+00
      62.91      3.775    1483.80  0.000e+00
      62.93      3.775    1483.80  0.000e+00
      62.93      3.710    1483.80  0.000e+00
      62.91      3.710    1483.81  0.000e+00
      62.91      3.775    1483.81  0.000e+00
      63.03      3.775    1483.81  0.000e+00
      63.30      3.775    1483.81  0.000e+00
      63.37      3.709    1483.81  0.000e+00
      63.39      3.709    1483.81  0.000e+00
      63.37      3.775    1483.81  0.000e+00
      63.35      3.709    1483.82  0.000e+00
      63.30      3.775    1483.82  0.000e+00
      63.22      3.709    1483.82  0.000e+00
      63.20      3.775    1483.82  0.000e+00
      63.20      3.709    1483.82  0.000e+00
      63.20      3.775    1483.82  0.000e+00
      63.17      3.775    1483.82  0.000e+00
      63.15      3.709    1483.82  0.000e+00
      63.10      3.775    1483.82  0.000e+00
      63.08      3.775    1483.82  0.000e+00
      63.08      3.775    1483.82  0.000e+00
      63.08      3.775    1483.82  0.000e+00
      63.05      3.709    1483.82  0.000e+00
      63.13      3.775    1483.82  0.000e+00
      63.30      3.775    1483.82  0.000e+00
      63.35      3.833    1483.82  0.000e+00
      63.35      3.775    1483.82  0.000e+00
      63.35      3.775    1483.82  0.000e+00
      63.32      3.775    1483.82  0.000e+00
      63.32      3.833    1483.82  0.000e+00
      63.37      3.833    1483.82  0.000e+00
      63.37      3.833    1483.82  0.000e+00
      63.35      3.775    1483.82  0.000e+00
      63.37      3.833    1483.82  0.000e+00
      63.35      3.898    1483.82  0.000e+00
      63.25      3.833    1483.82  0.000e+00
      63.08      3.833    1483.82  0.000e+00
      63.03      3.833    1483.82  0.000e+00
      63.03      3.898    1483.82  0.000e+00
      63.03      3.898    1483.82  0.000e+00
      63.00      3.833    1483.82  0.000e+00
      63.10      3.898    1483.82  0.000e+00
      63.20      3.898    1483.82  0.000e+00
      63.20      3.956    1483.82  0.000e+00
      63.22      3.898    1483.82  0.000e+00
      63.20      3.956    1483.82  0.000e+00
      63.17      3.956    1483.83  0.000e+00
      63.27      3.956    1483.83  0.000e+00
      63.49      3.956    1483.83  0.000e+00
      63.57      3.956    1483.83  0.000e+00
      63.59      3.956    1483.83  0.000e+00
      63.57      4.013    1483.83  0.000e+00
      63.54      3.956    1483.83  0.000e+00
      63.54      4.079    1483.83  0.000e+00
      63.52      3.956    1483.83  0.000e+00
      63.49      4.013    1483.83  0.000e+00
      63.49      4.079    1483.83  0.000e+00
      63.52      4.079    1483.83  0.000e+00
      63.49      4.013    1483.83  0.000e+00
      63.52      4.079    1483.83  0.000e+00
      63.57      4.013    1483.83  0.000e+00
      63.61      4.137    1483.83  0.000e+00
      63.61      4.013    1483.83  0.000e+00
      63.59      4.079    1483.83  0.000e+00
      63.57      4.079    1483.83  0.000e+00
      63.69      4.137    1483.83  0.000e+00
      63.93      4.079    1483.83  0.000e+00
      64.00      4.013    1483.83  0.000e+00
      64.00      4.079    1483.83  0.000e+00
      64.00      4.079    1483.83  0.000e+00
      63.98      4.079    1483.83  0.000e+00
      64.03      4.079    1483.83  0.000e+00
      64.10      4.079    1483.83  0.000e+00
      64.15      4.079    1483.83  0.000e+00
      64.15      4.079    1483.83  0.000e+00
      64.15      4.013    1483.83  0.000e+00
      64.13      4.079    1483.83  0.000e+00
      64.15      4.079    1483.83  0.000e+00
      64.22      4.079    1483.83  0.000e+00
      64.25      4.013    1483.83  0.000e+00
      64.25      4.013    1483.83  0.000e+00
      64.25      4.079    1483.83  0.000e+00
      64.22      3.956    1483.83  0.000e+00
      64.15      3.956    1483.83  0.000e+00
      64.03      4.013    1483.83  0.000e+00
      64.00      3.956    1483.83  0.000e+00
      64.00      3.956    1483.83  0.000e+00
      64.00      3.956    1483.83  0.000e+00
      63.98      3.956    1483.83  0.000e+00
      64.00      3.898    1483.83  0.000e+00
      64.10      3.956    1483.83  0.000e+00
      64.15      3.832    1483.83  0.000e+00
      64.15      3.898    1483.83  0.000e+00
      64.15      3.832    1483.82  0.000e+00
      64.13      3.832    1483.82  0.000e+00
      63.96      3.832    1483.82  0.000e+00
      63.71      3.832    1483.82  0.000e+00
      63.64      3.775    1483.82  0.000e+00
      63.66      3.775    1483.82  0.000e+00
      63.66      3.775    1483.82  0.000e+00
      63.64      3.709    1483.81  0.000e+00
      63.66      3.709    1483.81  0.000e+00
      63.71      3.709    1483.81  0.000e+00
      63.76      3.651    1483.80  0.000e+00
      63.76      3.660    1483.80  0.000e+00
      63.76      3.586    1483.80  0.000e+00
      63.71      3.651    1483.80  0.000e+00
      63.76      3.586    1483.80  0.000e+00
      63.86      3.586    1483.80  0.000e+00
      63.88      3.586    1483.80  0.000e+00
      63.91      3.528    1483.80  0.000e+00
      63.91      3.586    1483.80  0.000e+00
      63.86      3.528    1483.80  0.000e+00
      63.74      3.528    1483.80  0.000e+00
