test_casts/EN695_011_test.cnv
* Sea-Bird SBE 9 Data File:
* FileName = D:\ctd\raw\EN695_011.hdr
* Software Version Seasave V 7.26.7.121
* Temperature SN = 4333
* Conductivity SN = 2459
* Number of Bytes Per Scan = 40
* Number of Voltage Words = 5
* Number of Scans Averaged by the Deck Unit = 1
* NMEA Latitude = 41 01.38 N
* NMEA Longitude = 070 52.97 W
* NMEA UTC (Time) = Jan 13 2023  10:15:04
* NMEA baud rate = 4800
** Ship: R/V Endeavor
** Cruise: EN695
** Principal Investigator: Heidi Sosik
** Chief Scientist: Heidi Sosik
** Project: NES-LTER Transect 12 Winter
** Cruise Start Date: 11 Jan 2023
** Ports: Senesco Shipyard to Senesco Shipyard, North Kingstown, Rhode Island
** Station:  L2
** Bottom Depth: 46 m
** Operator:  tc
# nquan = 4
# nvalues = 14371                                 
# units = specified
# name 0 = altM: Altimeter [m]
# name 1 = depSM: Depth [salt water, m]
# name 2 = svCM: Sound Velocity [Chen-Millero, m/s]
# name 3 = flag:  0.000e+00
# span 0 =       0.00,      48.08                 
# span 1 =      2.916,     42.244                 
# span 2 =    1478.94,    1479.93                 
# span 3 = 0.0000e+00, 0.0000e+00                 
# interval = seconds: 0.0416667
# start_time = Jan 13 2023 10:15:07 [System UTC, header]
# bad_flag = -9.990e-29
*END*
[from data line 4978]
       5.81     40.842    1479.30  0.000e+00
       5.79     40.908    1479.31  0.000e+00
       5.81     40.826    1479.31  0.000e+00
       5.79     40.842    1479.32  0.000e+00
       5.81     40.908    1479.32  0.000e+00
       5.81     40.842    1479.32  0.000e+00
       5.81     40.842    1479.32  0.000e+00
       5.81     40.883    1479.32  0.000e+00
       5.81     40.785    1479.31  0.000e+00
       5.81     40.908    1479.31  0.000e+00
       5.81     40.785    1479.30  0.000e+00
       5.81     40.883    1479.30  0.000e+00
       5.84     40.842    1479.30  0.000e+00
       5.84     40.785    1479.30  0.000e+00
       5.84     40.842    1479.31  0.000e+00
       5.81     40.842    1479.31  0.000e+00
       5.81     40.826    1479.31  0.000e+00
       5.79     40.908    1479.31  0.000e+00
       5.79     40.842    1479.32  0.000e+00
       5.79     40.785    1479.32  0.000e+00
       5.79     40.826    1479.33  0.000e+00
       5.79     40.908    1479.33  0.000e+00
       5.79     40.842    1479.33  0.000e+00
       5.81     40.842    1479.33  0.000e+00
       5.81     40.842    1479.33  0.000e+00
       5.79     40.826    1479.33  0.000e+00
       5.81     40.908    1479.33  0.000e+00
       5.79     40.908    1479.31  0.000e+00
       5.81     40.842    1479.30  0.000e+00
       5.81     40.883    1479.30  0.000e+00
       5.84     40.842    1479.29  0.000e+00
       5.86     40.965    1479.29  0.000e+00
       5.84     40.842    1479.29  0.000e+00
       5.84     40.883    1479.29  0.000e+00
       5.84     40.965    1479.29  0.000e+00
       5.76     40.965    1479.29  0.000e+00
       5.74     40.965    1479.29  0.000e+00
       5.74     40.908    1479.28  0.000e+00
       5.76     40.949    1479.28  0.000e+00
       5.76     40.965    1479.28  0.000e+00
       5.76     41.031    1479.29  0.000e+00
       5.76     40.965    1479.28  0.000e+00
       5.76     40.949    1479.28  0.000e+00
       5.76     41.146    1479.29  0.000e+00
       5.76     40.965    1479.29  0.000e+00
       5.76     41.089    1479.29  0.000e+00
       5.76     41.089    1479.29  0.000e+00
       5.71     41.072    1479.28  0.000e+00
       5.71     41.089    1479.28  0.000e+00
       5.71     41.146    1479.28  0.000e+00
       5.71     41.089    1479.28  0.000e+00
       5.71     41.146    1479.28  0.000e+00
       5.69     41.195    1479.28  0.000e+00
       5.67     41.146    1479.27  0.000e+00
       5.64     41.212    1479.28  0.000e+00
       5.64     41.212    1479.28  0.000e+00
       5.64     41.253    1479.28  0.000e+00
       5.62     41.212    1479.29  0.000e+00
       5.62     41.269    1479.29  0.000e+00
       5.54     41.269    1479.30  0.000e+00
       5.52     41.335    1479.30  0.000e+00
       5.52     41.311    1479.30  0.000e+00
       5.52     41.335    1479.31  0.000e+00
       5.54     41.335    1479.31  0.000e+00
       5.52     41.335    1479.31  0.000e+00
       5.42     41.311    1479.30  0.000e+00
       5.40     41.459    1479.30  0.000e+00
       5.37     41.459    1479.30  0.000e+00
       5.37     41.393    1479.30  0.000e+00
       5.40     41.458    1479.31  0.000e+00
       5.40     41.434    1479.31  0.000e+00
       5.42     41.516    1479.31  0.000e+00
       5.45     41.516    1479.31  0.000e+00
       5.45     41.458    1479.30  0.000e+00
       5.42     41.516    1479.30  0.000e+00
       5.42     41.557    1479.31  0.000e+00
       5.42     41.516    1479.31  0.000e+00
       5.32     41.516    1479.31  0.000e+00
       5.30     41.573    1479.31  0.000e+00
       5.30     41.573    1479.31  0.000e+00
       5.30     41.557    1479.30  0.000e+00
       5.30     41.639    1479.30  0.000e+00
       5.30     41.573    1479.30  0.000e+00
       5.18     41.573    1479.29  0.000e+00
       5.10     41.615    1479.29  0.000e+00
       5.10     41.573    1479.28  0.000e+00
       5.10     41.639    1479.28  0.000e+00
       5.13     41.573    1479.28  0.000e+00
       5.10     41.639    1479.28  0.000e+00
       5.08     41.615    1479.29  0.000e+00
       5.05     41.573    1479.29  0.000e+00
       5.08     41.573    1479.29  0.000e+00
       5.08     41.573    1479.29  0.000e+00
       5.05     41.573    1479.29  0.000e+00
       5.08     41.557    1479.29  0.000e+00
       5.08     41.573    1479.29  0.000e+00
       5.18     41.516    1479.29  0.000e+00
       5.23     41.573    1479.29  0.000e+00
       5.23     41.516    1479.29  0.000e+00
       5.23     41.557    1479.29  0.000e+00
       5.23     41.516    1479.29  0.000e+00
       5.23     41.458    1479.29  0.000e+00
       5.20     41.458    1479.29  0.000e+00
       5.23     41.499    1479.29  0.000e+00
       5.23     41.392    1479.28  0.000e+00
       5.23     41.458    1479.28  0.000e+00
       5.23     41.335    1479.28  0.000e+00
       5.32     41.335    1479.27  0.000e+00
       5.37     41.376    1479.28  0.000e+00
       5.37     41.335    1479.28  0.000e+00
       5.35     41.335    1479.28  0.000e+00
       5.35     41.269    1479.28  0.000e+00
       5.37     41.269    1479.28  0.000e+00
       5.45     41.253    1479.28  0.000e+00
       5.45     41.212    1479.28  0.000e+00
       5.47     41.212    1479.28  0.000e+00
       5.45     41.146    1479.28  0.000e+00
       5.47     41.129    1479.28  0.000e+00
       5.47     41.088    1479.28  0.000e+00
       5.57     41.088    1479.28  0.000e+00
       5.62     41.031    1479.28  0.000e+00
       5.62     40.965    1479.28  0.000e+00
       5.62     41.006    1479.28  0.000e+00
       5.59     40.965    1479.28  0.000e+00
       5.62     40.907    1479.26  0.000e+00
       5.76     40.841    1479.25  0.000e+00
       5.84     40.883    1479.25  0.000e+00
       5.84     40.784    1479.24  0.000e+00
       5.84     40.784    1479.24  0.000e+00
       5.84     40.726    1479.23  0.000e+00
       5.86     40.784    1479.23  0.000e+00
       5.96     40.644    1479.23  0.000e+00
       5.98     40.661    1479.23  0.000e+00
       6.01     40.603    1479.24  0.000e+00
       5.98     40.603    1479.24  0.000e+00
       5.98     40.521    1479.24  0.000e+00
       6.01     40.603    1479.24  0.000e+00
       6.13     40.480    1479.23  0.000e+00
       6.18     40.480    1479.23  0.000e+00
       6.18     40.455    1479.23  0.000e+00
       6.18     40.414    1479.23  0.000e+00
       6.18     40.356    1479.23  0.000e+00
       6.23     40.414    1479.24  0.000e+00
       6.32     40.356    1479.24  0.000e+00
       6.37     40.274    1479.24  0.000e+00
       6.37     40.356    1479.24  0.000e+00
       6.37     40.233    1479.24  0.000e+00
       6.35     40.233    1479.24  0.000e+00
       6.37     40.274    1479.24  0.000e+00
       6.50     40.233    1479.24  0.000e+00
       6.54     40.175    1479.24  0.000e+00
       6.54     40.175    1479.24  0.000e+00
       6.54     40.151    1479.24  0.000e+00
       6.52     40.233    1479.24  0.000e+00
       6.57     40.110    1479.23  0.000e+00
       6.67     40.110    1479.23  0.000e+00
       6.72     40.151    1479.23  0.000e+00
       6.72     40.110    1479.23  0.000e+00
       6.72     40.110    1479.23  0.000e+00
       6.69     40.052    1479.23  0.000e+00
       6.72     40.110    1479.23  0.000e+00
       6.72     40.093    1479.23  0.000e+00
       6.74     40.109    1479.23  0.000e+00
       6.74     40.052    1479.23  0.000e+00
       6.74     40.109    1479.24  0.000e+00
       6.74     40.151    1479.24  0.000e+00
       6.72     40.052    1479.24  0.000e+00
       6.72     40.109    1479.24  0.000e+00
       6.69     40.175    1479.24  0.000e+00
       6.72     40.093    1479.24  0.000e+00
       6.69     40.175    1479.25  0.000e+00
       6.69     40.175    1479.25  0.000e+00
       6.69     40.175    1479.26  0.000e+00
       6.69     40.151    1479.26  0.000e+00
       6.72     40.233    1479.27  0.000e+00
       6.72     40.233    1479.27  0.000e+00
       6.72     40.233    1479.28  0.000e+00
       6.72     40.274    1479.28  0.000e+00
       6.69     40.299    1479.28  0.000e+00
       6.64     40.356    1479.28  0.000e+00
       6.62     40.356    1479.28  0.000e+00
       6.62     40.356    1479.29  0.000e+00
       6.62     40.455    1479.29  0.000e+00
       6.62     40.414    1479.29  0.000e+00
       6.57     40.479    1479.29  0.000e+00
       6.45     40.537    1479.28  0.000e+00
       6.40     40.521    1479.27  0.000e+00
       6.37     40.603    1479.27  0.000e+00
       6.40     40.603    1479.27  0.000e+00
       6.40     40.660    1479.27  0.000e+00
       6.35     40.701    1479.27  0.000e+00
       6.30     40.726    1479.27  0.000e+00
       6.25     40.726    1479.27  0.000e+00
       6.25     40.726    1479.27  0.000e+00
       6.25     40.841    1479.28  0.000e+00
       6.25     40.882    1479.27  0.000e+00
       6.23     40.907    1479.27  0.000e+00
       6.13     40.907    1479.27  0.000e+00
       6.06     40.964    1479.27  0.000e+00
       6.08     41.006    1479.27  0.000e+00
       6.08     41.030    1479.27  0.000e+00
       6.08     41.145    1479.27  0.000e+00
       6.06     41.145    1479.26  0.000e+00
       5.93     41.211    1479.26  0.000e+00
       5.86     41.252    1479.26  0.000e+00
       5.84     41.334    1479.27  0.000e+00
       5.84     41.334    1479.27  0.000e+00
       5.86     41.392    1479.28  0.000e+00
       5.79     41.499    1479.28  0.000e+00
       5.67     41.458    1479.28  0.000e+00
       5.59     41.573    1479.28  0.000e+00
       5.59     41.573    1479.27  0.000e+00
       5.59     41.573    1479.27  0.000e+00
       5.59     41.680    1479.27  0.000e+00
       5.57     41.639    1479.27  0.000e+00
       5.45     41.696    1479.27  0.000e+00
       5.37     41.696    1479.28  0.000e+00
       5.37     41.696    1479.29  0.000e+00
       5.40     41.861    1479.28  0.000e+00
       5.37     41.762    1479.27  0.000e+00
       5.37     41.877    1479.26  0.000e+00
       5.30     41.943    1479.25  0.000e+00
       5.25     41.877    1479.24  0.000e+00
       5.23     41.984    1479.23  0.000e+00
       5.25     41.943    1479.23  0.000e+00
       5.23     42.000    1479.23  0.000e+00
       5.18     42.000    1479.23  0.000e+00
       4.98     42.000    1479.23  0.000e+00
       4.91     42.041    1479.23  0.000e+00
       4.91     42.066    1479.23  0.000e+00
       4.91     42.066    1479.23  0.000e+00
       4.91     42.066    1479.23  0.000e+00
       4.93     42.066    1479.23  0.000e+00
       4.79     42.041    1479.23  0.000e+00
       4.64     42.066    1479.23  0.000e+00
       4.62     42.124    1479.23  0.000e+00
       4.62     42.000    1479.22  0.000e+00
       4.62     42.066    1479.22  0.000e+00
       4.64     42.041    1479.21  0.000e+00
       4.59     42.000    1479.21  0.000e+00
       4.62     42.000    1479.22  0.000e+00
       4.59     42.066    1479.22  0.000e+00
       4.62     41.943    1479.21  0.000e+00
       4.62     41.984    1479.21  0.000e+00
       4.62     41.943    1479.21  0.000e+00
       4.64     41.877    1479.21  0.000e+00
       4.64     41.943    1479.21  0.000e+00
       4.66     41.877    1479.22  0.000e+00
       4.66     41.860    1479.24  0.000e+00
       4.64     41.877    1479.25  0.000e+00
       4.69     41.819    1479.26  0.000e+00
       4.74     41.762    1479.27  0.000e+00
       4.76     41.762    1479.28  0.000e+00
       4.76     41.679    1479.28  0.000e+00
       4.74     41.696    1479.28  0.000e+00
       4.74     41.638    1479.27  0.000e+00
       4.76     41.638    1479.27  0.000e+00
       4.86     41.556    1479.27  0.000e+00
       4.91     41.515    1479.26  0.000e+00
       4.91     41.515    1479.26  0.000e+00
       4.91     41.457    1479.26  0.000e+00
       4.91     41.457    1479.25  0.000e+00
       4.93     41.375    1479.25  0.000e+00
       5.05     41.334    1479.25  0.000e+00
       5.13     41.392    1479.25  0.000e+00
       5.13     41.268    1479.25  0.000e+00
       5.10     41.268    1479.26  0.000e+00
       5.13     41.194    1479.26  0.000e+00
       5.15     41.211    1479.26  0.000e+00
       5.27     41.145    1479.26  0.000e+00
       5.32     41.145    1479.26  0.000e+00
       5.32     41.071    1479.26  0.000e+00
       5.32     41.087    1479.26  0.000e+00
       5.32     41.030    1479.26  0.000e+00
       5.35     41.030    1479.26  0.000e+00
       5.45     41.030    1479.26  0.000e+00
       5.45     40.947    1479.25  0.000e+00
       5.47     40.964    1479.26  0.000e+00
       5.47     40.841    1479.25  0.000e+00
       5.45     40.906    1479.25  0.000e+00
       5.49     40.824    1479.25  0.000e+00
       5.67     40.841    1479.25  0.000e+00
       5.74     40.841    1479.25  0.000e+00
       5.74     40.783    1479.25  0.000e+00
       5.76     40.725    1479.25  0.000e+00
       5.71     40.767    1479.25  0.000e+00
       5.74     40.725    1479.25  0.000e+00
       5.86     40.660    1479.25  0.000e+00
       5.89     40.660    1479.25  0.000e+00
       5.89     40.701    1479.25  0.000e+00
       5.89     40.602    1479.25  0.000e+00
       5.89     40.602    1479.25  0.000e+00
       5.91     40.660    1479.25  0.000e+00
       6.01     40.602    1479.25  0.000e+00
       6.06     40.577    1479.25  0.000e+00
       6.08     40.536    1479.25  0.000e+00
       6.06     40.602    1479.25  0.000e+00
       6.08     40.479    1479.24  0.000e+00
       6.08     40.577    1479.25  0.000e+00
       6.15     40.479    1479.24  0.000e+00
       6.18     40.536    1479.25  0.000e+00
       6.20     40.536    1479.24  0.000e+00
       6.20     40.520    1479.24  0.000e+00
       6.18     40.479    1479.24  0.000e+00
       6.20     40.479    1479.24  0.000e+00
       6.28     40.479    1479.24  0.000e+00
       6.30     40.479    1479.24  0.000e+00
       6.30     40.520    1479.24  0.000e+00
       6.30     40.479    1479.24  0.000e+00
       6.30     40.479    1479.24  0.000e+00
       6.30     40.479    1479.24  0.000e+00
       6.35     40.520    1479.24  0.000e+00
       6.37     40.479    1479.24  0.000e+00
       6.37     40.479    1479.24  0.000e+00
       6.37     40.479    1479.24  0.000e+00
       6.37     40.520    1479.24  0.000e+00
       6.37     40.536    1479.24  0.000e+00
       6.42     40.536    1479.24  0.000e+00
       6.42     40.536    1479.24  0.000e+00
       6.45     40.396    1479.24  0.000e+00
       6.45     40.659    1479.25  0.000e+00
       6.42     40.536    1479.25  0.000e+00
       6.42     40.602    1479.25  0.000e+00
       6.42     40.602    1479.25  0.000e+00
       6.42     40.577    1479.26  0.000e+00
       6.40     40.602    1479.26  0.000e+00
       6.40     40.602    1479.26  0.000e+00
       6.40     40.602    1479.26  0.000e+00
       6.40     40.643    1479.26  0.000e+00
       6.37     40.659    1479.26  0.000e+00
       6.35     40.659    1479.26  0.000e+00
       6.32     40.659    1479.26  0.000e+00
       6.32     40.725    1479.26  0.000e+00
       6.30     40.700    1479.26  0.000e+00
       6.30     40.659    1479.25  0.000e+00
       6.30     40.783    1479.26  0.000e+00
       6.32     40.725    1479.25  0.000e+00
       6.30     40.766    1479.26  0.000e+00
       6.30     40.783    1479.26  0.000e+00
       6.30     40.783    1479.26  0.000e+00
       6.30     40.840    1479.26  0.000e+00
       6.28     40.824    1479.26  0.000e+00
       6.30     40.783    1479.25  0.000e+00
       6.20     40.906    1479.26  0.000e+00
       6.11     40.906    1479.25  0.000e+00
       6.08     40.840    1479.25  0.000e+00
       6.11     40.947    1479.25  0.000e+00
       6.08     40.906    1479.25  0.000e+00
       6.11     40.964    1479.25  0.000e+00
       6.11     40.963    1479.25  0.000e+00
       6.11     41.005    1479.25  0.000e+00
       6.08     41.029    1479.25  0.000e+00
       6.06     41.029    1479.25  0.000e+00
       6.06     40.963    1479.25  0.000e+00
       6.06     41.087    1479.25  0.000e+00
