test_casts/EN695_003_test.cnv
* Sea-Bird SBE 9 Data File:
* FileName = D:\ctd\raw\EN695_003.hdr
* Software Version Seasave V 7.26.7.121
* Temperature SN = 4333
* Conductivity SN = 2459
* Number of Bytes Per Scan = 40
* Number of Voltage Words = 5
* Number of Scans Averaged by the Deck Unit = 1
* NMEA Latitude = 40 02.80 N
* NMEA Longitude = 070 52.84 W
* NMEA UTC (Time) = Jan 12 2023  06:42:36
* NMEA baud rate = 4800
** Ship: R/V Endeavor
** Cruise: EN695
** Principal Investigator: Heidi Sosik
** Chief Scientist: Heidi Sosik
** Project: NES-LTER Transect 12 Winter
** Cruise Start Date: 11 Jan 2023
** Ports: Senesco Shipyard to Senesco Shipyard, North Kingstown, Rhode Island
** Station:  L9
** Bottom Depth: 204m
** Operator:
# nquan = 4
# nvalues = 45735                                 
# units = specified
# name 0 = altM: Altimeter [m]
# name 1 = depSM: Depth [salt water, m]
# name 2 = svCM: Sound Velocity [Chen-Millero, m/s]
# name 3 = flag:  0.000e+00
# span 0 =       0.00,     100.00                 
# span 1 =      2.774,    198.461                 
# span 2 =    1502.08,    1516.11                 
# span 3 = 0.0000e+00, 0.0000e+00                 
# interval = seconds: 0.0416667
# start_time = Jan 12 2023 06:42:38 [System UTC, header]
# bad_flag = -9.990e-29
*END*
[from data line 19912]
      33.80    169.898    1509.73  0.000e+00
      33.80    169.898    1509.73  0.000e+00
      33.80    169.898    1509.73  0.000e+00
      33.80    169.832    1509.72  0.000e+00
      33.82    169.890    1509.73  0.000e+00
      33.85    169.898    1509.73  0.000e+00
      33.82    169.898    1509.73  0.000e+00
      33.85    169.898    1509.73  0.000e+00
      33.82    169.890    1509.73  0.000e+00
      33.82    169.832    1509.72  0.000e+00
      33.85    169.832    1509.72  0.000e+00
      33.85    169.898    1509.73  0.000e+00
      33.87    169.824    1509.72  0.000e+00
      33.85    169.832    1509.73  0.000e+00
      33.85    169.832    1509.73  0.000e+00
      33.85    169.832    1509.73  0.000e+00
      33.85    169.898    1509.73  0.000e+00
      33.82    169.824    1509.73  0.000e+00
      33.85    169.832    1509.73  0.000e+00
      33.85    169.832    1509.72  0.000e+00
      33.85    169.832    1509.72  0.000e+00
      33.82    169.766    1509.72  0.000e+00
      33.87    169.832    1509.72  0.000e+00
      33.89    169.832    1509.72  0.000e+00
      33.89    169.831    1509.73  0.000e+00
      33.89    169.831    1509.73  0.000e+00
      33.89    169.823    1509.73  0.000e+00
      33.87    169.831    1509.73  0.000e+00
      33.89    169.831    1509.73  0.000e+00
      33.89    169.831    1509.73  0.000e+00
      33.89    169.823    1509.73  0.000e+00
      33.92    169.774    1509.73  0.000e+00
      33.89    169.831    1509.73  0.000e+00
      33.89    169.831    1509.73  0.000e+00
      33.92    169.823    1509.73  0.000e+00
      33.92    169.831    1509.73  0.000e+00
      33.92    169.897    1509.73  0.000e+00
      33.92    169.831    1509.72  0.000e+00
      33.89    169.773    1509.72  0.000e+00
      33.89    169.889    1509.72  0.000e+00
      33.89    169.831    1509.72  0.000e+00
      33.87    169.897    1509.73  0.000e+00
      33.89    169.831    1509.73  0.000e+00
      33.89    169.823    1509.73  0.000e+00
      33.89    169.897    1509.73  0.000e+00
      33.87    169.897    1509.74  0.000e+00
      33.89    169.831    1509.74  0.000e+00
      33.94    169.888    1509.74  0.000e+00
      33.94    169.896    1509.74  0.000e+00
      33.94    169.831    1509.74  0.000e+00
      33.94    169.896    1509.75  0.000e+00
      33.94    169.896    1509.75  0.000e+00
      33.89    169.946    1509.75  0.000e+00
      33.82    169.896    1509.75  0.000e+00
      33.82    169.896    1509.75  0.000e+00
      33.85    169.896    1509.75  0.000e+00
      33.82    169.946    1509.75  0.000e+00
      33.82    169.954    1509.75  0.000e+00
      33.85    169.896    1509.75  0.000e+00
      33.85    169.954    1509.75  0.000e+00
      33.85    169.945    1509.75  0.000e+00
      33.85    169.896    1509.75  0.000e+00
      33.85    169.954    1509.75  0.000e+00
      33.85    169.954    1509.75  0.000e+00
      33.80    169.954    1509.76  0.000e+00
      33.80    169.945    1509.76  0.000e+00
      33.80    169.953    1509.75  0.000e+00
      33.80    170.019    1509.75  0.000e+00
      33.80    169.953    1509.75  0.000e+00
      33.77    169.945    1509.75  0.000e+00
      33.77    170.019    1509.75  0.000e+00
      33.77    169.896    1509.75  0.000e+00
      33.77    170.019    1509.75  0.000e+00
      33.77    170.011    1509.74  0.000e+00
      33.75    169.953    1509.74  0.000e+00
      33.77    169.953    1509.74  0.000e+00
      33.77    169.953    1509.74  0.000e+00
      33.77    170.019    1509.74  0.000e+00
      33.80    169.945    1509.74  0.000e+00
      33.80    170.019    1509.74  0.000e+00
      33.77    169.953    1509.74  0.000e+00
      33.77    169.953    1509.73  0.000e+00
      33.77    169.945    1509.73  0.000e+00
      33.77    169.953    1509.73  0.000e+00
      33.77    169.953    1509.73  0.000e+00
      33.77    169.953    1509.72  0.000e+00
      33.77    169.944    1509.72  0.000e+00
      33.75    169.953    1509.72  0.000e+00
      33.80    169.895    1509.72  0.000e+00
      33.80    169.953    1509.72  0.000e+00
      33.80    169.895    1509.72  0.000e+00
      33.80    169.944    1509.73  0.000e+00
      33.80    169.895    1509.72  0.000e+00
      33.80    169.895    1509.72  0.000e+00
      33.82    169.895    1509.72  0.000e+00
      33.85    169.886    1509.72  0.000e+00
      33.85    169.895    1509.72  0.000e+00
      33.85    169.895    1509.72  0.000e+00
      33.82    169.829    1509.72  0.000e+00
      33.82    169.820    1509.72  0.000e+00
      33.85    169.894    1509.72  0.000e+00
      33.85    169.829    1509.72  0.000e+00
      33.85    169.771    1509.72  0.000e+00
      33.85    169.829    1509.72  0.000e+00
      33.85    169.820    1509.72  0.000e+00
      33.85    169.771    1509.72  0.000e+00
      33.87    169.828    1509.73  0.000e+00
      33.89    169.713    1509.73  0.000e+00
      33.89    169.762    1509.73  0.000e+00
      33.89    169.771    1509.73  0.000e+00
      33.89    169.713    1509.73  0.000e+00
      33.89    169.771    1509.73  0.000e+00
      33.92    169.713    1509.73  0.000e+00
      33.94    169.696    1509.73  0.000e+00
      33.94    169.713    1509.73  0.000e+00
      33.94    169.647    1509.73  0.000e+00
      33.94    169.713    1509.73  0.000e+00
      33.94    169.639    1509.73  0.000e+00
      33.99    169.647    1509.73  0.000e+00
      34.02    169.647    1509.73  0.000e+00
      34.02    169.647    1509.73  0.000e+00
      34.02    169.647    1509.73  0.000e+00
      34.02    169.581    1509.73  0.000e+00
      33.99    169.589    1509.73  0.000e+00
      34.04    169.589    1509.73  0.000e+00
      34.07    169.589    1509.73  0.000e+00
      34.04    169.515    1509.73  0.000e+00
      34.04    169.646    1509.74  0.000e+00
      34.04    169.465    1509.74  0.000e+00
      34.04    169.589    1509.75  0.000e+00
      34.11    169.514    1509.75  0.000e+00
      34.14    169.523    1509.75  0.000e+00
      34.14    169.465    1509.75  0.000e+00
      34.14    169.588    1509.75  0.000e+00
      34.14    169.465    1509.75  0.000e+00
      34.11    169.457    1509.75  0.000e+00
      34.21    169.523    1509.75  0.000e+00
      34.24    169.465    1509.75  0.000e+00
      34.24    169.465    1509.75  0.000e+00
      34.24    169.341    1509.75  0.000e+00
      34.24    169.580    1509.75  0.000e+00
      34.21    169.399    1509.75  0.000e+00
      34.26    169.465    1509.75  0.000e+00
      34.26    169.399    1509.75  0.000e+00
      34.29    169.456    1509.75  0.000e+00
      34.26    169.465    1509.75  0.000e+00
      34.26    169.399    1509.75  0.000e+00
      34.24    169.464    1509.76  0.000e+00
      34.31    169.464    1509.77  0.000e+00
      34.33    169.390    1509.76  0.000e+00
      34.33    169.398    1509.76  0.000e+00
      34.33    169.464    1509.76  0.000e+00
      34.33    169.398    1509.76  0.000e+00
      34.33    169.456    1509.75  0.000e+00
      34.29    169.464    1509.75  0.000e+00
      34.29    169.398    1509.75  0.000e+00
      34.29    169.398    1509.74  0.000e+00
      34.31    169.464    1509.75  0.000e+00
      34.29    169.456    1509.76  0.000e+00
      34.29    169.398    1509.76  0.000e+00
      34.29    169.464    1509.77  0.000e+00
      34.31    169.464    1509.78  0.000e+00
      34.31    169.513    1509.78  0.000e+00
      34.31    169.464    1509.78  0.000e+00
      34.29    169.464    1509.78  0.000e+00
      34.29    169.464    1509.78  0.000e+00
      34.31    169.464    1509.79  0.000e+00
      34.31    169.513    1509.79  0.000e+00
      34.31    169.521    1509.79  0.000e+00
      34.29    169.521    1509.78  0.000e+00
      34.29    169.521    1509.77  0.000e+00
      34.29    169.513    1509.77  0.000e+00
      34.24    169.521    1509.76  0.000e+00
      34.21    169.587    1509.76  0.000e+00
      34.21    169.587    1509.76  0.000e+00
      34.21    169.587    1509.75  0.000e+00
      34.21    169.579    1509.75  0.000e+00
      34.19    169.587    1509.75  0.000e+00
      34.19    169.645    1509.75  0.000e+00
      34.19    169.645    1509.74  0.000e+00
      34.19    169.636    1509.74  0.000e+00
      34.19    169.644    1509.74  0.000e+00
      34.19    169.710    1509.74  0.000e+00
      34.19    169.644    1509.74  0.000e+00
      34.19    169.710    1509.74  0.000e+00
      34.19    169.760    1509.74  0.000e+00
      34.19    169.768    1509.74  0.000e+00
      34.19    169.710    1509.74  0.000e+00
      34.19    169.768    1509.74  0.000e+00
      34.16    169.759    1509.74  0.000e+00
      34.07    169.768    1509.73  0.000e+00
      34.02    169.825    1509.73  0.000e+00
      34.02    169.825    1509.73  0.000e+00
      34.02    169.817    1509.73  0.000e+00
      33.99    169.825    1509.73  0.000e+00
      33.99    169.891    1509.73  0.000e+00
      33.94    169.891    1509.73  0.000e+00
      33.94    169.891    1509.73  0.000e+00
      33.92    169.940    1509.73  0.000e+00
      33.94    169.949    1509.73  0.000e+00
      33.89    169.891    1509.72  0.000e+00
      33.92    169.948    1509.72  0.000e+00
      33.94    169.940    1509.72  0.000e+00
      33.94    170.014    1509.72  0.000e+00
      33.94    169.948    1509.72  0.000e+00
      33.94    170.014    1509.72  0.000e+00
      33.92    170.064    1509.72  0.000e+00
      33.92    169.948    1509.72  0.000e+00
      33.87    170.014    1509.72  0.000e+00
      33.82    170.072    1509.72  0.000e+00
      33.82    170.072    1509.72  0.000e+00
      33.82    170.006    1509.71  0.000e+00
      33.82    170.072    1509.72  0.000e+00
      33.80    170.072    1509.72  0.000e+00
      33.77    170.071    1509.72  0.000e+00
      33.80    170.063    1509.72  0.000e+00
      33.80    170.071    1509.71  0.000e+00
      33.80    170.071    1509.72  0.000e+00
      33.80    170.071    1509.71  0.000e+00
      33.77    170.063    1509.71  0.000e+00
      33.75    170.071    1509.71  0.000e+00
      33.72    170.071    1509.71  0.000e+00
      33.70    170.071    1509.71  0.000e+00
      33.70    170.063    1509.71  0.000e+00
      33.70    170.071    1509.71  0.000e+00
      33.70    170.071    1509.71  0.000e+00
      33.68    170.071    1509.71  0.000e+00
      33.65    170.071    1509.71  0.000e+00
      33.68    170.005    1509.72  0.000e+00
      33.68    170.071    1509.72  0.000e+00
      33.65    170.071    1509.72  0.000e+00
      33.65    170.013    1509.72  0.000e+00
      33.70    170.005    1509.72  0.000e+00
      33.72    170.071    1509.73  0.000e+00
      33.70    170.013    1509.72  0.000e+00
      33.72    169.947    1509.72  0.000e+00
      33.70    170.062    1509.72  0.000e+00
      33.70    169.947    1509.72  0.000e+00
      33.70    170.013    1509.72  0.000e+00
      33.70    169.947    1509.72  0.000e+00
      33.70    169.947    1509.72  0.000e+00
      33.70    169.939    1509.72  0.000e+00
      33.70    169.947    1509.73  0.000e+00
      33.70    169.947    1509.73  0.000e+00
      33.77    169.947    1509.73  0.000e+00
      33.82    169.881    1509.72  0.000e+00
      33.82    169.889    1509.73  0.000e+00
      33.82    169.889    1509.73  0.000e+00
      33.80    169.889    1509.73  0.000e+00
      33.80    169.881    1509.73  0.000e+00
      33.80    169.823    1509.73  0.000e+00
      33.77    169.823    1509.73  0.000e+00
      33.77    169.889    1509.73  0.000e+00
      33.77    169.765    1509.73  0.000e+00
      33.77    169.815    1509.73  0.000e+00
      33.77    169.823    1509.73  0.000e+00
      33.82    169.823    1509.73  0.000e+00
      33.85    169.823    1509.73  0.000e+00
      33.85    169.757    1509.73  0.000e+00
      33.87    169.765    1509.73  0.000e+00
      33.85    169.765    1509.73  0.000e+00
      33.85    169.765    1509.73  0.000e+00
      33.87    169.765    1509.73  0.000e+00
      33.89    169.814    1509.73  0.000e+00
      33.89    169.707    1509.73  0.000e+00
      33.89    169.765    1509.73  0.000e+00
      33.87    169.765    1509.73  0.000e+00
      33.87    169.756    1509.73  0.000e+00
      33.97    169.765    1509.73  0.000e+00
      33.99    169.707    1509.73  0.000e+00
      34.02    169.765    1509.73  0.000e+00
      33.99    169.756    1509.73  0.000e+00
      33.99    169.765    1509.73  0.000e+00
      33.99    169.765    1509.74  0.000e+00
      34.02    169.707    1509.74  0.000e+00
      34.02    169.764    1509.74  0.000e+00
      34.04    169.756    1509.75  0.000e+00
      34.04    169.764    1509.75  0.000e+00
      34.04    169.822    1509.75  0.000e+00
      34.02    169.764    1509.75  0.000e+00
      33.97    169.756    1509.75  0.000e+00
      33.94    169.764    1509.75  0.000e+00
      33.94    169.764    1509.75  0.000e+00
      33.94    169.822    1509.74  0.000e+00
      33.92    169.764    1509.74  0.000e+00
      33.92    169.813    1509.74  0.000e+00
      33.92    169.822    1509.74  0.000e+00
      33.92    169.764    1509.74  0.000e+00
      33.92    169.887    1509.75  0.000e+00
      33.92    169.813    1509.75  0.000e+00
      33.92    169.821    1509.75  0.000e+00
      33.92    169.821    1509.75  0.000e+00
      33.92    169.821    1509.75  0.000e+00
      33.92    169.879    1509.76  0.000e+00
      33.92    169.887    1509.76  0.000e+00
      33.92    169.821    1509.75  0.000e+00
      33.92    169.887    1509.75  0.000e+00
      33.92    169.887    1509.75  0.000e+00
      33.87    169.936    1509.75  0.000e+00
      33.87    169.887    1509.75  0.000e+00
      33.85    169.887    1509.75  0.000e+00
      33.87    169.945    1509.75  0.000e+00
      33.85    169.879    1509.75  0.000e+00
      33.85    169.944    1509.75  0.000e+00
      33.85    169.944    1509.76  0.000e+00
      33.82    169.944    1509.76  0.000e+00
      33.82    169.936    1509.76  0.000e+00
      33.85    169.944    1509.76  0.000e+00
      33.82    169.944    1509.77  0.000e+00
      33.80    170.010    1509.77  0.000e+00
      33.77    169.887    1509.76  0.000e+00
      33.77    170.002    1509.76  0.000e+00
      33.77    170.010    1509.76  0.000e+00
      33.77    169.944    1509.75  0.000e+00
      33.75    169.944    1509.75  0.000e+00
      33.75    170.002    1509.76  0.000e+00
      33.77    169.944    1509.76  0.000e+00
      33.80    170.010    1509.77  0.000e+00
      33.82    169.886    1509.77  0.000e+00
      33.80    170.002    1509.77  0.000e+00
      33.80    169.944    1509.77  0.000e+00
      33.80    169.944    1509.76  0.000e+00
      33.77    169.944    1509.76  0.000e+00
      33.77    169.944    1509.75  0.000e+00
      33.77    169.935    1509.74  0.000e+00
      33.77    169.944    1509.73  0.000e+00
      33.75    169.944    1509.73  0.000e+00
      33.75    169.886    1509.73  0.000e+00
      33.75    169.935    1509.73  0.000e+00
      33.72    169.886    1509.74  0.000e+00
      33.72    169.943    1509.74  0.000e+00
      33.75    169.820    1509.75  0.000e+00
      33.72    169.935    1509.75  0.000e+00
      33.72    169.820    1509.74  0.000e+00
      33.77    169.886    1509.74  0.000e+00
      33.82    169.820    1509.73  0.000e+00
      33.82    169.885    1509.73  0.000e+00
      33.80    169.811    1509.73  0.000e+00
      33.80    169.820    1509.73  0.000e+00
      33.80    169.819    1509.72  0.000e+00
      33.80    169.762    1509.72  0.000e+00
      33.82    169.811    1509.72  0.000e+00
      33.82    169.762    1509.72  0.000e+00
      33.82    169.762    1509.72  0.000e+00
      33.80    169.704    1509.72  0.000e+00
      33.80    169.753    1509.72  0.000e+00
      33.85    169.762    1509.72  0.000e+00
      33.87    169.704    1509.72  0.000e+00
      33.87    169.704    1509.72  0.000e+00
      33.87    169.638    1509.72  0.000e+00
      33.87    169.687    1509.72  0.000e+00
      33.85    169.704    1509.72  0.000e+00
      33.89    169.704    1509.72  0.000e+00
      33.94    169.638    1509.72  0.000e+00
