test_casts/EN695_011_test.cnv
* Sea-Bird SBE 9 Data File:
* FileName = D:\ctd\raw\EN695_011.hdr
* Software Version Seasave V 7.26.7.121
* Temperature SN = 4333
* Conductivity SN = 2459
* Number of Bytes Per Scan = 40
* Number of Voltage Words = 5
* Number of Scans Averaged by the Deck Unit = 1
* NMEA Latitude = 41 01.38 N
* NMEA Longitude = 070 52.97 W
* NMEA UTC (Time) = Jan 13 2023  10:15:04
* NMEA baud rate = 4800
** Ship: R/V Endeavor
** Cruise: EN695
** Principal Investigator: Heidi Sosik
** Chief Scientist: Heidi Sosik
** Project: NES-LTER Transect 12 Winter
** Cruise Start Date: 11 Jan 2023
** Ports: Senesco Shipyard to Senesco Shipyard, North Kingstown, Rhode Island
** Station:  L2
** Bottom Depth: 46 m
** Operator:  tc
# nquan = 4
# nvalues = 14371                                 
# units = specified
# name 0 = altM: Altimeter [m]
# name 1 = depSM: Depth [salt water, m]
# name 2 = svCM: Sound Velocity [Chen-Millero, m/s]
# name 3 = flag:  0.000e+00
# span 0 =       0.00,      48.08                 
# span 1 =      2.916,     42.244                 
# span 2 =    1478.94,    1479.93                 
# span 3 = 0.0000e+00, 0.0000e+00                 
# interval = seconds: 0.0416667
# start_time = Jan 13 2023 10:15:07 [System UTC, header]
# bad_flag = -9.990e-29
*END*
[from data line 7823]
      27.96     19.745    1479.01  0.000e+00
      27.94     19.712    1479.01  0.000e+00
      27.94     19.745    1479.01  0.000e+00
      27.91     19.770    1479.01  0.000e+00
      27.89     19.770    1479.01  0.000e+00
      27.84     19.687    1479.01  0.000e+00
      27.86     19.770    1479.01  0.000e+00
      27.86     19.712    1479.01  0.000e+00
      27.86     19.745    1479.01  0.000e+00
      27.86     19.712    1479.01  0.000e+00
      27.89     19.770    1479.02  0.000e+00
      27.89     19.687    1479.02  0.000e+00
      27.89     19.712    1479.02  0.000e+00
      27.89     19.770    1479.02  0.000e+00
      27.86     19.687    1479.02  0.000e+00
      27.86     19.770    1479.01  0.000e+00
      27.91     19.687    1479.01  0.000e+00
      27.94     19.712    1479.01  0.000e+00
      27.94     19.712    1479.01  0.000e+00
      27.94     19.745    1479.01  0.000e+00
      27.94     19.712    1479.01  0.000e+00
      27.94     19.646    1479.01  0.000e+00
      27.89     19.745    1479.01  0.000e+00
      27.89     19.712    1479.01  0.000e+00
      27.89     19.712    1479.01  0.000e+00
      27.89     19.687    1479.01  0.000e+00
      27.89     19.712    1479.02  0.000e+00
      27.89     19.646    1479.01  0.000e+00
      27.84     19.745    1479.02  0.000e+00
      27.84     19.712    1479.02  0.000e+00
      27.84     19.687    1479.02  0.000e+00
      27.86     19.712    1479.02  0.000e+00
      27.84     19.646    1479.02  0.000e+00
      27.84     19.745    1479.02  0.000e+00
      27.84     19.712    1479.01  0.000e+00
      27.81     19.712    1479.01  0.000e+00
      27.81     19.687    1479.01  0.000e+00
      27.81     19.712    1479.01  0.000e+00
      27.81     19.712    1479.01  0.000e+00
      27.81     19.687    1479.01  0.000e+00
      27.84     19.712    1479.02  0.000e+00
      27.86     19.770    1479.02  0.000e+00
      27.86     19.687    1479.02  0.000e+00
      27.86     19.770    1479.02  0.000e+00
      27.86     19.687    1479.01  0.000e+00
      27.84     19.770    1479.01  0.000e+00
      27.86     19.712    1479.01  0.000e+00
      27.89     19.745    1479.01  0.000e+00
      27.89     19.770    1479.01  0.000e+00
      27.89     19.770    1479.01  0.000e+00
      27.89     19.745    1479.01  0.000e+00
      27.86     19.835    1479.02  0.000e+00
      27.84     19.770    1479.01  0.000e+00
      27.81     19.811    1479.01  0.000e+00
      27.81     19.835    1479.01  0.000e+00
      27.81     19.835    1479.01  0.000e+00
      27.81     19.811    1479.01  0.000e+00
      27.79     19.835    1479.00  0.000e+00
      27.72     19.868    1479.00  0.000e+00
      27.67     19.893    1479.01  0.000e+00
      27.67     19.835    1479.00  0.000e+00
      27.67     19.926    1479.01  0.000e+00
      27.67     19.959    1479.01  0.000e+00
      27.67     19.893    1479.01  0.000e+00
      27.69     19.926    1479.01  0.000e+00
      27.72     19.959    1479.00  0.000e+00
      27.72     20.016    1479.00  0.000e+00
      27.74     19.926    1479.00  0.000e+00
      27.72     20.016    1479.01  0.000e+00
      27.67     20.049    1479.01  0.000e+00
      27.52     19.959    1479.01  0.000e+00
      27.45     20.074    1479.02  0.000e+00
      27.45     20.049    1479.03  0.000e+00
      27.47     20.074    1479.03  0.000e+00
      27.45     20.074    1479.04  0.000e+00
      27.45     20.115    1479.04  0.000e+00
      27.50     20.074    1479.04  0.000e+00
      27.55     20.139    1479.04  0.000e+00
      27.55     20.115    1479.04  0.000e+00
      27.55     20.139    1479.04  0.000e+00
      27.52     20.172    1479.05  0.000e+00
      27.50     20.197    1479.05  0.000e+00
      27.37     20.139    1479.05  0.000e+00
      27.35     20.172    1479.04  0.000e+00
      27.33     20.263    1479.04  0.000e+00
      27.33     20.197    1479.04  0.000e+00
      27.33     20.172    1479.05  0.000e+00
      27.33     20.263    1479.05  0.000e+00
      27.35     20.263    1479.04  0.000e+00
      27.35     20.172    1479.04  0.000e+00
      27.35     20.263    1479.03  0.000e+00
      27.35     20.172    1479.03  0.000e+00
      27.35     20.263    1479.03  0.000e+00
      27.35     20.197    1479.03  0.000e+00
      27.35     20.230    1479.03  0.000e+00
      27.33     20.263    1479.03  0.000e+00
      27.30     20.197    1479.03  0.000e+00
      27.28     20.230    1479.03  0.000e+00
      27.30     20.263    1479.03  0.000e+00
      27.28     20.230    1479.03  0.000e+00
      27.28     20.139    1479.03  0.000e+00
      27.25     20.263    1479.04  0.000e+00
      27.25     20.172    1479.04  0.000e+00
      27.23     20.197    1479.04  0.000e+00
      27.23     20.139    1479.04  0.000e+00
      27.23     20.172    1479.04  0.000e+00
      27.23     20.139    1479.04  0.000e+00
      27.23     20.197    1479.04  0.000e+00
      27.16     20.115    1479.04  0.000e+00
      27.11     20.074    1479.04  0.000e+00
      27.11     20.115    1479.04  0.000e+00
      27.11     20.074    1479.04  0.000e+00
      27.11     20.074    1479.04  0.000e+00
      27.16     20.049    1479.04  0.000e+00
      27.23     20.074    1479.04  0.000e+00
      27.23     20.016    1479.04  0.000e+00
      27.23     19.991    1479.04  0.000e+00
      27.23     20.016    1479.04  0.000e+00
      27.23     20.016    1479.05  0.000e+00
      27.28     19.992    1479.06  0.000e+00
      27.28     19.893    1479.06  0.000e+00
      27.30     19.926    1479.07  0.000e+00
      27.28     19.893    1479.07  0.000e+00
      27.28     19.893    1479.07  0.000e+00
      27.33     19.868    1479.08  0.000e+00
      27.45     19.835    1479.07  0.000e+00
      27.50     19.835    1479.07  0.000e+00
      27.50     19.745    1479.06  0.000e+00
      27.50     19.835    1479.05  0.000e+00
      27.50     19.770    1479.05  0.000e+00
      27.55     19.745    1479.05  0.000e+00
      27.64     19.770    1479.06  0.000e+00
      27.69     19.687    1479.08  0.000e+00
      27.67     19.646    1479.06  0.000e+00
      27.69     19.646    1479.05  0.000e+00
      27.67     19.687    1479.05  0.000e+00
      27.69     19.646    1479.07  0.000e+00
      27.77     19.589    1479.13  0.000e+00
      27.79     19.622    1479.15  0.000e+00
      27.79     19.589    1479.14  0.000e+00
      27.79     19.531    1479.11  0.000e+00
      27.77     19.564    1479.08  0.000e+00
      27.79     19.589    1479.06  0.000e+00
      27.86     19.465    1479.05  0.000e+00
      27.86     19.564    1479.05  0.000e+00
      27.86     19.465    1479.04  0.000e+00
      27.86     19.465    1479.04  0.000e+00
      27.86     19.498    1479.03  0.000e+00
      27.91     19.465    1479.03  0.000e+00
      27.99     19.441    1479.03  0.000e+00
      28.01     19.408    1479.03  0.000e+00
      28.03     19.465    1479.03  0.000e+00
      28.03     19.441    1479.03  0.000e+00
      28.01     19.408    1479.03  0.000e+00
      28.08     19.408    1479.03  0.000e+00
      28.16     19.441    1479.04  0.000e+00
      28.18     19.342    1479.04  0.000e+00
      28.18     19.408    1479.04  0.000e+00
      28.18     19.441    1479.04  0.000e+00
      28.16     19.342    1479.04  0.000e+00
      28.18     19.465    1479.04  0.000e+00
      28.21     19.317    1479.04  0.000e+00
      28.18     19.408    1479.04  0.000e+00
      28.18     19.408    1479.04  0.000e+00
      28.21     19.441    1479.04  0.000e+00
      28.18     19.342    1479.04  0.000e+00
      28.21     19.408    1479.04  0.000e+00
      28.28     19.383    1479.04  0.000e+00
      28.30     19.408    1479.04  0.000e+00
      28.30     19.441    1479.05  0.000e+00
      28.30     19.408    1479.05  0.000e+00
      28.30     19.408    1479.06  0.000e+00
      28.30     19.498    1479.09  0.000e+00
      28.30     19.408    1479.12  0.000e+00
      28.33     19.408    1479.16  0.000e+00
      28.33     19.441    1479.21  0.000e+00
      28.33     19.465    1479.22  0.000e+00
      28.33     19.465    1479.22  0.000e+00
      28.30     19.498    1479.22  0.000e+00
      28.30     19.465    1479.22  0.000e+00
      28.28     19.531    1479.23  0.000e+00
      28.30     19.441    1479.24  0.000e+00
      28.28     19.531    1479.27  0.000e+00
      28.28     19.531    1479.29  0.000e+00
      28.25     19.564    1479.30  0.000e+00
      28.21     19.465    1479.31  0.000e+00
      28.18     19.564    1479.31  0.000e+00
      28.18     19.589    1479.32  0.000e+00
      28.18     19.589    1479.32  0.000e+00
      28.18     19.564    1479.32  0.000e+00
      28.16     19.589    1479.32  0.000e+00
      28.11     19.589    1479.32  0.000e+00
      28.08     19.622    1479.33  0.000e+00
      28.08     19.646    1479.34  0.000e+00
      28.08     19.589    1479.34  0.000e+00
      28.06     19.622    1479.35  0.000e+00
      28.08     19.712    1479.36  0.000e+00
      28.08     19.646    1479.37  0.000e+00
      28.06     19.687    1479.37  0.000e+00
      28.06     19.712    1479.37  0.000e+00
      28.06     19.622    1479.37  0.000e+00
      28.06     19.712    1479.36  0.000e+00
      28.06     19.712    1479.36  0.000e+00
      28.06     19.745    1479.36  0.000e+00
      28.06     19.770    1479.35  0.000e+00
      28.06     19.770    1479.35  0.000e+00
      28.06     19.745    1479.35  0.000e+00
      28.06     19.770    1479.36  0.000e+00
      28.06     19.770    1479.36  0.000e+00
      28.01     19.811    1479.35  0.000e+00
      28.03     19.770    1479.35  0.000e+00
      28.03     19.835    1479.35  0.000e+00
      28.03     19.811    1479.35  0.000e+00
      28.01     19.835    1479.36  0.000e+00
      27.99     19.868    1479.37  0.000e+00
      27.94     19.835    1479.37  0.000e+00
      27.91     19.893    1479.39  0.000e+00
      27.91     19.868    1479.40  0.000e+00
      27.91     19.835    1479.41  0.000e+00
      27.91     19.959    1479.42  0.000e+00
      27.86     19.926    1479.42  0.000e+00
      27.84     19.893    1479.42  0.000e+00
      27.81     19.893    1479.43  0.000e+00
      27.81     19.926    1479.44  0.000e+00
      27.81     19.959    1479.44  0.000e+00
      27.81     19.926    1479.45  0.000e+00
      27.79     19.959    1479.45  0.000e+00
      27.72     20.016    1479.44  0.000e+00
      27.72     19.991    1479.43  0.000e+00
      27.72     19.959    1479.42  0.000e+00
      27.72     20.016    1479.41  0.000e+00
      27.69     19.991    1479.40  0.000e+00
      27.67     20.016    1479.40  0.000e+00
      27.64     20.016    1479.37  0.000e+00
      27.64     19.991    1479.34  0.000e+00
      27.64     20.016    1479.33  0.000e+00
      27.64     20.049    1479.32  0.000e+00
      27.64     20.016    1479.31  0.000e+00
      27.59     20.074    1479.30  0.000e+00
      27.59     20.049    1479.30  0.000e+00
      27.57     20.074    1479.29  0.000e+00
      27.57     20.074    1479.27  0.000e+00
      27.57     20.049    1479.26  0.000e+00
      27.55     20.074    1479.25  0.000e+00
      27.55     20.074    1479.23  0.000e+00
      27.52     20.115    1479.23  0.000e+00
      27.52     20.074    1479.26  0.000e+00
      27.50     20.115    1479.26  0.000e+00
      27.50     20.074    1479.24  0.000e+00
      27.50     20.074    1479.21  0.000e+00
      27.47     20.172    1479.21  0.000e+00
      27.42     20.074    1479.23  0.000e+00
      27.42     20.139    1479.25  0.000e+00
      27.42     20.115    1479.27  0.000e+00
      27.42     20.074    1479.30  0.000e+00
      27.40     20.139    1479.32  0.000e+00
      27.40     20.115    1479.33  0.000e+00
      27.40     20.074    1479.33  0.000e+00
      27.40     20.172    1479.31  0.000e+00
      27.42     20.074    1479.30  0.000e+00
      27.40     20.139    1479.28  0.000e+00
      27.40     20.049    1479.25  0.000e+00
      27.40     20.139    1479.26  0.000e+00
      27.40     20.074    1479.28  0.000e+00
      27.40     20.115    1479.28  0.000e+00
      27.40     20.074    1479.29  0.000e+00
      27.40     20.074    1479.29  0.000e+00
      27.40     20.049    1479.29  0.000e+00
      27.40     20.139    1479.29  0.000e+00
      27.42     20.049    1479.28  0.000e+00
      27.42     20.016    1479.28  0.000e+00
      27.42     20.074    1479.29  0.000e+00
      27.42     20.049    1479.30  0.000e+00
      27.40     20.074    1479.31  0.000e+00
      27.40     20.016    1479.34  0.000e+00
      27.40     20.049    1479.35  0.000e+00
      27.40     20.016    1479.35  0.000e+00
      27.37     20.016    1479.38  0.000e+00
      27.40     19.992    1479.41  0.000e+00
      27.37     20.016    1479.42  0.000e+00
      27.40     19.992    1479.41  0.000e+00
      27.45     19.959    1479.41  0.000e+00
      27.47     20.016    1479.39  0.000e+00
      27.47     19.926    1479.37  0.000e+00
      27.47     20.016    1479.36  0.000e+00
      27.45     19.893    1479.34  0.000e+00
      27.47     19.926    1479.35  0.000e+00
      27.52     19.959    1479.39  0.000e+00
      27.50     19.893    1479.41  0.000e+00
      27.52     19.926    1479.41  0.000e+00
      27.52     19.893    1479.40  0.000e+00
      27.50     19.868    1479.40  0.000e+00
      27.55     19.893    1479.39  0.000e+00
      27.57     19.835    1479.39  0.000e+00
      27.59     19.868    1479.38  0.000e+00
      27.59     19.893    1479.38  0.000e+00
      27.59     19.835    1479.38  0.000e+00
      27.57     19.811    1479.40  0.000e+00
      27.62     19.835    1479.42  0.000e+00
      27.67     19.770    1479.43  0.000e+00
      27.67     19.811    1479.43  0.000e+00
      27.67     19.770    1479.43  0.000e+00
      27.67     19.770    1479.42  0.000e+00
      27.67     19.811    1479.42  0.000e+00
      27.69     19.712    1479.42  0.000e+00
      27.77     19.745    1479.43  0.000e+00
      27.79     19.712    1479.43  0.000e+00
      27.79     19.770    1479.43  0.000e+00
      27.77     19.687    1479.41  0.000e+00
      27.77     19.712    1479.40  0.000e+00
      27.79     19.712    1479.39  0.000e+00
      27.86     19.687    1479.38  0.000e+00
      27.89     19.646    1479.38  0.000e+00
      27.89     19.646    1479.38  0.000e+00
      27.86     19.687    1479.38  0.000e+00
      27.86     19.646    1479.37  0.000e+00
      27.89     19.646    1479.36  0.000e+00
      27.94     19.622    1479.36  0.000e+00
      27.94     19.589    1479.36  0.000e+00
      27.94     19.622    1479.37  0.000e+00
      27.94     19.646    1479.38  0.000e+00
      27.91     19.589    1479.37  0.000e+00
      27.96     19.622    1479.36  0.000e+00
      28.01     19.589    1479.35  0.000e+00
      28.03     19.589    1479.35  0.000e+00
      28.03     19.564    1479.35  0.000e+00
      28.03     19.646    1479.36  0.000e+00
      28.03     19.589    1479.35  0.000e+00
      28.01     19.498    1479.35  0.000e+00
      28.01     19.589    1479.34  0.000e+00
      28.01     19.589    1479.32  0.000e+00
      28.01     19.564    1479.32  0.000e+00
      28.01     19.531    1479.34  0.000e+00
      27.99     19.622    1479.35  0.000e+00
      28.01     19.531    1479.36  0.000e+00
      28.06     19.531    1479.37  0.000e+00
      28.08     19.564    1479.40  0.000e+00
      28.08     19.589    1479.45  0.000e+00
      28.08     19.531    1479.47  0.000e+00
      28.06     19.564    1479.46  0.000e+00
      28.08     19.531    1479.44  0.000e+00
      28.03     19.589    1479.43  0.000e+00
      28.06     19.564    1479.43  0.000e+00
      28.06     19.531    1479.43  0.000e+00
      28.03     19.589    1479.44  0.000e+00
      28.03     19.498    1479.43  0.000e+00
      28.06     19.589    1479.42  0.000e+00
      28.06     19.589    1479.42  0.000e+00
      28.06     19.498    1479.43  0.000e+00
      28.08     19.589    1479.43  0.000e+00
      28.06     19.564    1479.43  0.000e+00
      28.03     19.531    1479.43  0.000e+00
      28.06     19.589    1479.43  0.000e+00
      28.08     19.622    1479.43  0.000e+00
