test_casts/EN695_013_test.cnv
* Sea-Bird SBE 9 Data File:
* FileName = D:\ctd\raw\EN695_013.hdr
* Software Version Seasave V 7.26.7.121
* Temperature SN = 4333
* Conductivity SN = 2459
* Number of Bytes Per Scan = 40
* Number of Voltage Words = 5
* Number of Scans Averaged by the Deck Unit = 1
* NMEA Latitude = 40 41.78 N
* NMEA Longitude = 070 59.81 W
* NMEA UTC (Time) = Jan 14 2023  08:07:53
* NMEA baud rate = 4800
** Ship: R/V Endeavor
** Cruise: EN695
** Principal Investigator: Heidi Sosik
** Chief Scientist: Heidi Sosik
** Project: NES-LTER Transect 12 Winter
** Cruise Start Date: 11 Jan 2023
** Ports: Senesco Shipyard to Senesco Shipyard, North Kingstown, Rhode Island
** Station:  d4a
** Bottom Depth: 64 m
** Operator:
# nquan = 4
# nvalues = 7068                                  
# units = specified
# name 0 = altM: Altimeter [m]
# name 1 = depSM: Depth [salt water, m]
# name 2 = svCM: Sound Velocity [Chen-Millero, m/s]
# name 3 = flag:  0.000e+00
# span 0 =       4.10,      87.79                 
# span 1 =      3.445,     59.310                 
# span 2 =    1482.92,    1488.61                 
# span 3 = 0.0000e+00, 0.0000e+00                 
# interval = seconds: 0.0416667
# start_time = Jan 14 2023 08:07:55 [System UTC, header]
# bad_flag = -9.990e-29
*END*
[from data line 4623]
      21.73     41.415    1485.64  0.000e+00
      21.73     41.497    1485.64  0.000e+00
      21.83     41.382    1485.63  0.000e+00
      21.88     41.357    1485.63  0.000e+00
      21.90     41.382    1485.63  0.000e+00
      21.90     41.316    1485.63  0.000e+00
      21.90     41.316    1485.63  0.000e+00
      21.88     41.234    1485.63  0.000e+00
      22.08     41.193    1485.63  0.000e+00
      22.20     41.193    1485.63  0.000e+00
      22.20     41.176    1485.63  0.000e+00
      22.20     41.135    1485.63  0.000e+00
      22.17     41.135    1485.63  0.000e+00
      22.20     41.069    1485.63  0.000e+00
      22.47     41.110    1485.63  0.000e+00
      22.61     41.069    1485.63  0.000e+00
      22.64     41.012    1485.63  0.000e+00
      22.64     41.053    1485.64  0.000e+00
      22.61     41.012    1485.64  0.000e+00
      22.61     40.954    1485.66  0.000e+00
      22.61     40.930    1485.70  0.000e+00
      22.61     41.012    1485.73  0.000e+00
      22.64     40.954    1485.74  0.000e+00
      22.64     40.954    1485.76  0.000e+00
      22.61     40.872    1485.77  0.000e+00
      22.61     40.888    1485.76  0.000e+00
      22.69     40.888    1485.75  0.000e+00
      22.71     40.872    1485.75  0.000e+00
      22.74     40.831    1485.74  0.000e+00
      22.71     40.765    1485.74  0.000e+00
      22.71     40.831    1485.75  0.000e+00
      22.71     40.806    1485.76  0.000e+00
      22.83     40.765    1485.77  0.000e+00
      22.93     40.765    1485.78  0.000e+00
      22.93     40.806    1485.77  0.000e+00
      22.93     40.765    1485.76  0.000e+00
      22.93     40.708    1485.74  0.000e+00
      22.93     40.749    1485.74  0.000e+00
      22.95     40.765    1485.73  0.000e+00
      23.00     40.765    1485.73  0.000e+00
      22.98     40.650    1485.73  0.000e+00
      22.98     40.749    1485.72  0.000e+00
      22.98     40.650    1485.71  0.000e+00
      22.98     40.707    1485.71  0.000e+00
      23.20     40.625    1485.71  0.000e+00
      23.35     40.707    1485.71  0.000e+00
      23.37     40.650    1485.71  0.000e+00
      23.35     40.559    1485.71  0.000e+00
      23.32     40.650    1485.73  0.000e+00
      23.32     40.584    1485.74  0.000e+00
      23.25     40.584    1485.73  0.000e+00
      23.20     40.559    1485.73  0.000e+00
      23.17     40.584    1485.73  0.000e+00
      23.17     40.584    1485.73  0.000e+00
      23.17     40.559    1485.73  0.000e+00
      23.17     40.527    1485.73  0.000e+00
      23.22     40.527    1485.73  0.000e+00
      23.25     40.559    1485.73  0.000e+00
      23.25     40.461    1485.73  0.000e+00
      23.27     40.527    1485.72  0.000e+00
      23.25     40.461    1485.71  0.000e+00
      23.25     40.502    1485.70  0.000e+00
      23.42     40.403    1485.69  0.000e+00
      23.54     40.461    1485.69  0.000e+00
      23.57     40.444    1485.69  0.000e+00
      23.54     40.337    1485.74  0.000e+00
      23.52     40.403    1485.83  0.000e+00
      23.52     40.379    1485.87  0.000e+00
      23.44     40.337    1485.89  0.000e+00
      23.39     40.337    1485.90  0.000e+00
      23.37     40.337    1485.91  0.000e+00
      23.39     40.255    1485.93  0.000e+00
      23.37     40.337    1485.97  0.000e+00
      23.37     40.222    1486.00  0.000e+00
      23.52     40.321    1486.03  0.000e+00
      23.61     40.222    1486.03  0.000e+00
      23.64     40.222    1486.03  0.000e+00
      23.61     40.198    1486.03  0.000e+00
      23.61     40.157    1486.02  0.000e+00
      23.61     40.157    1486.00  0.000e+00
      23.57     40.140    1486.00  0.000e+00
      23.54     40.157    1486.02  0.000e+00
      23.54     40.033    1486.02  0.000e+00
      23.54     40.099    1486.02  0.000e+00
      23.54     40.017    1485.99  0.000e+00
      23.54     40.033    1485.97  0.000e+00
      23.64     40.033    1485.97  0.000e+00
      23.71     39.951    1485.97  0.000e+00
      23.74     39.918    1485.96  0.000e+00
      23.74     39.976    1485.97  0.000e+00
      23.74     39.893    1485.97  0.000e+00
      23.71     39.918    1485.97  0.000e+00
      23.91     39.918    1485.97  0.000e+00
      24.00     39.828    1485.97  0.000e+00
      24.03     39.852    1485.96  0.000e+00
      24.03     39.795    1485.96  0.000e+00
      24.00     39.828    1485.95  0.000e+00
      24.00     39.729    1485.95  0.000e+00
      24.00     39.795    1485.93  0.000e+00
      24.03     39.713    1485.92  0.000e+00
      24.03     39.671    1485.90  0.000e+00
      24.03     39.671    1485.88  0.000e+00
      24.03     39.614    1485.87  0.000e+00
      24.03     39.589    1485.87  0.000e+00
      24.03     39.614    1485.89  0.000e+00
      24.08     39.614    1485.90  0.000e+00
      24.08     39.523    1485.90  0.000e+00
      24.08     39.490    1485.90  0.000e+00
      24.08     39.548    1485.89  0.000e+00
      24.05     39.466    1485.87  0.000e+00
      24.10     39.490    1485.86  0.000e+00
      24.15     39.425    1485.86  0.000e+00
      24.18     39.400    1485.86  0.000e+00
      24.15     39.367    1485.86  0.000e+00
      24.15     39.367    1485.86  0.000e+00
      24.13     39.400    1485.85  0.000e+00
      24.18     39.301    1485.85  0.000e+00
      24.22     39.301    1485.85  0.000e+00
      24.22     39.285    1485.85  0.000e+00
      24.22     39.244    1485.84  0.000e+00
      24.22     39.186    1485.84  0.000e+00
      24.20     39.219    1485.84  0.000e+00
      24.37     39.186    1485.85  0.000e+00
      24.49     39.186    1485.86  0.000e+00
      24.52     39.096    1485.86  0.000e+00
      24.49     39.120    1485.87  0.000e+00
      24.47     39.120    1485.87  0.000e+00
      24.49     39.096    1485.88  0.000e+00
      24.64     39.063    1485.88  0.000e+00
      24.74     39.063    1485.88  0.000e+00
      24.74     39.038    1485.87  0.000e+00
      24.74     39.063    1485.87  0.000e+00
      24.74     38.997    1485.87  0.000e+00
      24.74     38.981    1485.86  0.000e+00
      24.59     38.940    1485.85  0.000e+00
      24.52     38.940    1485.86  0.000e+00
      24.49     38.915    1485.86  0.000e+00
      24.52     38.882    1485.86  0.000e+00
      24.49     38.882    1485.86  0.000e+00
      24.49     38.857    1485.87  0.000e+00
      24.66     38.882    1485.88  0.000e+00
      24.76     38.759    1485.89  0.000e+00
      24.79     38.857    1485.88  0.000e+00
      24.79     38.816    1485.89  0.000e+00
      24.79     38.759    1485.88  0.000e+00
      24.79     38.792    1485.88  0.000e+00
      24.91     38.759    1485.88  0.000e+00
      25.01     38.693    1485.88  0.000e+00
      25.01     38.792    1485.88  0.000e+00
      25.01     38.635    1485.88  0.000e+00
      25.01     38.759    1485.88  0.000e+00
      25.01     38.668    1485.87  0.000e+00
      25.18     38.693    1485.87  0.000e+00
      25.27     38.635    1485.87  0.000e+00
      25.27     38.611    1485.87  0.000e+00
      25.27     38.635    1485.87  0.000e+00
      25.27     38.570    1485.88  0.000e+00
      25.27     38.611    1485.88  0.000e+00
      25.10     38.570    1485.88  0.000e+00
      25.01     38.512    1485.88  0.000e+00
      24.98     38.553    1485.88  0.000e+00
      25.01     38.570    1485.88  0.000e+00
      24.98     38.454    1485.89  0.000e+00
      25.01     38.553    1485.89  0.000e+00
      25.05     38.454    1485.89  0.000e+00
      25.13     38.512    1485.90  0.000e+00
      25.15     38.430    1485.90  0.000e+00
      25.13     38.512    1485.91  0.000e+00
      25.13     38.389    1485.91  0.000e+00
      25.13     38.430    1485.92  0.000e+00
      25.35     38.389    1485.93  0.000e+00
      25.49     38.389    1485.94  0.000e+00
      25.52     38.364    1485.94  0.000e+00
      25.49     38.331    1485.94  0.000e+00
      25.49     38.331    1485.94  0.000e+00
      25.47     38.364    1485.94  0.000e+00
      25.35     38.265    1485.94  0.000e+00
      25.27     38.241    1485.95  0.000e+00
      25.25     38.208    1485.95  0.000e+00
      25.25     38.265    1485.96  0.000e+00
      25.27     38.183    1485.96  0.000e+00
      25.25     38.208    1485.96  0.000e+00
      25.35     38.150    1485.96  0.000e+00
      25.45     38.125    1485.96  0.000e+00
      25.47     38.150    1485.96  0.000e+00
      25.45     38.150    1485.96  0.000e+00
      25.45     38.060    1485.97  0.000e+00
      25.45     38.084    1485.97  0.000e+00
      25.49     38.027    1485.97  0.000e+00
      25.52     38.060    1485.97  0.000e+00
      25.52     37.961    1485.97  0.000e+00
      25.52     37.961    1485.97  0.000e+00
      25.52     37.936    1485.96  0.000e+00
      25.52     37.903    1485.96  0.000e+00
      25.57     37.838    1485.96  0.000e+00
      25.59     37.879    1485.96  0.000e+00
      25.62     37.838    1485.97  0.000e+00
      25.62     37.821    1485.97  0.000e+00
      25.59     37.780    1485.98  0.000e+00
      25.59     37.723    1485.98  0.000e+00
      25.76     37.755    1485.98  0.000e+00
      25.86     37.723    1485.97  0.000e+00
      25.86     37.657    1485.97  0.000e+00
      25.86     37.698    1485.97  0.000e+00
      25.84     37.599    1485.97  0.000e+00
      25.84     37.599    1485.97  0.000e+00
      25.89     37.575    1485.97  0.000e+00
      25.96     37.533    1485.97  0.000e+00
      25.96     37.451    1485.97  0.000e+00
      25.96     37.533    1485.97  0.000e+00
      25.96     37.476    1485.97  0.000e+00
      25.93     37.451    1485.97  0.000e+00
      26.03     37.353    1485.97  0.000e+00
      26.08     37.353    1485.97  0.000e+00
      26.08     37.328    1485.97  0.000e+00
      26.08     37.295    1485.97  0.000e+00
      26.08     37.295    1485.97  0.000e+00
      26.06     37.205    1485.97  0.000e+00
      26.25     37.229    1485.97  0.000e+00
      26.40     37.270    1485.97  0.000e+00
      26.45     37.106    1485.97  0.000e+00
      26.42     37.172    1485.97  0.000e+00
      26.42     37.089    1485.97  0.000e+00
      26.42     37.106    1485.96  0.000e+00
      26.52     37.048    1485.96  0.000e+00
      26.59     37.024    1485.96  0.000e+00
      26.59     36.991    1485.96  0.000e+00
      26.59     37.048    1485.96  0.000e+00
      26.59     36.900    1485.95  0.000e+00
      26.59     36.925    1485.95  0.000e+00
      26.67     36.900    1485.95  0.000e+00
      26.72     36.867    1485.95  0.000e+00
      26.74     36.867    1485.95  0.000e+00
      26.72     36.777    1485.95  0.000e+00
      26.72     36.867    1485.95  0.000e+00
      26.72     36.744    1485.95  0.000e+00
      26.79     36.777    1485.95  0.000e+00
      26.84     36.686    1485.95  0.000e+00
      26.84     36.719    1485.95  0.000e+00
      26.84     36.744    1485.95  0.000e+00
      26.81     36.686    1485.95  0.000e+00
      26.84     36.662    1485.94  0.000e+00
      27.13     36.621    1485.94  0.000e+00
      27.30     36.686    1485.94  0.000e+00
      27.33     36.538    1485.94  0.000e+00
      27.30     36.563    1485.94  0.000e+00
      27.28     36.596    1485.94  0.000e+00
      27.28     36.563    1485.94  0.000e+00
      27.33     36.497    1485.94  0.000e+00
      27.35     36.539    1485.94  0.000e+00
      27.37     36.440    1485.93  0.000e+00
      27.35     36.473    1485.93  0.000e+00
      27.37     36.440    1485.93  0.000e+00
      27.35     36.440    1485.93  0.000e+00
      27.42     36.415    1485.93  0.000e+00
      27.45     36.440    1485.93  0.000e+00
      27.45     36.382    1485.93  0.000e+00
      27.45     36.415    1485.93  0.000e+00
      27.45     36.382    1485.93  0.000e+00
      27.42     36.349    1485.93  0.000e+00
      27.47     36.382    1485.92  0.000e+00
      27.47     36.382    1485.92  0.000e+00
      27.50     36.292    1485.91  0.000e+00
      27.50     36.382    1485.91  0.000e+00
      27.50     36.292    1485.91  0.000e+00
      27.47     36.317    1485.91  0.000e+00
      27.62     36.259    1485.92  0.000e+00
      27.72     36.292    1485.92  0.000e+00
      27.72     36.259    1485.92  0.000e+00
      27.72     36.259    1485.92  0.000e+00
      27.72     36.234    1485.92  0.000e+00
      27.72     36.193    1485.92  0.000e+00
      27.84     36.234    1485.92  0.000e+00
      27.94     36.193    1485.92  0.000e+00
      27.94     36.193    1485.92  0.000e+00
      27.94     36.169    1485.92  0.000e+00
      27.94     36.193    1485.92  0.000e+00
      27.91     36.169    1485.91  0.000e+00
      27.94     36.136    1485.91  0.000e+00
      27.96     36.136    1485.91  0.000e+00
      27.96     36.169    1485.92  0.000e+00
      27.99     36.136    1485.92  0.000e+00
      27.96     36.070    1485.92  0.000e+00
      27.94     36.111    1485.92  0.000e+00
      27.96     36.070    1485.92  0.000e+00
      27.96     36.045    1485.92  0.000e+00
      27.96     36.070    1485.92  0.000e+00
      27.96     36.012    1485.92  0.000e+00
      27.96     36.045    1485.92  0.000e+00
      27.94     35.955    1485.91  0.000e+00
      28.08     35.988    1485.90  0.000e+00
      28.21     35.955    1485.89  0.000e+00
      28.23     35.955    1485.89  0.000e+00
      28.23     35.988    1485.88  0.000e+00
      28.21     35.889    1485.88  0.000e+00
      28.23     35.930    1485.88  0.000e+00
      28.16     35.889    1485.89  0.000e+00
      28.13     35.889    1485.89  0.000e+00
      28.13     35.864    1485.90  0.000e+00
      28.13     35.831    1485.90  0.000e+00
      28.13     35.741    1485.90  0.000e+00
      28.13     35.831    1485.89  0.000e+00
      28.23     35.766    1485.89  0.000e+00
      28.30     35.741    1485.88  0.000e+00
      28.33     35.708    1485.88  0.000e+00
      28.33     35.683    1485.88  0.000e+00
      28.30     35.651    1485.88  0.000e+00
      28.30     35.651    1485.89  0.000e+00
      28.42     35.618    1485.89  0.000e+00
      28.52     35.585    1485.90  0.000e+00
      28.57     35.560    1485.90  0.000e+00
      28.55     35.527    1485.90  0.000e+00
      28.52     35.461    1485.90  0.000e+00
      28.52     35.503    1485.90  0.000e+00
      28.45     35.461    1485.90  0.000e+00
      28.42     35.437    1485.89  0.000e+00
      28.40     35.338    1485.89  0.000e+00
      28.40     35.404    1485.88  0.000e+00
      28.38     35.313    1485.88  0.000e+00
      28.40     35.338    1485.88  0.000e+00
      28.55     35.256    1485.87  0.000e+00
      28.69     35.223    1485.87  0.000e+00
      28.72     35.157    1485.87  0.000e+00
      28.72     35.190    1485.87  0.000e+00
      28.69     35.157    1485.87  0.000e+00
      28.67     35.075    1485.87  0.000e+00
      28.82     35.100    1485.87  0.000e+00
      28.91     35.034    1485.87  0.000e+00
      28.94     35.009    1485.86  0.000e+00
      28.94     34.976    1485.86  0.000e+00
      28.94     34.952    1485.85  0.000e+00
      28.91     34.976    1485.85  0.000e+00
      28.91     34.853    1485.84  0.000e+00
      28.89     34.886    1485.84  0.000e+00
      28.89     34.853    1485.84  0.000e+00
      28.89     34.828    1485.84  0.000e+00
      28.86     34.795    1485.84  0.000e+00
      28.89     34.771    1485.84  0.000e+00
      28.96     34.730    1485.84  0.000e+00
      29.01     34.730    1485.84  0.000e+00
      29.04     34.647    1485.84  0.000e+00
      29.04     34.672    1485.84  0.000e+00
      29.01     34.582    1485.84  0.000e+00
      29.01     34.606    1485.84  0.000e+00
      29.18     34.549    1485.84  0.000e+00
      29.30     34.524    1485.84  0.000e+00
      29.30     34.549    1485.84  0.000e+00
      29.33     34.458    1485.84  0.000e+00
      29.30     34.491    1485.84  0.000e+00
      29.28     34.458    1485.84  0.000e+00
      29.38     34.425    1485.84  0.000e+00
      29.45     34.425    1485.84  0.000e+00
      29.45     34.401    1485.84  0.000e+00
      29.45     34.368    1485.84  0.000e+00
