test_casts/EN695_008_test.cnv
* Sea-Bird SBE 9 Data File:
* FileName = D:\ctd\raw\EN695_008.hdr
* Software Version Seasave V 7.26.7.121
* Temperature SN = 4333
* Conductivity SN = 2459
* Number of Bytes Per Scan = 40
* Number of Voltage Words = 5
* Number of Scans Averaged by the Deck Unit = 1
* NMEA Latitude = 40 30.85 N
* NMEA Longitude = 070 53.19 W
* NMEA UTC (Time) = Jan 13 2023  01:56:19
* NMEA baud rate = 4800
** Ship: R/V Endeavor
** Cruise: EN695
** Principal Investigator: Heidi Sosik
** Chief Scientist: Heidi Sosik
** Project: NES-LTER Transect 12 Winter
** Cruise Start Date: 11 Jan 2023
** Ports: Senesco Shipyard to Senesco Shipyard, North Kingstown, Rhode Island
** Station:  L5
** Bottom Depth: 76m
** Operator:  tc
# nquan = 4
# nvalues = 20189                                 
# units = specified
# name 0 = altM: Altimeter [m]
# name 1 = depSM: Depth [salt water, m]
# name 2 = svCM: Sound Velocity [Chen-Millero, m/s]
# name 3 = flag:  0.000e+00
# span 0 =       0.00,     100.00                 
# span 1 =      3.588,     71.113                 
# span 2 =    1485.59,    1498.40                 
# span 3 = 0.0000e+00, 0.0000e+00                 
# interval = seconds: 0.0416667
# start_time = Jan 13 2023 01:56:22 [System UTC, header]
# bad_flag = -9.990e-29
*END*
[from data line 14934]
      43.81     33.641    1486.42  0.000e+00
      43.86     33.674    1486.44  0.000e+00
      43.86     33.641    1486.44  0.000e+00
      43.86     33.575    1486.44  0.000e+00
      43.83     33.558    1486.44  0.000e+00
      43.88     33.575    1486.44  0.000e+00
      43.96     33.517    1486.43  0.000e+00
      43.98     33.493    1486.42  0.000e+00
      43.98     33.517    1486.41  0.000e+00
      43.98     33.493    1486.41  0.000e+00
      43.96     33.460    1486.41  0.000e+00
      43.98     33.394    1486.39  0.000e+00
      43.98     33.435    1486.36  0.000e+00
      43.98     33.394    1486.34  0.000e+00
      43.98     33.394    1486.33  0.000e+00
      43.98     33.312    1486.32  0.000e+00
      43.96     33.336    1486.32  0.000e+00
      44.05     33.246    1486.32  0.000e+00
      44.20     33.213    1486.31  0.000e+00
      44.27     33.213    1486.31  0.000e+00
      44.27     33.188    1486.30  0.000e+00
      44.27     33.090    1486.30  0.000e+00
      44.25     33.090    1486.30  0.000e+00
      44.27     33.131    1486.30  0.000e+00
      44.30     33.032    1486.29  0.000e+00
      44.32     33.008    1486.29  0.000e+00
      44.32     32.966    1486.28  0.000e+00
      44.32     32.966    1486.28  0.000e+00
      44.30     32.942    1486.28  0.000e+00
      44.37     32.909    1486.28  0.000e+00
      44.62     32.851    1486.28  0.000e+00
      44.71     32.884    1486.28  0.000e+00
      44.69     32.786    1486.28  0.000e+00
      44.69     32.761    1486.28  0.000e+00
      44.66     32.728    1486.28  0.000e+00
      44.74     32.728    1486.28  0.000e+00
      44.93     32.638    1486.28  0.000e+00
      44.98     32.662    1486.28  0.000e+00
      44.98     32.580    1486.28  0.000e+00
      44.98     32.605    1486.28  0.000e+00
      44.96     32.481    1486.28  0.000e+00
      44.96     32.514    1486.28  0.000e+00
      44.96     32.481    1486.28  0.000e+00
      44.98     32.333    1486.27  0.000e+00
      44.98     32.481    1486.28  0.000e+00
      44.98     32.424    1486.28  0.000e+00
      44.96     32.399    1486.27  0.000e+00
      45.10     32.358    1486.27  0.000e+00
      45.32     32.358    1486.27  0.000e+00
      45.42     32.276    1486.27  0.000e+00
      45.40     32.300    1486.28  0.000e+00
      45.40     32.276    1486.28  0.000e+00
      45.37     32.177    1486.28  0.000e+00
      45.40     32.177    1486.28  0.000e+00
      45.52     32.210    1486.28  0.000e+00
      45.57     32.120    1486.28  0.000e+00
      45.59     32.152    1486.28  0.000e+00
      45.57     32.120    1486.28  0.000e+00
      45.57     32.054    1486.28  0.000e+00
      45.57     32.087    1486.29  0.000e+00
      45.64     31.996    1486.28  0.000e+00
      45.67     32.087    1486.28  0.000e+00
      45.67     31.996    1486.28  0.000e+00
      45.67     32.054    1486.28  0.000e+00
      45.67     31.972    1486.28  0.000e+00
      45.64     31.996    1486.28  0.000e+00
      45.57     31.972    1486.28  0.000e+00
      45.57     31.930    1486.28  0.000e+00
      45.54     31.930    1486.28  0.000e+00
      45.54     31.906    1486.28  0.000e+00
      45.52     31.930    1486.28  0.000e+00
      45.59     31.906    1486.28  0.000e+00
      45.74     31.807    1486.28  0.000e+00
      45.79     31.807    1486.28  0.000e+00
      45.81     31.848    1486.28  0.000e+00
      45.79     31.807    1486.29  0.000e+00
      45.76     31.782    1486.28  0.000e+00
      45.79     31.807    1486.28  0.000e+00
      45.86     31.807    1486.28  0.000e+00
      45.89     31.782    1486.28  0.000e+00
      45.89     31.750    1486.28  0.000e+00
      45.89     31.782    1486.28  0.000e+00
      45.86     31.750    1486.28  0.000e+00
      45.91     31.725    1486.28  0.000e+00
      46.01     31.750    1486.28  0.000e+00
      46.03     31.750    1486.28  0.000e+00
      46.03     31.659    1486.28  0.000e+00
      46.03     31.692    1486.28  0.000e+00
      46.01     31.602    1486.28  0.000e+00
      46.01     31.692    1486.29  0.000e+00
      46.03     31.569    1486.29  0.000e+00
      46.03     31.602    1486.29  0.000e+00
      46.06     31.626    1486.30  0.000e+00
      46.03     31.544    1486.30  0.000e+00
      46.01     31.569    1486.30  0.000e+00
      46.06     31.569    1486.30  0.000e+00
      46.20     31.544    1486.30  0.000e+00
      46.25     31.503    1486.30  0.000e+00
      46.23     31.544    1486.30  0.000e+00
      46.23     31.445    1486.30  0.000e+00
      46.23     31.503    1486.30  0.000e+00
      46.18     31.478    1486.29  0.000e+00
      46.11     31.445    1486.28  0.000e+00
      46.08     31.421    1486.28  0.000e+00
      46.11     31.388    1486.28  0.000e+00
      46.08     31.421    1486.28  0.000e+00
      46.06     31.265    1486.28  0.000e+00
      46.11     31.322    1486.29  0.000e+00
      46.15     31.297    1486.29  0.000e+00
      46.20     31.265    1486.29  0.000e+00
      46.20     31.174    1486.26  0.000e+00
      46.20     31.265    1486.22  0.000e+00
      46.18     31.199    1486.20  0.000e+00
      46.23     31.174    1486.19  0.000e+00
      46.35     31.199    1486.18  0.000e+00
      46.40     31.117    1486.17  0.000e+00
      46.40     31.141    1486.15  0.000e+00
      46.40     31.117    1486.13  0.000e+00
      46.37     30.960    1486.12  0.000e+00
      46.40     31.018    1486.11  0.000e+00
      46.47     30.993    1486.10  0.000e+00
      46.52     30.960    1486.09  0.000e+00
      46.52     30.927    1486.09  0.000e+00
      46.50     30.837    1486.08  0.000e+00
      46.50     30.837    1486.08  0.000e+00
      46.57     30.812    1486.08  0.000e+00
      46.79     30.771    1486.07  0.000e+00
      46.86     30.747    1486.07  0.000e+00
      46.86     30.714    1486.07  0.000e+00
      46.84     30.689    1486.07  0.000e+00
      46.84     30.656    1486.07  0.000e+00
      46.81     30.656    1486.07  0.000e+00
      46.76     30.566    1486.06  0.000e+00
      46.76     30.533    1486.06  0.000e+00
      46.76     30.566    1486.06  0.000e+00
      46.76     30.467    1486.06  0.000e+00
      46.74     30.442    1486.06  0.000e+00
      46.89     30.467    1486.06  0.000e+00
      47.20     30.352    1486.06  0.000e+00
      47.30     30.385    1486.06  0.000e+00
      47.30     30.229    1486.06  0.000e+00
      47.30     30.319    1486.06  0.000e+00
      47.28     30.229    1486.06  0.000e+00
      47.33     30.138    1486.05  0.000e+00
      47.45     30.163    1486.06  0.000e+00
      47.50     30.138    1486.06  0.000e+00
      47.52     30.105    1486.06  0.000e+00
      47.50     30.040    1486.06  0.000e+00
      47.47     30.081    1486.06  0.000e+00
      47.47     29.982    1486.05  0.000e+00
      47.45     29.957    1486.06  0.000e+00
      47.42     29.982    1486.06  0.000e+00
      47.42     29.892    1486.06  0.000e+00
      47.45     29.859    1486.06  0.000e+00
      47.42     29.859    1486.06  0.000e+00
      47.47     29.834    1486.06  0.000e+00
      47.62     29.801    1486.07  0.000e+00
      47.67     29.711    1486.06  0.000e+00
      47.67     29.735    1486.06  0.000e+00
      47.67     29.711    1486.06  0.000e+00
      47.64     29.620    1486.06  0.000e+00
      47.72     29.653    1486.05  0.000e+00
      48.01     29.620    1486.05  0.000e+00
      48.11     29.554    1486.05  0.000e+00
      48.11     29.587    1486.05  0.000e+00
      48.08     29.497    1486.05  0.000e+00
      48.06     29.530    1486.06  0.000e+00
      48.13     29.497    1486.06  0.000e+00
      48.25     29.464    1486.07  0.000e+00
      48.28     29.497    1486.07  0.000e+00
      48.28     29.464    1486.07  0.000e+00
      48.28     29.431    1486.07  0.000e+00
      48.25     29.406    1486.09  0.000e+00
      48.25     29.374    1486.10  0.000e+00
      48.21     29.374    1486.11  0.000e+00
      48.18     29.349    1486.12  0.000e+00
      48.18     29.308    1486.12  0.000e+00
      48.18     29.283    1486.11  0.000e+00
      48.18     29.308    1486.11  0.000e+00
      48.25     29.283    1486.10  0.000e+00
      48.47     29.193    1486.09  0.000e+00
      48.55     29.283    1486.09  0.000e+00
      48.55     29.250    1486.08  0.000e+00
      48.55     29.226    1486.08  0.000e+00
      48.52     29.250    1486.09  0.000e+00
      48.52     29.250    1486.09  0.000e+00
      48.50     29.160    1486.10  0.000e+00
      48.50     29.250    1486.11  0.000e+00
      48.50     29.160    1486.11  0.000e+00
      48.50     29.250    1486.11  0.000e+00
      48.47     29.160    1486.10  0.000e+00
      48.52     29.193    1486.10  0.000e+00
      48.69     29.102    1486.09  0.000e+00
      48.77     29.193    1486.09  0.000e+00
      48.77     29.102    1486.08  0.000e+00
      48.77     29.127    1486.08  0.000e+00
      48.72     29.127    1486.08  0.000e+00
      48.77     29.160    1486.08  0.000e+00
      48.89     29.069    1486.08  0.000e+00
      48.94     29.102    1486.08  0.000e+00
      48.94     29.069    1486.08  0.000e+00
      48.94     29.160    1486.07  0.000e+00
      48.91     29.069    1486.07  0.000e+00
      48.89     29.102    1486.07  0.000e+00
      48.82     29.127    1486.07  0.000e+00
      48.79     29.037    1486.07  0.000e+00
      48.79     29.069    1486.07  0.000e+00
      48.79     29.102    1486.08  0.000e+00
      48.77     28.946    1486.07  0.000e+00
      48.82     29.069    1486.07  0.000e+00
      48.89     28.979    1486.07  0.000e+00
      48.91     28.946    1486.07  0.000e+00
      48.91     28.979    1486.07  0.000e+00
      48.91     28.946    1486.07  0.000e+00
      48.91     28.921    1486.08  0.000e+00
      48.91     28.946    1486.08  0.000e+00
      49.04     28.921    1486.08  0.000e+00
      49.08     28.823    1486.07  0.000e+00
      49.11     28.856    1486.07  0.000e+00
      49.11     28.889    1486.06  0.000e+00
      49.08     28.856    1486.06  0.000e+00
      49.08     28.699    1486.05  0.000e+00
      49.04     28.765    1486.05  0.000e+00
      49.06     28.798    1486.05  0.000e+00
      49.06     28.699    1486.05  0.000e+00
      49.04     28.675    1486.05  0.000e+00
      49.01     28.642    1486.04  0.000e+00
      49.06     28.675    1486.04  0.000e+00
      49.16     28.584    1486.04  0.000e+00
      49.23     28.551    1486.04  0.000e+00
      49.23     28.519    1486.04  0.000e+00
      49.23     28.494    1486.04  0.000e+00
      49.18     28.461    1486.04  0.000e+00
      49.23     28.428    1486.04  0.000e+00
      49.35     28.395    1486.03  0.000e+00
      49.43     28.371    1486.03  0.000e+00
      49.43     28.338    1486.03  0.000e+00
      49.40     28.272    1486.03  0.000e+00
      49.40     28.305    1486.04  0.000e+00
      49.35     28.214    1486.04  0.000e+00
      49.26     28.247    1486.04  0.000e+00
      49.23     28.157    1486.04  0.000e+00
      49.23     28.124    1486.03  0.000e+00
      49.23     28.091    1486.03  0.000e+00
      49.23     28.001    1486.03  0.000e+00
      49.30     28.033    1486.02  0.000e+00
      49.55     27.943    1486.02  0.000e+00
      49.62     27.968    1486.02  0.000e+00
      49.62     27.885    1486.02  0.000e+00
      49.62     27.853    1486.02  0.000e+00
      49.57     27.820    1486.02  0.000e+00
      49.69     27.787    1486.02  0.000e+00
      49.94     27.762    1486.02  0.000e+00
      50.01     27.787    1486.02  0.000e+00
      50.01     27.696    1486.02  0.000e+00
      50.01     27.663    1486.02  0.000e+00
      49.99     27.639    1486.02  0.000e+00
      49.99     27.606    1486.02  0.000e+00
      49.99     27.573    1486.02  0.000e+00
      50.01     27.540    1486.01  0.000e+00
      50.01     27.573    1486.01  0.000e+00
      49.99     27.483    1486.01  0.000e+00
      49.96     27.458    1486.01  0.000e+00
      50.01     27.425    1486.01  0.000e+00
      50.16     27.392    1486.01  0.000e+00
      50.18     27.359    1486.01  0.000e+00
      50.21     27.335    1486.02  0.000e+00
      50.18     27.302    1486.02  0.000e+00
      50.18     27.335    1486.02  0.000e+00
      50.21     27.178    1486.02  0.000e+00
      50.31     27.146    1486.02  0.000e+00
      50.35     27.359    1486.02  0.000e+00
      50.35     27.178    1486.02  0.000e+00
      50.35     27.211    1486.02  0.000e+00
      50.33     27.178    1486.02  0.000e+00
      50.38     27.146    1486.02  0.000e+00
      50.55     27.178    1486.02  0.000e+00
      50.62     27.146    1486.02  0.000e+00
      50.60     27.055    1486.02  0.000e+00
      50.62     27.146    1486.02  0.000e+00
      50.60     27.055    1486.02  0.000e+00
      50.62     27.030    1486.02  0.000e+00
      50.70     27.055    1486.02  0.000e+00
      50.74     26.965    1486.02  0.000e+00
      50.72     26.998    1486.02  0.000e+00
      50.72     27.030    1486.02  0.000e+00
      50.70     26.932    1486.02  0.000e+00
      50.74     27.030    1486.02  0.000e+00
      50.89     26.932    1486.02  0.000e+00
      50.92     26.965    1486.02  0.000e+00
      50.94     26.932    1486.02  0.000e+00
      50.92     26.965    1486.02  0.000e+00
      50.92     26.932    1486.02  0.000e+00
      50.92     26.907    1486.02  0.000e+00
      50.99     26.932    1486.02  0.000e+00
      51.01     26.907    1486.02  0.000e+00
      51.04     26.874    1486.02  0.000e+00
      51.04     26.907    1486.02  0.000e+00
      51.01     26.874    1486.02  0.000e+00
      51.06     26.841    1486.02  0.000e+00
      51.16     26.817    1486.02  0.000e+00
      51.23     26.841    1486.02  0.000e+00
      51.23     26.817    1486.02  0.000e+00
      51.23     26.784    1486.02  0.000e+00
      51.21     26.817    1486.02  0.000e+00
      51.23     26.841    1486.02  0.000e+00
      51.31     26.660    1486.02  0.000e+00
      51.33     26.817    1486.02  0.000e+00
      51.33     26.841    1486.02  0.000e+00
      51.33     26.693    1486.01  0.000e+00
      51.31     26.784    1486.02  0.000e+00
      51.31     26.693    1486.02  0.000e+00
      51.31     26.726    1486.02  0.000e+00
      51.31     26.693    1486.02  0.000e+00
      51.31     26.660    1486.02  0.000e+00
      51.31     26.693    1486.02  0.000e+00
      51.28     26.660    1486.02  0.000e+00
      51.23     26.570    1486.01  0.000e+00
      51.06     26.603    1486.01  0.000e+00
      50.99     26.570    1486.02  0.000e+00
      50.99     26.537    1486.02  0.000e+00
      50.99     26.570    1486.02  0.000e+00
      50.99     26.480    1486.01  0.000e+00
      51.09     26.504    1486.01  0.000e+00
      51.36     26.480    1486.01  0.000e+00
      51.48     26.447    1486.01  0.000e+00
      51.48     26.414    1486.01  0.000e+00
      51.48     26.447    1486.01  0.000e+00
      51.45     26.356    1486.01  0.000e+00
      51.50     26.389    1486.01  0.000e+00
      51.67     26.299    1486.01  0.000e+00
      51.75     26.323    1486.01  0.000e+00
      51.72     26.299    1486.01  0.000e+00
      51.72     26.266    1486.01  0.000e+00
      51.70     26.175    1486.01  0.000e+00
      51.72     26.200    1486.01  0.000e+00
      51.72     26.175    1486.01  0.000e+00
      51.75     26.085    1486.01  0.000e+00
      51.75     26.110    1486.01  0.000e+00
      51.75     26.019    1486.01  0.000e+00
      51.72     26.052    1486.01  0.000e+00
      51.75     26.019    1486.01  0.000e+00
      51.77     25.995    1486.01  0.000e+00
      51.79     25.962    1486.01  0.000e+00
      51.82     25.929    1486.01  0.000e+00
      51.82     25.838    1486.01  0.000e+00
      51.79     25.871    1486.01  0.000e+00
      51.82     25.748    1486.00  0.000e+00
      51.89     25.896    1486.00  0.000e+00
      51.94     25.748    1486.00  0.000e+00
      51.94     25.715    1486.00  0.000e+00
      51.92     25.748    1486.00  0.000e+00
      51.92     25.657    1486.00  0.000e+00
      51.89     25.567    1486.00  0.000e+00
