test_casts/EN695_016_test.cnv
* Sea-Bird SBE 9 Data File:
* FileName = D:\ctd\raw\EN695_016.hdr
* Software Version Seasave V 7.26.7.121
* Temperature SN = 4333
* Conductivity SN = 2459
* Number of Bytes Per Scan = 40
* Number of Voltage Words = 5
* Number of Scans Averaged by the Deck Unit = 1
* NMEA Latitude = 41 18.74 N
* NMEA Longitude = 070 34.75 W
* NMEA UTC (Time) = Jan 14 2023  20:39:27
* NMEA baud rate = 4800
** Ship: R/V Endeavor
** Cruise: EN695
** Principal Investigator: Heidi Sosik
** Chief Scientist: Heidi Sosik
** Project: NES-LTER Transect 12 Winter
** Cruise Start Date: 11 Jan 2023
** Ports: Senesco Shipyard to Senesco Shipyard, North Kingstown, Rhode Island
** Station:  mvco
** Bottom Depth: 20 m
** Operator:
# nquan = 4
# nvalues = 7194                                  
# units = specified
# name 0 = altM: Altimeter [m]
# name 1 = depSM: Depth [salt water, m]
# name 2 = svCM: Sound Velocity [Chen-Millero, m/s]
# name 3 = flag:  0.000e+00
# span 0 =       5.01,      18.58                 
# span 1 =      2.122,     15.310                 
# span 2 =    1470.53,    1470.78                 
# span 3 = 0.0000e+00, 0.0000e+00                 
# interval = seconds: 0.0416667
# start_time = Jan 14 2023 20:39:30 [System UTC, header]
# bad_flag = -9.990e-29
*END*
[from data line 4978]
      10.21     10.121    1470.69  0.000e+00
      10.23     10.121    1470.69  0.000e+00
      10.26     10.121    1470.69  0.000e+00
      10.28     10.121    1470.69  0.000e+00
      10.28     10.121    1470.69  0.000e+00
      10.28     10.121    1470.69  0.000e+00
      10.28     10.063    1470.69  0.000e+00
      10.31     10.121    1470.69  0.000e+00
      10.35     10.063    1470.69  0.000e+00
      10.35     10.063    1470.69  0.000e+00
      10.38     10.063    1470.69  0.000e+00
      10.38     10.063    1470.69  0.000e+00
      10.35      9.997    1470.69  0.000e+00
      10.38     10.063    1470.69  0.000e+00
      10.40      9.997    1470.68  0.000e+00
      10.40      9.997    1470.69  0.000e+00
      10.40      9.997    1470.69  0.000e+00
      10.40      9.997    1470.69  0.000e+00
      10.40      9.940    1470.69  0.000e+00
      10.35      9.997    1470.69  0.000e+00
      10.33      9.940    1470.69  0.000e+00
      10.31      9.940    1470.69  0.000e+00
      10.31      9.940    1470.69  0.000e+00
      10.31      9.989    1470.69  0.000e+00
      10.31      9.882    1470.68  0.000e+00
      10.35      9.997    1470.69  0.000e+00
      10.43      9.882    1470.68  0.000e+00
      10.45      9.940    1470.68  0.000e+00
      10.45      9.882    1470.68  0.000e+00
      10.45      9.882    1470.68  0.000e+00
      10.45      9.882    1470.68  0.000e+00
      10.48      9.882    1470.68  0.000e+00
      10.53      9.882    1470.68  0.000e+00
      10.57      9.882    1470.69  0.000e+00
      10.55      9.882    1470.69  0.000e+00
      10.55      9.882    1470.69  0.000e+00
      10.55      9.816    1470.69  0.000e+00
      10.55      9.816    1470.69  0.000e+00
      10.55      9.816    1470.69  0.000e+00
      10.55      9.816    1470.69  0.000e+00
      10.55      9.816    1470.69  0.000e+00
      10.55      9.816    1470.69  0.000e+00
      10.55      9.759    1470.69  0.000e+00
      10.55      9.816    1470.69  0.000e+00
      10.55      9.759    1470.69  0.000e+00
      10.55      9.759    1470.69  0.000e+00
      10.57      9.816    1470.69  0.000e+00
      10.57      9.759    1470.69  0.000e+00
      10.57      9.759    1470.69  0.000e+00
      10.57      9.693    1470.69  0.000e+00
      10.55      9.759    1470.69  0.000e+00
      10.55      9.759    1470.69  0.000e+00
      10.55      9.693    1470.68  0.000e+00
      10.55      9.693    1470.68  0.000e+00
      10.55      9.693    1470.69  0.000e+00
      10.57      9.693    1470.69  0.000e+00
      10.62      9.693    1470.69  0.000e+00
      10.62      9.693    1470.68  0.000e+00
      10.65      9.693    1470.68  0.000e+00
      10.62      9.636    1470.68  0.000e+00
      10.65      9.693    1470.68  0.000e+00
      10.67      9.636    1470.68  0.000e+00
      10.74      9.636    1470.68  0.000e+00
      10.77      9.636    1470.68  0.000e+00
      10.79      9.636    1470.68  0.000e+00
      10.77      9.636    1470.68  0.000e+00
      10.77      9.636    1470.68  0.000e+00
      10.77      9.636    1470.68  0.000e+00
      10.74      9.570    1470.68  0.000e+00
      10.74      9.636    1470.68  0.000e+00
      10.74      9.570    1470.68  0.000e+00
      10.74      9.636    1470.68  0.000e+00
      10.74      9.570    1470.68  0.000e+00
      10.74      9.570    1470.68  0.000e+00
      10.79      9.636    1470.68  0.000e+00
      10.82      9.512    1470.68  0.000e+00
      10.82      9.636    1470.69  0.000e+00
      10.79      9.512    1470.68  0.000e+00
      10.79      9.570    1470.68  0.000e+00
      10.79      9.570    1470.68  0.000e+00
      10.79      9.570    1470.68  0.000e+00
      10.79      9.570    1470.68  0.000e+00
      10.79      9.570    1470.68  0.000e+00
      10.77      9.512    1470.68  0.000e+00
      10.79      9.570    1470.68  0.000e+00
      10.82      9.512    1470.68  0.000e+00
      10.89      9.570    1470.68  0.000e+00
      10.92      9.512    1470.68  0.000e+00
      10.92      9.570    1470.68  0.000e+00
      10.92      9.512    1470.68  0.000e+00
      10.92      9.512    1470.68  0.000e+00
      10.92      9.570    1470.68  0.000e+00
      10.92      9.512    1470.68  0.000e+00
      10.92      9.570    1470.68  0.000e+00
      10.92      9.512    1470.68  0.000e+00
      10.92      9.455    1470.68  0.000e+00
      10.92      9.512    1470.68  0.000e+00
      10.92      9.512    1470.68  0.000e+00
      10.92      9.570    1470.68  0.000e+00
      10.92      9.512    1470.68  0.000e+00
      10.92      9.455    1470.68  0.000e+00
      10.89      9.512    1470.68  0.000e+00
      10.92      9.512    1470.68  0.000e+00
      10.92      9.512    1470.68  0.000e+00
      10.87      9.512    1470.68  0.000e+00
      10.84      9.512    1470.68  0.000e+00
      10.84      9.512    1470.68  0.000e+00
      10.82      9.455    1470.68  0.000e+00
      10.82      9.512    1470.68  0.000e+00
      10.84      9.512    1470.68  0.000e+00
      10.84      9.455    1470.68  0.000e+00
      10.89      9.512    1470.68  0.000e+00
      10.89      9.512    1470.68  0.000e+00
      10.92      9.512    1470.68  0.000e+00
      10.89      9.455    1470.68  0.000e+00
      10.89      9.512    1470.68  0.000e+00
      10.92      9.455    1470.68  0.000e+00
      10.94      9.512    1470.68  0.000e+00
      10.94      9.455    1470.68  0.000e+00
      10.94      9.512    1470.68  0.000e+00
      10.94      9.455    1470.68  0.000e+00
      10.94      9.455    1470.68  0.000e+00
      10.94      9.455    1470.68  0.000e+00
      10.92      9.455    1470.68  0.000e+00
      10.94      9.455    1470.68  0.000e+00
      10.94      9.455    1470.68  0.000e+00
      10.94      9.389    1470.67  0.000e+00
      10.94      9.455    1470.68  0.000e+00
      10.94      9.389    1470.67  0.000e+00
      10.94      9.389    1470.67  0.000e+00
      10.94      9.389    1470.67  0.000e+00
      10.94      9.389    1470.67  0.000e+00
      10.94      9.331    1470.67  0.000e+00
      10.96      9.389    1470.67  0.000e+00
      10.99      9.389    1470.67  0.000e+00
      11.01      9.331    1470.66  0.000e+00
      11.01      9.389    1470.66  0.000e+00
      11.01      9.331    1470.66  0.000e+00
      11.01      9.331    1470.66  0.000e+00
      11.06      9.331    1470.66  0.000e+00
      11.16      9.266    1470.66  0.000e+00
      11.18      9.266    1470.66  0.000e+00
      11.18      9.331    1470.66  0.000e+00
      11.18      9.208    1470.66  0.000e+00
      11.18      9.266    1470.66  0.000e+00
      11.18      9.266    1470.66  0.000e+00
      11.18      9.208    1470.66  0.000e+00
      11.21      9.208    1470.66  0.000e+00
      11.21      9.208    1470.66  0.000e+00
      11.21      9.208    1470.67  0.000e+00
      11.21      9.085    1470.66  0.000e+00
      11.23      9.208    1470.67  0.000e+00
      11.28      9.085    1470.67  0.000e+00
      11.28      9.150    1470.67  0.000e+00
      11.28      9.085    1470.67  0.000e+00
      11.31      9.085    1470.67  0.000e+00
      11.28      9.085    1470.67  0.000e+00
      11.28      9.027    1470.67  0.000e+00
      11.31      9.085    1470.67  0.000e+00
      11.38      9.027    1470.67  0.000e+00
      11.40      8.961    1470.67  0.000e+00
      11.38      9.027    1470.67  0.000e+00
      11.38      8.961    1470.67  0.000e+00
      11.40      8.961    1470.67  0.000e+00
      11.43      8.961    1470.67  0.000e+00
      11.48      8.904    1470.67  0.000e+00
      11.50      8.904    1470.67  0.000e+00
      11.50      8.846    1470.67  0.000e+00
      11.50      8.904    1470.67  0.000e+00
      11.50      8.846    1470.67  0.000e+00
      11.50      8.846    1470.67  0.000e+00
      11.53      8.781    1470.67  0.000e+00
      11.58      8.846    1470.67  0.000e+00
      11.60      8.781    1470.67  0.000e+00
      11.58      8.781    1470.67  0.000e+00
      11.60      8.723    1470.67  0.000e+00
      11.60      8.781    1470.67  0.000e+00
      11.67      8.723    1470.67  0.000e+00
      11.75      8.723    1470.67  0.000e+00
      11.77      8.723    1470.67  0.000e+00
      11.75      8.657    1470.66  0.000e+00
      11.75      8.723    1470.67  0.000e+00
      11.79      8.657    1470.66  0.000e+00
      11.87      8.657    1470.66  0.000e+00
      11.87      8.600    1470.66  0.000e+00
      11.87      8.657    1470.66  0.000e+00
      11.87      8.600    1470.66  0.000e+00
      11.84      8.600    1470.66  0.000e+00
      11.94      8.534    1470.66  0.000e+00
      11.99      8.600    1470.66  0.000e+00
      12.01      8.534    1470.66  0.000e+00
      12.01      8.534    1470.66  0.000e+00
      12.01      8.534    1470.66  0.000e+00
      11.99      8.476    1470.66  0.000e+00
      12.04      8.534    1470.66  0.000e+00
      12.11      8.419    1470.66  0.000e+00
      12.11      8.476    1470.66  0.000e+00
      12.11      8.476    1470.66  0.000e+00
      12.11      8.419    1470.66  0.000e+00
      12.09      8.419    1470.66  0.000e+00
      12.16      8.419    1470.66  0.000e+00
      12.21      8.419    1470.66  0.000e+00
      12.21      8.353    1470.66  0.000e+00
      12.21      8.353    1470.66  0.000e+00
      12.21      8.353    1470.66  0.000e+00
      12.21      8.353    1470.66  0.000e+00
      12.31      8.353    1470.66  0.000e+00
      12.36      8.353    1470.66  0.000e+00
      12.36      8.296    1470.66  0.000e+00
      12.36      8.296    1470.66  0.000e+00
      12.36      8.296    1470.66  0.000e+00
      12.36      8.296    1470.66  0.000e+00
      12.41      8.230    1470.66  0.000e+00
      12.43      8.230    1470.66  0.000e+00
      12.43      8.230    1470.66  0.000e+00
      12.43      8.296    1470.66  0.000e+00
      12.43      8.172    1470.66  0.000e+00
      12.43      8.230    1470.66  0.000e+00
      12.50      8.172    1470.65  0.000e+00
      12.58      8.172    1470.65  0.000e+00
      12.58      8.172    1470.65  0.000e+00
      12.58      8.115    1470.65  0.000e+00
      12.55      8.115    1470.65  0.000e+00
      12.58      8.172    1470.65  0.000e+00
      12.60      8.115    1470.65  0.000e+00
      12.65      8.000    1470.65  0.000e+00
      12.67      8.172    1470.65  0.000e+00
      12.65      8.115    1470.65  0.000e+00
      12.65      8.115    1470.64  0.000e+00
      12.65      8.049    1470.64  0.000e+00
      12.67      8.115    1470.65  0.000e+00
      12.70      8.049    1470.65  0.000e+00
      12.72      8.049    1470.65  0.000e+00
      12.70      8.049    1470.64  0.000e+00
      12.70      7.991    1470.64  0.000e+00
      12.72      8.049    1470.64  0.000e+00
      12.75      8.049    1470.64  0.000e+00
      12.77      7.991    1470.64  0.000e+00
      12.77      7.991    1470.64  0.000e+00
      12.80      7.926    1470.64  0.000e+00
      12.77      7.991    1470.64  0.000e+00
      12.77      7.991    1470.64  0.000e+00
      12.80      7.991    1470.64  0.000e+00
      12.84      7.926    1470.63  0.000e+00
      12.87      7.926    1470.63  0.000e+00
      12.84      7.926    1470.63  0.000e+00
      12.84      7.926    1470.63  0.000e+00
      12.82      7.868    1470.63  0.000e+00
      12.87      7.926    1470.63  0.000e+00
      12.89      7.868    1470.63  0.000e+00
      12.89      7.868    1470.63  0.000e+00
      12.89      7.868    1470.63  0.000e+00
      12.89      7.868    1470.63  0.000e+00
      12.89      7.802    1470.63  0.000e+00
      12.94      7.868    1470.63  0.000e+00
      12.99      7.802    1470.63  0.000e+00
      12.99      7.802    1470.63  0.000e+00
      12.97      7.802    1470.63  0.000e+00
      12.99      7.802    1470.63  0.000e+00
      12.97      7.745    1470.63  0.000e+00
      12.97      7.802    1470.63  0.000e+00
      12.92      7.802    1470.63  0.000e+00
      12.92      7.745    1470.63  0.000e+00
      12.92      7.745    1470.63  0.000e+00
      12.92      7.802    1470.63  0.000e+00
      12.92      7.696    1470.63  0.000e+00
      12.97      7.745    1470.63  0.000e+00
      13.02      7.745    1470.63  0.000e+00
      13.04      7.687    1470.63  0.000e+00
      13.02      7.687    1470.63  0.000e+00
      13.04      7.745    1470.63  0.000e+00
      13.02      7.687    1470.63  0.000e+00
      13.02      7.622    1470.63  0.000e+00
      13.02      7.687    1470.63  0.000e+00
      13.02      7.687    1470.63  0.000e+00
      13.02      7.622    1470.63  0.000e+00
      13.02      7.622    1470.63  0.000e+00
      13.02      7.622    1470.63  0.000e+00
      13.02      7.622    1470.63  0.000e+00
      12.97      7.622    1470.63  0.000e+00
      12.97      7.622    1470.63  0.000e+00
      12.99      7.564    1470.63  0.000e+00
      12.97      7.564    1470.63  0.000e+00
      12.97      7.622    1470.63  0.000e+00
      12.97      7.564    1470.63  0.000e+00
      12.97      7.498    1470.63  0.000e+00
      12.94      7.564    1470.63  0.000e+00
      12.94      7.498    1470.63  0.000e+00
      12.94      7.564    1470.63  0.000e+00
      12.94      7.498    1470.63  0.000e+00
      12.94      7.441    1470.63  0.000e+00
      12.94      7.564    1470.63  0.000e+00
      12.97      7.441    1470.63  0.000e+00
      12.94      7.498    1470.63  0.000e+00
      12.94      7.441    1470.63  0.000e+00
      12.92      7.441    1470.63  0.000e+00
      12.94      7.457    1470.63  0.000e+00
      12.97      7.441    1470.62  0.000e+00
      12.94      7.441    1470.63  0.000e+00
      12.94      7.441    1470.63  0.000e+00
      12.94      7.383    1470.63  0.000e+00
      12.94      7.441    1470.63  0.000e+00
      12.97      7.383    1470.63  0.000e+00
      12.99      7.383    1470.63  0.000e+00
      12.99      7.383    1470.64  0.000e+00
      12.99      7.383    1470.64  0.000e+00
      12.99      7.383    1470.64  0.000e+00
      12.99      7.317    1470.63  0.000e+00
      12.99      7.383    1470.63  0.000e+00
      12.99      7.317    1470.63  0.000e+00
      13.04      7.383    1470.64  0.000e+00
      13.02      7.317    1470.64  0.000e+00
      12.99      7.317    1470.64  0.000e+00
      13.02      7.317    1470.64  0.000e+00
      13.02      7.260    1470.64  0.000e+00
      13.02      7.317    1470.63  0.000e+00
      13.04      7.317    1470.63  0.000e+00
      13.02      7.260    1470.63  0.000e+00
      13.02      7.260    1470.64  0.000e+00
      13.02      7.317    1470.64  0.000e+00
      13.04      7.260    1470.64  0.000e+00
      13.02      7.260    1470.64  0.000e+00
      13.02      7.260    1470.64  0.000e+00
      13.02      7.268    1470.64  0.000e+00
      13.02      7.194    1470.63  0.000e+00
      12.99      7.260    1470.64  0.000e+00
      12.99      7.194    1470.64  0.000e+00
      13.02      7.194    1470.64  0.000e+00
      13.02      7.260    1470.64  0.000e+00
      13.04      7.194    1470.64  0.000e+00
      13.04      7.194    1470.64  0.000e+00
      13.04      7.194    1470.64  0.000e+00
      13.04      7.194    1470.64  0.000e+00
      13.04      7.194    1470.64  0.000e+00
      13.04      7.137    1470.64  0.000e+00
      12.99      7.194    1470.64  0.000e+00
      12.99      7.194    1470.64  0.000e+00
      12.99      7.137    1470.63  0.000e+00
      12.99      7.137    1470.64  0.000e+00
      12.99      7.137    1470.64  0.000e+00
      13.04      7.194    1470.64  0.000e+00
      13.06      7.137    1470.64  0.000e+00
      13.09      7.137    1470.64  0.000e+00
      13.06      7.137    1470.64  0.000e+00
      13.04      7.079    1470.64  0.000e+00
      13.06      7.137    1470.64  0.000e+00
      13.06      7.137    1470.64  0.000e+00
      13.09      7.079    1470.64  0.000e+00
      13.09      7.087    1470.64  0.000e+00
      13.09      7.137    1470.64  0.000e+00
      13.09      7.079    1470.64  0.000e+00
      13.09      7.079    1470.64  0.000e+00
      13.09      7.079    1470.64  0.000e+00
      13.09      7.079    1470.64  0.000e+00
      13.09      7.013    1470.64  0.000e+00
