test_casts/EN695_016_test.cnv
* Sea-Bird SBE 9 Data File:
* FileName = D:\ctd\raw\EN695_016.hdr
* Software Version Seasave V 7.26.7.121
* Temperature SN = 4333
* Conductivity SN = 2459
* Number of Bytes Per Scan = 40
* Number of Voltage Words = 5
* Number of Scans Averaged by the Deck Unit = 1
* NMEA Latitude = 41 18.74 N
* NMEA Longitude = 070 34.75 W
* NMEA UTC (Time) = Jan 14 2023  20:39:27
* NMEA baud rate = 4800
** Ship: R/V Endeavor
** Cruise: EN695
** Principal Investigator: Heidi Sosik
** Chief Scientist: Heidi Sosik
** Project: NES-LTER Transect 12 Winter
** Cruise Start Date: 11 Jan 2023
** Ports: Senesco Shipyard to Senesco Shipyard, North Kingstown, Rhode Island
** Station:  mvco
** Bottom Depth: 20 m
** Operator:
# nquan = 4
# nvalues = 7194                                  
# units = specified
# name 0 = altM: Altimeter [m]
# name 1 = depSM: Depth [salt water, m]
# name 2 = svCM: Sound Velocity [Chen-Millero, m/s]
# name 3 = flag:  0.000e+00
# span 0 =       5.01,      18.58                 
# span 1 =      2.122,     15.310                 
# span 2 =    1470.53,    1470.78                 
# span 3 = 0.0000e+00, 0.0000e+00                 
# interval = seconds: 0.0416667
# start_time = Jan 14 2023 20:39:30 [System UTC, header]
# bad_flag = -9.990e-29
*END*
[from data line 3556]
       5.47     14.771    1470.77  0.000e+00
       5.47     14.706    1470.77  0.000e+00
       5.47     14.689    1470.77  0.000e+00
       5.47     14.771    1470.77  0.000e+00
       5.47     14.706    1470.77  0.000e+00
       5.47     14.771    1470.77  0.000e+00
       5.47     14.771    1470.77  0.000e+00
       5.42     14.705    1470.77  0.000e+00
       5.40     14.771    1470.77  0.000e+00
       5.42     14.771    1470.77  0.000e+00
       5.42     14.771    1470.77  0.000e+00
       5.40     14.755    1470.77  0.000e+00
       5.40     14.771    1470.77  0.000e+00
       5.37     14.771    1470.77  0.000e+00
       5.37     14.829    1470.77  0.000e+00
       5.37     14.771    1470.77  0.000e+00
       5.37     14.829    1470.77  0.000e+00
       5.37     14.771    1470.77  0.000e+00
       5.35     14.829    1470.77  0.000e+00
       5.37     14.829    1470.77  0.000e+00
       5.37     14.812    1470.77  0.000e+00
       5.37     14.829    1470.77  0.000e+00
       5.35     14.829    1470.77  0.000e+00
       5.35     14.886    1470.77  0.000e+00
       5.35     14.829    1470.77  0.000e+00
       5.35     14.829    1470.77  0.000e+00
       5.35     14.886    1470.77  0.000e+00
       5.32     14.886    1470.77  0.000e+00
       5.35     14.886    1470.77  0.000e+00
       5.32     14.870    1470.77  0.000e+00
       5.35     14.886    1470.77  0.000e+00
       5.30     14.886    1470.77  0.000e+00
       5.32     14.886    1470.77  0.000e+00
       5.30     14.952    1470.77  0.000e+00
       5.32     14.886    1470.77  0.000e+00
       5.32     14.952    1470.77  0.000e+00
       5.30     14.952    1470.77  0.000e+00
       5.30     14.886    1470.77  0.000e+00
       5.27     14.935    1470.77  0.000e+00
       5.30     15.009    1470.77  0.000e+00
       5.30     14.886    1470.77  0.000e+00
       5.30     14.952    1470.77  0.000e+00
       5.27     15.009    1470.77  0.000e+00
       5.25     14.952    1470.77  0.000e+00
       5.25     14.952    1470.77  0.000e+00
       5.25     15.009    1470.77  0.000e+00
       5.25     14.952    1470.77  0.000e+00
       5.25     14.993    1470.77  0.000e+00
       5.25     15.009    1470.77  0.000e+00
       5.25     15.009    1470.77  0.000e+00
       5.25     15.009    1470.77  0.000e+00
       5.25     15.009    1470.77  0.000e+00
       5.23     15.009    1470.77  0.000e+00
       5.25     15.009    1470.77  0.000e+00
       5.25     15.075    1470.78  0.000e+00
       5.25     15.009    1470.77  0.000e+00
       5.25     15.058    1470.77  0.000e+00
       5.25     15.009    1470.77  0.000e+00
       5.25     15.075    1470.77  0.000e+00
       5.25     15.009    1470.77  0.000e+00
       5.25     15.075    1470.78  0.000e+00
       5.25     15.075    1470.78  0.000e+00
       5.27     15.075    1470.77  0.000e+00
       5.25     15.075    1470.77  0.000e+00
       5.27     15.058    1470.77  0.000e+00
       5.27     15.075    1470.78  0.000e+00
       5.27     15.075    1470.78  0.000e+00
       5.30     15.075    1470.77  0.000e+00
       5.30     15.132    1470.78  0.000e+00
       5.30     15.075    1470.77  0.000e+00
       5.30     15.075    1470.78  0.000e+00
       5.30     15.075    1470.78  0.000e+00
       5.30     15.132    1470.78  0.000e+00
       5.30     15.058    1470.78  0.000e+00
       5.27     15.075    1470.78  0.000e+00
       5.27     15.132    1470.78  0.000e+00
       5.27     15.075    1470.77  0.000e+00
       5.30     15.075    1470.78  0.000e+00
       5.30     15.132    1470.78  0.000e+00
       5.32     15.132    1470.78  0.000e+00
       5.35     15.075    1470.78  0.000e+00
       5.32     15.075    1470.78  0.000e+00
       5.35     15.058    1470.78  0.000e+00
       5.32     15.132    1470.78  0.000e+00
       5.35     15.075    1470.78  0.000e+00
       5.37     15.074    1470.78  0.000e+00
       5.37     15.074    1470.77  0.000e+00
       5.35     15.132    1470.78  0.000e+00
       5.35     15.074    1470.78  0.000e+00
       5.37     15.074    1470.78  0.000e+00
       5.37     15.058    1470.78  0.000e+00
       5.37     15.074    1470.77  0.000e+00
       5.37     15.132    1470.77  0.000e+00
       5.37     15.009    1470.77  0.000e+00
       5.35     15.074    1470.77  0.000e+00
       5.37     15.132    1470.78  0.000e+00
       5.35     15.009    1470.77  0.000e+00
       5.37     15.074    1470.77  0.000e+00
       5.37     15.074    1470.77  0.000e+00
       5.42     15.058    1470.77  0.000e+00
       5.40     15.074    1470.77  0.000e+00
       5.40     15.074    1470.77  0.000e+00
       5.40     15.009    1470.77  0.000e+00
       5.42     15.074    1470.77  0.000e+00
       5.47     15.009    1470.77  0.000e+00
       5.49     15.074    1470.78  0.000e+00
       5.49     15.074    1470.78  0.000e+00
       5.49     14.951    1470.77  0.000e+00
       5.49     15.115    1470.78  0.000e+00
       5.52     15.008    1470.77  0.000e+00
       5.52     15.008    1470.77  0.000e+00
       5.54     15.074    1470.77  0.000e+00
       5.52     14.951    1470.77  0.000e+00
       5.52     15.074    1470.77  0.000e+00
       5.52     15.008    1470.77  0.000e+00
       5.54     15.008    1470.77  0.000e+00
       5.57     14.992    1470.77  0.000e+00
       5.59     14.951    1470.77  0.000e+00
       5.59     15.008    1470.77  0.000e+00
       5.59     15.008    1470.77  0.000e+00
       5.59     15.008    1470.77  0.000e+00
       5.59     15.008    1470.77  0.000e+00
       5.64     14.951    1470.77  0.000e+00
       5.67     15.008    1470.77  0.000e+00
       5.67     14.951    1470.77  0.000e+00
       5.67     14.992    1470.77  0.000e+00
       5.64     14.951    1470.77  0.000e+00
       5.67     14.951    1470.77  0.000e+00
       5.71     14.951    1470.77  0.000e+00
       5.74     15.008    1470.77  0.000e+00
       5.74     14.951    1470.77  0.000e+00
       5.71     14.951    1470.77  0.000e+00
       5.71     14.885    1470.77  0.000e+00
       5.71     15.008    1470.77  0.000e+00
       5.74     14.868    1470.77  0.000e+00
       5.74     14.951    1470.77  0.000e+00
       5.74     14.951    1470.77  0.000e+00
       5.76     14.885    1470.77  0.000e+00
       5.74     14.885    1470.77  0.000e+00
       5.76     14.950    1470.77  0.000e+00
       5.74     14.885    1470.77  0.000e+00
       5.76     14.885    1470.77  0.000e+00
       5.79     14.885    1470.77  0.000e+00
       5.79     14.934    1470.77  0.000e+00
       5.79     14.827    1470.77  0.000e+00
       5.79     14.885    1470.77  0.000e+00
       5.81     14.885    1470.77  0.000e+00
       5.81     14.827    1470.77  0.000e+00
       5.81     14.885    1470.77  0.000e+00
       5.81     14.827    1470.77  0.000e+00
       5.81     14.827    1470.77  0.000e+00
       5.84     14.885    1470.77  0.000e+00
       5.86     14.753    1470.77  0.000e+00
       5.86     14.827    1470.77  0.000e+00
       5.86     14.827    1470.77  0.000e+00
       5.86     14.770    1470.77  0.000e+00
       5.84     14.827    1470.77  0.000e+00
       5.86     14.827    1470.77  0.000e+00
       5.86     14.770    1470.77  0.000e+00
       5.89     14.769    1470.77  0.000e+00
       5.89     14.769    1470.77  0.000e+00
       5.86     14.753    1470.77  0.000e+00
       5.89     14.769    1470.77  0.000e+00
       5.89     14.704    1470.77  0.000e+00
       5.91     14.827    1470.77  0.000e+00
       5.91     14.704    1470.77  0.000e+00
       5.91     14.704    1470.77  0.000e+00
       5.89     14.704    1470.77  0.000e+00
       5.89     14.704    1470.77  0.000e+00
       5.89     14.704    1470.77  0.000e+00
       5.89     14.687    1470.77  0.000e+00
       5.91     14.704    1470.77  0.000e+00
       5.91     14.646    1470.77  0.000e+00
       5.91     14.646    1470.77  0.000e+00
       5.91     14.704    1470.77  0.000e+00
       5.91     14.646    1470.77  0.000e+00
       5.96     14.646    1470.77  0.000e+00
       5.96     14.580    1470.77  0.000e+00
       5.96     14.646    1470.77  0.000e+00
       5.96     14.564    1470.77  0.000e+00
       5.96     14.580    1470.77  0.000e+00
       5.96     14.646    1470.77  0.000e+00
       5.98     14.580    1470.77  0.000e+00
       5.96     14.580    1470.77  0.000e+00
       5.98     14.523    1470.77  0.000e+00
       5.98     14.580    1470.77  0.000e+00
       5.98     14.523    1470.77  0.000e+00
       5.96     14.523    1470.77  0.000e+00
       5.93     14.646    1470.77  0.000e+00
       5.93     14.440    1470.76  0.000e+00
       5.91     14.523    1470.77  0.000e+00
       5.93     14.523    1470.77  0.000e+00
       5.93     14.580    1470.77  0.000e+00
       5.93     14.465    1470.77  0.000e+00
       5.91     14.523    1470.77  0.000e+00
       5.91     14.465    1470.77  0.000e+00
       5.91     14.465    1470.77  0.000e+00
       5.89     14.522    1470.77  0.000e+00
       5.89     14.506    1470.77  0.000e+00
       5.86     14.465    1470.77  0.000e+00
       5.89     14.465    1470.77  0.000e+00
       5.86     14.465    1470.77  0.000e+00
       5.89     14.465    1470.77  0.000e+00
       5.86     14.465    1470.77  0.000e+00
       5.89     14.522    1470.77  0.000e+00
       5.89     14.399    1470.76  0.000e+00
       5.89     14.522    1470.77  0.000e+00
       5.86     14.465    1470.77  0.000e+00
       5.86     14.440    1470.76  0.000e+00
       5.86     14.465    1470.76  0.000e+00
       5.86     14.465    1470.77  0.000e+00
       5.86     14.465    1470.77  0.000e+00
       5.84     14.465    1470.77  0.000e+00
       5.79     14.465    1470.77  0.000e+00
       5.76     14.399    1470.76  0.000e+00
       5.76     14.465    1470.77  0.000e+00
       5.76     14.522    1470.77  0.000e+00
       5.79     14.440    1470.77  0.000e+00
       5.79     14.522    1470.77  0.000e+00
       5.74     14.465    1470.77  0.000e+00
       5.71     14.465    1470.77  0.000e+00
       5.69     14.465    1470.77  0.000e+00
       5.69     14.522    1470.77  0.000e+00
       5.71     14.465    1470.77  0.000e+00
       5.71     14.522    1470.77  0.000e+00
       5.71     14.465    1470.77  0.000e+00
       5.71     14.522    1470.77  0.000e+00
       5.69     14.506    1470.77  0.000e+00
       5.69     14.522    1470.77  0.000e+00
       5.67     14.522    1470.77  0.000e+00
       5.67     14.522    1470.77  0.000e+00
       5.67     14.522    1470.77  0.000e+00
       5.67     14.522    1470.77  0.000e+00
       5.67     14.522    1470.77  0.000e+00
       5.64     14.580    1470.77  0.000e+00
       5.67     14.522    1470.77  0.000e+00
       5.67     14.522    1470.77  0.000e+00
       5.64     14.629    1470.77  0.000e+00
       5.67     14.580    1470.77  0.000e+00
       5.67     14.580    1470.77  0.000e+00
       5.64     14.580    1470.77  0.000e+00
       5.59     14.645    1470.77  0.000e+00
       5.52     14.580    1470.77  0.000e+00
       5.54     14.580    1470.77  0.000e+00
       5.54     14.645    1470.77  0.000e+00
       5.52     14.645    1470.77  0.000e+00
       5.52     14.629    1470.77  0.000e+00
       5.47     14.645    1470.77  0.000e+00
       5.45     14.645    1470.77  0.000e+00
       5.45     14.703    1470.77  0.000e+00
       5.47     14.645    1470.77  0.000e+00
       5.45     14.703    1470.77  0.000e+00
       5.42     14.703    1470.77  0.000e+00
       5.42     14.703    1470.77  0.000e+00
       5.42     14.703    1470.77  0.000e+00
       5.42     14.686    1470.77  0.000e+00
       5.42     14.768    1470.77  0.000e+00
       5.42     14.703    1470.77  0.000e+00
       5.37     14.768    1470.77  0.000e+00
       5.35     14.768    1470.77  0.000e+00
       5.35     14.768    1470.77  0.000e+00
       5.35     14.768    1470.77  0.000e+00
       5.35     14.826    1470.77  0.000e+00
       5.35     14.768    1470.77  0.000e+00
       5.25     14.810    1470.77  0.000e+00
       5.20     14.826    1470.77  0.000e+00
       5.20     14.826    1470.77  0.000e+00
       5.23     14.826    1470.77  0.000e+00
       5.23     14.883    1470.77  0.000e+00
       5.20     14.826    1470.77  0.000e+00
       5.18     14.826    1470.77  0.000e+00
       5.18     14.949    1470.77  0.000e+00
       5.18     14.826    1470.77  0.000e+00
       5.18     14.933    1470.77  0.000e+00
       5.15     14.883    1470.77  0.000e+00
       5.18     14.949    1470.77  0.000e+00
       5.18     14.949    1470.77  0.000e+00
       5.18     14.883    1470.77  0.000e+00
       5.18     14.949    1470.77  0.000e+00
       5.18     14.949    1470.77  0.000e+00
       5.18     14.949    1470.77  0.000e+00
       5.18     15.007    1470.77  0.000e+00
       5.18     14.990    1470.77  0.000e+00
       5.15     15.007    1470.77  0.000e+00
       5.15     15.007    1470.77  0.000e+00
       5.18     15.007    1470.77  0.000e+00
       5.15     15.072    1470.77  0.000e+00
       5.18     15.006    1470.77  0.000e+00
       5.18     15.072    1470.77  0.000e+00
       5.18     15.006    1470.77  0.000e+00
       5.18     15.072    1470.77  0.000e+00
       5.18     15.056    1470.77  0.000e+00
       5.20     15.130    1470.77  0.000e+00
       5.18     15.072    1470.77  0.000e+00
       5.13     15.006    1470.77  0.000e+00
       5.13     15.195    1470.77  0.000e+00
       5.13     15.072    1470.77  0.000e+00
       5.10     15.130    1470.77  0.000e+00
       5.13     15.130    1470.77  0.000e+00
       5.13     15.113    1470.77  0.000e+00
       5.13     15.130    1470.77  0.000e+00
       5.15     15.195    1470.77  0.000e+00
       5.18     15.130    1470.77  0.000e+00
       5.15     15.130    1470.77  0.000e+00
       5.18     15.195    1470.77  0.000e+00
       5.15     15.195    1470.77  0.000e+00
       5.13     15.130    1470.77  0.000e+00
       5.13     15.195    1470.77  0.000e+00
       5.13     15.171    1470.77  0.000e+00
       5.13     15.195    1470.77  0.000e+00
       5.13     15.195    1470.77  0.000e+00
       5.15     15.195    1470.77  0.000e+00
       5.13     15.253    1470.78  0.000e+00
       5.13     15.195    1470.77  0.000e+00
       5.10     15.195    1470.77  0.000e+00
       5.13     15.253    1470.78  0.000e+00
       5.10     15.171    1470.77  0.000e+00
       5.10     15.253    1470.78  0.000e+00
       5.13     15.253    1470.77  0.000e+00
       5.15     15.195    1470.78  0.000e+00
       5.15     15.253    1470.78  0.000e+00
       5.13     15.195    1470.77  0.000e+00
       5.15     15.310    1470.78  0.000e+00
       5.15     15.195    1470.77  0.000e+00
       5.18     15.253    1470.78  0.000e+00
       5.20     15.236    1470.78  0.000e+00
       5.20     15.253    1470.78  0.000e+00
       5.23     15.310    1470.78  0.000e+00
       5.20     15.195    1470.78  0.000e+00
       5.23     15.310    1470.78  0.000e+00
       5.20     15.253    1470.78  0.000e+00
       5.23     15.253    1470.78  0.000e+00
       5.23     15.253    1470.78  0.000e+00
       5.23     15.236    1470.78  0.000e+00
       5.23     15.252    1470.78  0.000e+00
       5.23     15.252    1470.78  0.000e+00
       5.23     15.310    1470.78  0.000e+00
       5.23     15.252    1470.78  0.000e+00
       5.23     15.195    1470.77  0.000e+00
       5.25     15.252    1470.78  0.000e+00
       5.27     15.310    1470.78  0.000e+00
       5.25     15.170    1470.77  0.000e+00
       5.25     15.252    1470.78  0.000e+00
       5.27     15.252    1470.78  0.000e+00
       5.27     15.252    1470.78  0.000e+00
       5.27     15.252    1470.78  0.000e+00
       5.27     15.195    1470.77  0.000e+00
       5.30     15.252    1470.77  0.000e+00
       5.27     15.195    1470.77  0.000e+00
       5.30     15.252    1470.78  0.000e+00
       5.30     15.236    1470.78  0.000e+00
       5.27     15.195    1470.77  0.000e+00
       5.30     15.252    1470.77  0.000e+00
       5.27     15.129    1470.77  0.000e+00
       5.30     15.252    1470.78  0.000e+00
