test_casts/EN695_004_test.cnv
* Sea-Bird SBE 9 Data File:
* FileName = D:\ctd\raw\EN695_004.hdr
* Software Version Seasave V 7.26.7.121
* Temperature SN = 4333
* Conductivity SN = 2459
* Number of Bytes Per Scan = 40
* Number of Voltage Words = 5
* Number of Scans Averaged by the Deck Unit = 1
* NMEA Latitude = 39 56.56 N
* NMEA Longitude = 070 52.75 W
* NMEA UTC (Time) = Jan 12 2023  09:17:41
* NMEA baud rate = 4800
** Ship: R/V Endeavor
** Cruise: EN695
** Principal Investigator: Heidi Sosik
** Chief Scientist: Heidi Sosik
** Project: NES-LTER Transect 12 Winter
** Cruise Start Date: 11 Jan 2023
** Ports: Senesco Shipyard to Senesco Shipyard, North Kingstown, Rhode Island
** Station:  L10
** Bottom Depth:  m
** Operator:
# nquan = 4
# nvalues = 66011                                 
# units = specified
# name 0 = altM: Altimeter [m]
# name 1 = depSM: Depth [salt water, m]
# name 2 = svCM: Sound Velocity [Chen-Millero, m/s]
# name 3 = flag:  0.000e+00
# span 0 =       0.00,     100.00                 
# span 1 =      2.447,    425.793                 
# span 2 =    1487.52,    1515.38                 
# span 3 = 0.0000e+00, 0.0000e+00                 
# interval = seconds: 0.0416667
# start_time = Jan 12 2023 09:17:43 [System UTC, header]
# bad_flag = -9.990e-29
*END*
[from data line 8534]
       0.27    110.771    1512.21  0.000e+00
       0.27    110.829    1512.24  0.000e+00
       0.27    110.829    1512.25  0.000e+00
       0.27    110.829    1512.18  0.000e+00
       0.27    110.894    1512.05  0.000e+00
       0.29    110.952    1511.95  0.000e+00
       0.29    110.952    1511.90  0.000e+00
       0.29    110.927    1511.92  0.000e+00
       0.29    111.018    1511.90  0.000e+00
       0.29    111.018    1511.82  0.000e+00
       0.29    111.075    1511.70  0.000e+00
       0.29    111.075    1511.56  0.000e+00
       0.29    111.133    1511.44  0.000e+00
       0.29    111.133    1511.36  0.000e+00
       0.29    111.133    1511.37  0.000e+00
       0.29    111.199    1511.43  0.000e+00
       0.27    111.166    1511.46  0.000e+00
       0.27    111.256    1511.45  0.000e+00
       0.27    111.322    1511.45  0.000e+00
       0.27    111.256    1511.48  0.000e+00
       0.27    111.322    1511.54  0.000e+00
       0.27    111.380    1511.55  0.000e+00
      36.73    111.380    1511.54  0.000e+00
      89.01    111.380    1511.55  0.000e+00
     100.00    111.445    1511.61  0.000e+00
     100.00    111.413    1511.65  0.000e+00
     100.00    111.503    1511.68  0.000e+00
     100.00    111.561    1511.80  0.000e+00
      69.84    111.503    1511.94  0.000e+00
      14.19    111.561    1512.06  0.000e+00
       0.00    111.626    1512.18  0.000e+00
       0.00    111.626    1512.29  0.000e+00
       0.00    111.626    1512.26  0.000e+00
       0.22    111.717    1512.12  0.000e+00
      32.28    111.684    1512.04  0.000e+00
      86.94    111.750    1511.98  0.000e+00
     100.00    111.807    1511.92  0.000e+00
     100.00    111.807    1511.87  0.000e+00
     100.00    111.807    1511.84  0.000e+00
     100.00    111.873    1511.81  0.000e+00
      99.88    111.873    1511.84  0.000e+00
      99.93    111.964    1511.99  0.000e+00
      99.95    111.931    1512.19  0.000e+00
      99.98    111.988    1512.34  0.000e+00
      99.98    111.988    1512.47  0.000e+00
      99.93    112.054    1512.58  0.000e+00
      72.70    112.054    1512.66  0.000e+00
      15.63    112.112    1512.83  0.000e+00
       0.00    112.112    1513.06  0.000e+00
       0.00    112.202    1513.22  0.000e+00
       0.00    112.178    1513.30  0.000e+00
       0.00    112.235    1513.33  0.000e+00
       0.27    112.301    1513.36  0.000e+00
       0.39    112.301    1513.38  0.000e+00
       0.39    112.359    1513.40  0.000e+00
       0.39    112.359    1513.44  0.000e+00
       0.39    112.391    1513.48  0.000e+00
       0.39    112.482    1513.57  0.000e+00
       0.39    112.482    1513.69  0.000e+00
       0.39    112.482    1513.76  0.000e+00
       0.39    112.540    1513.79  0.000e+00
       0.37    112.605    1513.75  0.000e+00
       0.37    112.605    1513.65  0.000e+00
       0.37    112.630    1513.56  0.000e+00
       0.34    112.729    1513.52  0.000e+00
       0.29    112.729    1513.60  0.000e+00
       0.29    112.786    1513.72  0.000e+00
       0.29    112.786    1513.80  0.000e+00
       0.29    112.844    1513.86  0.000e+00
       0.29    112.910    1513.91  0.000e+00
       0.34    112.877    1513.94  0.000e+00
       0.46    112.967    1513.92  0.000e+00
       0.51    113.033    1513.90  0.000e+00
       0.51    113.033    1513.90  0.000e+00
       0.49    113.033    1513.91  0.000e+00
       0.49    113.156    1513.92  0.000e+00
       0.42    113.091    1513.93  0.000e+00
       0.32    113.247    1513.95  0.000e+00
       0.29    113.214    1513.97  0.000e+00
       0.29    113.214    1513.97  0.000e+00
       0.29    113.338    1513.96  0.000e+00
       0.29    113.337    1513.97  0.000e+00
       0.29    113.395    1514.00  0.000e+00
       0.24    113.362    1514.04  0.000e+00
       0.24    113.519    1514.06  0.000e+00
       0.24    113.461    1514.08  0.000e+00
       0.24    113.584    1514.09  0.000e+00
       0.24    113.518    1514.09  0.000e+00
       0.27    113.642    1514.10  0.000e+00
       0.32    113.584    1514.11  0.000e+00
       0.34    113.790    1514.12  0.000e+00
       0.34    113.765    1514.14  0.000e+00
       0.34    113.765    1514.18  0.000e+00
       0.34    113.823    1514.20  0.000e+00
       0.37    113.889    1514.20  0.000e+00
       0.39    113.946    1514.21  0.000e+00
       0.39    113.856    1514.24  0.000e+00
       0.39    113.946    1514.28  0.000e+00
       0.39    114.070    1514.30  0.000e+00
       0.39    114.070    1514.31  0.000e+00
       0.42    114.070    1514.32  0.000e+00
       0.51    114.160    1514.32  0.000e+00
       0.54    114.193    1514.30  0.000e+00
       0.51    114.193    1514.26  0.000e+00
       0.54    114.251    1514.25  0.000e+00
       0.54    114.317    1514.24  0.000e+00
       0.44    114.374    1514.22  0.000e+00
       0.29    114.341    1514.23  0.000e+00
       0.27    114.432    1514.26  0.000e+00
       0.27    114.432    1514.28  0.000e+00
       0.27    114.555    1514.29  0.000e+00
       0.27    114.498    1514.30  0.000e+00
       0.29    114.621    1514.31  0.000e+00
       0.39    114.588    1514.31  0.000e+00
       0.39    114.679    1514.32  0.000e+00
       0.39    114.744    1514.32  0.000e+00
       0.39    114.679    1514.33  0.000e+00
       0.39    114.802    1514.35  0.000e+00
       0.39    114.835    1514.35  0.000e+00
       0.34    114.860    1514.37  0.000e+00
       0.32    114.925    1514.39  0.000e+00
       0.32    114.925    1514.42  0.000e+00
       0.32    114.983    1514.45  0.000e+00
       0.32    115.049    1514.46  0.000e+00
      27.94    115.016    1514.45  0.000e+00
      84.69    115.172    1514.44  0.000e+00
     100.00    115.106    1514.43  0.000e+00
     100.00    115.230    1514.44  0.000e+00
     100.00    115.172    1514.46  0.000e+00
     100.00    115.320    1514.50  0.000e+00
      62.44    115.287    1514.55  0.000e+00
      10.43    115.353    1514.58  0.000e+00
       0.00    115.353    1514.59  0.000e+00
       0.00    115.477    1514.61  0.000e+00
       0.00    115.444    1514.64  0.000e+00
       0.12    115.534    1514.66  0.000e+00
       0.32    115.534    1514.68  0.000e+00
       0.54    115.600    1514.72  0.000e+00
       0.59    115.658    1514.76  0.000e+00
       0.59    115.625    1514.79  0.000e+00
       0.59    115.715    1514.83  0.000e+00
       0.56    115.839    1514.85  0.000e+00
       0.44    115.715    1514.85  0.000e+00
       0.29    115.904    1514.83  0.000e+00
       0.27    115.871    1514.78  0.000e+00
       0.27    115.904    1514.76  0.000e+00
       0.27    115.962    1514.76  0.000e+00
       0.27    116.028    1514.75  0.000e+00
       0.27    116.028    1514.77  0.000e+00
       0.27    116.110    1514.78  0.000e+00
       0.27    116.143    1514.79  0.000e+00
       0.27    116.143    1514.81  0.000e+00
       0.27    116.266    1514.89  0.000e+00
       0.27    116.176    1514.95  0.000e+00
       0.32    116.390    1514.99  0.000e+00
       0.49    116.266    1515.02  0.000e+00
       0.54    116.390    1515.04  0.000e+00
       0.54    116.456    1515.04  0.000e+00
       0.54    116.480    1515.04  0.000e+00
       0.54    116.513    1515.03  0.000e+00
       0.51    116.513    1515.03  0.000e+00
       0.46    116.571    1515.03  0.000e+00
       0.44    116.513    1515.03  0.000e+00
       0.46    116.785    1515.04  0.000e+00
       0.44    116.694    1515.04  0.000e+00
       0.46    116.760    1515.05  0.000e+00
       0.59    116.760    1515.06  0.000e+00
       0.88    116.842    1515.07  0.000e+00
       0.98    116.883    1515.08  0.000e+00
       0.98    116.883    1515.09  0.000e+00
       0.98    116.941    1515.10  0.000e+00
       0.98    117.032    1515.10  0.000e+00
       0.88    116.999    1515.10  0.000e+00
       0.68    117.065    1515.10  0.000e+00
       0.66    117.064    1515.09  0.000e+00
       0.63    117.188    1515.09  0.000e+00
       0.66    117.155    1515.10  0.000e+00
       0.66    117.246    1515.11  0.000e+00
      30.87    117.246    1515.12  0.000e+00
      86.13    117.303    1515.12  0.000e+00
     100.00    117.270    1515.12  0.000e+00
     100.00    117.427    1515.12  0.000e+00
     100.00    117.369    1515.12  0.000e+00
     100.00    117.427    1515.12  0.000e+00
      69.21    117.517    1515.12  0.000e+00
      14.11    117.492    1515.12  0.000e+00
       0.00    117.550    1515.11  0.000e+00
       0.00    117.616    1515.11  0.000e+00
       0.00    117.640    1515.12  0.000e+00
       0.49    117.673    1515.13  0.000e+00
       0.56    117.673    1515.13  0.000e+00
       0.34    117.731    1515.14  0.000e+00
       0.27    117.797    1515.14  0.000e+00
       0.27    117.764    1515.14  0.000e+00
       0.27    117.920    1515.14  0.000e+00
       0.27    117.854    1515.14  0.000e+00
       0.29    117.920    1515.15  0.000e+00
       0.34    117.945    1515.17  0.000e+00
       0.34    117.978    1515.18  0.000e+00
       0.34    118.044    1515.19  0.000e+00
       0.34    118.044    1515.20  0.000e+00
       0.34    118.068    1515.20  0.000e+00
      33.24    118.101    1515.20  0.000e+00
      87.37    118.159    1515.21  0.000e+00
     100.00    118.225    1515.22  0.000e+00
     100.00    118.192    1515.22  0.000e+00
     100.00    118.225    1515.22  0.000e+00
     100.00    118.282    1515.22  0.000e+00
      73.72    118.348    1515.21  0.000e+00
      16.34    118.373    1515.20  0.000e+00
       0.00    118.348    1515.20  0.000e+00
       0.00    118.471    1515.20  0.000e+00
       0.00    118.430    1515.19  0.000e+00
       0.22    118.471    1515.19  0.000e+00
       0.42    118.529    1515.20  0.000e+00
       0.54    118.529    1515.19  0.000e+00
       0.56    118.619    1515.19  0.000e+00
       0.56    118.652    1515.19  0.000e+00
       0.54    118.652    1515.19  0.000e+00
       0.54    118.652    1515.20  0.000e+00
       0.44    118.743    1515.20  0.000e+00
       0.32    118.710    1515.20  0.000e+00
       0.29    118.776    1515.21  0.000e+00
       0.29    118.833    1515.22  0.000e+00
       0.29    118.858    1515.22  0.000e+00
       0.29    118.899    1515.22  0.000e+00
       0.34    118.899    1515.22  0.000e+00
       0.44    118.957    1515.21  0.000e+00
       0.46    118.981    1515.21  0.000e+00
       0.46    119.080    1515.22  0.000e+00
       0.46    119.014    1515.21  0.000e+00
       0.46    119.047    1515.21  0.000e+00
       0.44    119.138    1515.22  0.000e+00
       0.42    119.138    1515.21  0.000e+00
       0.39    119.204    1515.21  0.000e+00
       0.39    119.228    1515.21  0.000e+00
       0.39    119.261    1515.22  0.000e+00
       0.42    119.261    1515.22  0.000e+00
       0.39    119.327    1515.22  0.000e+00
       0.34    119.409    1515.23  0.000e+00
       0.34    119.385    1515.24  0.000e+00
       0.34    119.442    1515.25  0.000e+00
       0.34    119.409    1515.26  0.000e+00
       0.34    119.566    1515.28  0.000e+00
       0.37    119.508    1515.28  0.000e+00
       0.37    119.566    1515.28  0.000e+00
       0.37    119.590    1515.28  0.000e+00
       0.37    119.631    1515.27  0.000e+00
       0.37    119.689    1515.27  0.000e+00
       0.39    119.755    1515.26  0.000e+00
       0.34    119.714    1515.26  0.000e+00
       0.32    119.812    1515.26  0.000e+00
       0.29    119.812    1515.26  0.000e+00
       0.32    119.837    1515.27  0.000e+00
       0.32    119.870    1515.27  0.000e+00
       0.29    119.936    1515.27  0.000e+00
       0.29    119.993    1515.27  0.000e+00
       0.27    119.960    1515.28  0.000e+00
       0.27    120.059    1515.28  0.000e+00
       0.27    120.117    1515.29  0.000e+00
       0.27    120.084    1515.29  0.000e+00
       0.27    120.117    1515.29  0.000e+00
       0.32    120.240    1515.30  0.000e+00
       0.44    120.207    1515.31  0.000e+00
       0.49    120.240    1515.32  0.000e+00
       0.49    120.298    1515.33  0.000e+00
       0.46    120.364    1515.33  0.000e+00
       0.46    120.323    1515.34  0.000e+00
       0.44    120.487    1515.34  0.000e+00
       0.39    120.421    1515.34  0.000e+00
       0.39    120.512    1515.35  0.000e+00
       0.39    120.545    1515.35  0.000e+00
       0.39    120.545    1515.35  0.000e+00
       0.39    120.611    1515.36  0.000e+00
       0.37    120.635    1515.36  0.000e+00
       0.34    120.726    1515.36  0.000e+00
       0.34    120.668    1515.36  0.000e+00
       0.34    120.816    1515.36  0.000e+00
       0.34    120.792    1515.36  0.000e+00
       0.34    120.849    1515.36  0.000e+00
       0.34    120.816    1515.36  0.000e+00
       0.34    120.973    1515.36  0.000e+00
       0.37    120.973    1515.36  0.000e+00
       0.37    120.997    1515.36  0.000e+00
       0.37    121.038    1515.36  0.000e+00
       0.37    121.096    1515.36  0.000e+00
      28.11    121.096    1515.36  0.000e+00
      84.76    121.178    1515.36  0.000e+00
     100.00    121.219    1515.36  0.000e+00
     100.00    121.277    1515.36  0.000e+00
     100.00    121.302    1515.36  0.000e+00
     100.00    121.343    1515.36  0.000e+00
      65.69    121.343    1515.36  0.000e+00
      11.92    121.425    1515.37  0.000e+00
       0.00    121.466    1515.37  0.000e+00
       0.00    121.524    1515.37  0.000e+00
       0.00    121.549    1515.37  0.000e+00
       0.00    121.581    1515.37  0.000e+00
       0.29    121.705    1515.38  0.000e+00
       0.49    121.672    1515.38  0.000e+00
       0.56    121.705    1515.37  0.000e+00
       0.56    121.771    1515.37  0.000e+00
       0.54    121.795    1515.37  0.000e+00
       0.54    121.894    1515.37  0.000e+00
       0.46    121.894    1515.37  0.000e+00
       0.37    121.952    1515.37  0.000e+00
       0.32    121.976    1515.37  0.000e+00
       0.32    122.009    1515.37  0.000e+00
       0.32    122.075    1515.37  0.000e+00
       0.34    122.100    1515.37  0.000e+00
       0.42    122.199    1515.36  0.000e+00
       0.56    122.199    1515.36  0.000e+00
       0.63    122.223    1515.36  0.000e+00
       0.63    122.256    1515.36  0.000e+00
       0.63    122.380    1515.36  0.000e+00
       0.93    122.404    1515.36  0.000e+00
      53.85    122.437    1515.36  0.000e+00
      95.58    122.437    1515.36  0.000e+00
     100.00    122.528    1515.36  0.000e+00
     100.00    122.561    1515.36  0.000e+00
     100.00    122.627    1515.36  0.000e+00
      99.95    122.585    1515.36  0.000e+00
      93.04    122.684    1515.36  0.000e+00
      31.45    122.709    1515.36  0.000e+00
       0.37    122.750    1515.36  0.000e+00
       0.00    122.865    1515.36  0.000e+00
       0.00    122.832    1515.35  0.000e+00
       0.00    122.865    1515.33  0.000e+00
       0.22    122.989    1515.32  0.000e+00
       0.29    122.956    1515.30  0.000e+00
       0.29    122.989    1515.29  0.000e+00
       0.29    123.054    1515.28  0.000e+00
       0.29    123.071    1515.28  0.000e+00
       0.29    123.178    1515.28  0.000e+00
       0.29    123.178    1515.27  0.000e+00
       0.44    123.194    1515.27  0.000e+00
       0.54    123.235    1515.26  0.000e+00
       0.54    123.359    1515.26  0.000e+00
       0.54    123.318    1515.25  0.000e+00
       0.54    123.359    1515.25  0.000e+00
       0.44    123.416    1515.25  0.000e+00
       0.32    123.441    1515.25  0.000e+00
       0.29    123.482    1515.25  0.000e+00
       0.29    123.499    1515.25  0.000e+00
       0.29    123.598    1515.25  0.000e+00
       0.29    123.598    1515.25  0.000e+00
       0.32    123.622    1515.24  0.000e+00
       0.37    123.663    1515.24  0.000e+00
       0.37    123.721    1515.24  0.000e+00
       0.37    123.688    1515.24  0.000e+00
       0.37    123.787    1515.24  0.000e+00
       0.37    123.844    1515.25  0.000e+00
      28.21    123.869    1515.25  0.000e+00
      84.81    123.844    1515.25  0.000e+00
