test_casts/EN695_006_test.cnv
* Sea-Bird SBE 9 Data File:
* FileName = D:\ctd\raw\EN695_006.hdr
* Software Version Seasave V 7.26.7.121
* Temperature SN = 4333
* Conductivity SN = 2459
* Number of Bytes Per Scan = 40
* Number of Voltage Words = 5
* Number of Scans Averaged by the Deck Unit = 1
* NMEA Latitude = 40 09.11 N
* NMEA Longitude = 070 52.98 W
* NMEA UTC (Time) = Jan 12 2023  20:21:05
* NMEA baud rate = 4800
** Ship: R/V Endeavor
** Cruise: EN695
** Principal Investigator: Heidi Sosik
** Chief Scientist: Heidi Sosik
** Project: NES-LTER Transect 12 Winter
** Cruise Start Date: 11 Jan 2023
** Ports: Senesco Shipyard to Senesco Shipyard, North Kingstown, Rhode Island
** Station:  L8
** Bottom Depth: 136 m
** Operator:
# nquan = 4
# nvalues = 32444                                 
# units = specified
# name 0 = altM: Altimeter [m]
# name 1 = depSM: Depth [salt water, m]
# name 2 = svCM: Sound Velocity [Chen-Millero, m/s]
# name 3 = flag:  0.000e+00
# span 0 =       0.00,     100.00                 
# span 1 =      4.189,    130.653                 
# span 2 =    1492.65,    1515.20                 
# span 3 = 0.0000e+00, 0.0000e+00                 
# interval = seconds: 0.0416667
# start_time = Jan 12 2023 20:21:08 [System UTC, header]
# bad_flag = -9.990e-29
*END*
[from data line 16356]
      44.79     93.361    1512.30  0.000e+00
      44.79     93.427    1512.30  0.000e+00
      44.74     93.377    1512.30  0.000e+00
      44.74     93.427    1512.29  0.000e+00
      44.74     93.427    1512.28  0.000e+00
      44.74     93.361    1512.26  0.000e+00
      44.71     93.427    1512.25  0.000e+00
      44.71     93.443    1512.24  0.000e+00
      44.66     93.427    1512.23  0.000e+00
      44.66     93.484    1512.22  0.000e+00
      44.66     93.361    1512.22  0.000e+00
      44.66     93.484    1512.23  0.000e+00
      44.66     93.443    1512.23  0.000e+00
      44.62     93.426    1512.24  0.000e+00
      44.52     93.484    1512.24  0.000e+00
      44.49     93.426    1512.24  0.000e+00
      44.49     93.426    1512.24  0.000e+00
      44.49     93.443    1512.25  0.000e+00
      44.49     93.426    1512.25  0.000e+00
      44.49     93.484    1512.25  0.000e+00
      44.52     93.360    1512.25  0.000e+00
      44.54     93.426    1512.25  0.000e+00
      44.54     93.443    1512.25  0.000e+00
      44.52     93.360    1512.24  0.000e+00
      44.52     93.426    1512.24  0.000e+00
      44.57     93.426    1512.25  0.000e+00
      44.64     93.377    1512.25  0.000e+00
      44.66     93.360    1512.26  0.000e+00
      44.66     93.426    1512.27  0.000e+00
      44.66     93.303    1512.28  0.000e+00
      44.64     93.360    1512.28  0.000e+00
      44.62     93.377    1512.28  0.000e+00
      44.59     93.303    1512.28  0.000e+00
      44.59     93.303    1512.29  0.000e+00
      44.59     93.303    1512.29  0.000e+00
      44.59     93.303    1512.29  0.000e+00
      44.57     93.319    1512.29  0.000e+00
      44.57     93.237    1512.29  0.000e+00
      44.57     93.237    1512.29  0.000e+00
      44.57     93.237    1512.30  0.000e+00
      44.57     93.179    1512.31  0.000e+00
      44.57     93.196    1512.32  0.000e+00
      44.54     93.237    1512.34  0.000e+00
      44.59     93.179    1512.36  0.000e+00
      44.66     93.121    1512.39  0.000e+00
      44.69     93.195    1512.43  0.000e+00
      44.69     93.121    1512.47  0.000e+00
      44.66     93.121    1512.50  0.000e+00
      44.66     93.121    1512.53  0.000e+00
      44.71     93.121    1512.56  0.000e+00
      44.74     93.138    1512.58  0.000e+00
      44.76     93.055    1512.60  0.000e+00
      44.76     93.055    1512.61  0.000e+00
      44.76     93.055    1512.62  0.000e+00
      44.76     93.055    1512.61  0.000e+00
      44.86     93.072    1512.62  0.000e+00
      44.88     92.998    1512.62  0.000e+00
      44.91     93.055    1512.63  0.000e+00
      44.88     92.998    1512.64  0.000e+00
      44.88     92.891    1512.65  0.000e+00
      44.88     93.121    1512.66  0.000e+00
      44.88     92.998    1512.66  0.000e+00
      44.91     92.998    1512.66  0.000e+00
      44.93     92.998    1512.66  0.000e+00
      44.93     92.948    1512.66  0.000e+00
      44.93     92.998    1512.66  0.000e+00
      44.91     92.998    1512.66  0.000e+00
      44.91     92.932    1512.66  0.000e+00
      44.93     92.997    1512.66  0.000e+00
      44.93     92.948    1512.67  0.000e+00
      44.91     92.997    1512.67  0.000e+00
      44.93     92.997    1512.67  0.000e+00
      44.91     92.932    1512.67  0.000e+00
      44.91     93.071    1512.67  0.000e+00
      44.88     92.932    1512.66  0.000e+00
      44.91     92.997    1512.66  0.000e+00
      44.91     92.997    1512.64  0.000e+00
      44.91     92.997    1512.63  0.000e+00
      44.88     93.014    1512.63  0.000e+00
      44.91     92.997    1512.63  0.000e+00
      44.93     93.055    1512.63  0.000e+00
      44.93     92.997    1512.63  0.000e+00
      44.96     93.055    1512.63  0.000e+00
      44.93     93.071    1512.63  0.000e+00
      44.93     93.055    1512.64  0.000e+00
      44.93     93.055    1512.64  0.000e+00
      44.98     93.121    1512.65  0.000e+00
      44.98     93.071    1512.64  0.000e+00
      44.98     93.121    1512.65  0.000e+00
      44.98     93.121    1512.65  0.000e+00
      44.96     93.121    1512.64  0.000e+00
      44.96     93.178    1512.63  0.000e+00
      44.98     93.195    1512.63  0.000e+00
      44.98     93.178    1512.63  0.000e+00
      44.98     93.178    1512.63  0.000e+00
      44.98     93.236    1512.63  0.000e+00
      44.96     93.178    1512.62  0.000e+00
      44.88     93.260    1512.61  0.000e+00
      44.76     93.236    1512.61  0.000e+00
      44.76     93.301    1512.61  0.000e+00
      44.74     93.301    1512.60  0.000e+00
      44.76     93.301    1512.59  0.000e+00
      44.74     93.318    1512.56  0.000e+00
      44.76     93.301    1512.52  0.000e+00
      44.81     93.359    1512.51  0.000e+00
      44.81     93.301    1512.50  0.000e+00
      44.81     93.441    1512.48  0.000e+00
      44.79     93.301    1512.46  0.000e+00
      44.79     93.425    1512.44  0.000e+00
      44.86     93.359    1512.41  0.000e+00
      44.96     93.425    1512.37  0.000e+00
      45.01     93.375    1512.33  0.000e+00
      45.01     93.482    1512.30  0.000e+00
      45.01     93.425    1512.28  0.000e+00
      44.96     93.425    1512.26  0.000e+00
      44.74     93.482    1512.25  0.000e+00
      44.62     93.441    1512.23  0.000e+00
      44.59     93.482    1512.22  0.000e+00
      44.62     93.482    1512.22  0.000e+00
      44.62     93.482    1512.22  0.000e+00
      44.62     93.482    1512.21  0.000e+00
      44.59     93.441    1512.21  0.000e+00
      44.59     93.548    1512.21  0.000e+00
      44.59     93.482    1512.23  0.000e+00
      44.59     93.482    1512.24  0.000e+00
      44.59     93.482    1512.25  0.000e+00
      44.59     93.498    1512.25  0.000e+00
      44.57     93.482    1512.24  0.000e+00
      44.52     93.482    1512.24  0.000e+00
      44.52     93.482    1512.24  0.000e+00
      44.52     93.482    1512.23  0.000e+00
      44.49     93.441    1512.23  0.000e+00
      44.49     93.482    1512.25  0.000e+00
      44.52     93.424    1512.25  0.000e+00
      44.54     93.424    1512.26  0.000e+00
      44.52     93.482    1512.27  0.000e+00
      44.54     93.441    1512.28  0.000e+00
      44.54     93.424    1512.27  0.000e+00
      44.52     93.424    1512.27  0.000e+00
      44.52     93.424    1512.27  0.000e+00
      44.52     93.441    1512.28  0.000e+00
      44.52     93.358    1512.28  0.000e+00
      44.54     93.301    1512.30  0.000e+00
      44.54     93.424    1512.33  0.000e+00
      44.49     93.358    1512.37  0.000e+00
      44.54     93.317    1512.42  0.000e+00
      44.66     93.358    1512.48  0.000e+00
      44.66     93.301    1512.51  0.000e+00
      44.69     93.301    1512.53  0.000e+00
      44.66     93.300    1512.55  0.000e+00
      44.64     93.259    1512.55  0.000e+00
      44.66     93.300    1512.56  0.000e+00
      44.64     93.235    1512.58  0.000e+00
      44.64     93.235    1512.59  0.000e+00
      44.66     93.300    1512.59  0.000e+00
      44.64     93.193    1512.58  0.000e+00
      44.64     93.235    1512.58  0.000e+00
      44.64     93.177    1512.58  0.000e+00
      44.66     93.235    1512.58  0.000e+00
      44.69     93.177    1512.59  0.000e+00
      44.69     93.136    1512.60  0.000e+00
      44.69     93.177    1512.61  0.000e+00
      44.66     93.177    1512.61  0.000e+00
      44.71     93.119    1512.62  0.000e+00
      44.79     93.136    1512.63  0.000e+00
      44.81     93.119    1512.63  0.000e+00
      44.81     93.177    1512.64  0.000e+00
      44.79     93.119    1512.64  0.000e+00
      44.79     93.119    1512.64  0.000e+00
      44.79     93.136    1512.65  0.000e+00
      44.79     93.119    1512.65  0.000e+00
      44.79     93.053    1512.65  0.000e+00
      44.79     93.119    1512.66  0.000e+00
      44.79     93.119    1512.66  0.000e+00
      44.76     93.135    1512.67  0.000e+00
      44.84     93.053    1512.68  0.000e+00
      44.91     93.119    1512.68  0.000e+00
      44.93     93.119    1512.68  0.000e+00
      44.93     93.070    1512.68  0.000e+00
      44.91     93.119    1512.68  0.000e+00
      44.88     93.119    1512.68  0.000e+00
      44.88     93.119    1512.68  0.000e+00
      44.84     93.119    1512.68  0.000e+00
      44.81     93.069    1512.68  0.000e+00
      44.81     93.176    1512.68  0.000e+00
      44.81     93.119    1512.69  0.000e+00
      44.79     93.119    1512.69  0.000e+00
      44.84     93.119    1512.69  0.000e+00
      44.88     93.135    1512.66  0.000e+00
      44.91     93.176    1512.63  0.000e+00
      44.91     93.119    1512.60  0.000e+00
      44.91     93.176    1512.59  0.000e+00
      44.88     93.069    1512.58  0.000e+00
      44.88     93.234    1512.59  0.000e+00
      44.93     93.234    1512.62  0.000e+00
      44.91     93.176    1512.64  0.000e+00
      44.93     93.176    1512.64  0.000e+00
      44.93     93.193    1512.63  0.000e+00
      44.91     93.234    1512.63  0.000e+00
      44.86     93.234    1512.61  0.000e+00
      44.76     93.234    1512.60  0.000e+00
      44.74     93.234    1512.58  0.000e+00
      44.74     93.258    1512.57  0.000e+00
      44.74     93.234    1512.56  0.000e+00
      44.71     93.234    1512.55  0.000e+00
      44.71     93.300    1512.54  0.000e+00
      44.74     93.300    1512.54  0.000e+00
      44.74     93.258    1512.53  0.000e+00
      44.74     93.357    1512.49  0.000e+00
      44.74     93.299    1512.45  0.000e+00
      44.71     93.357    1512.41  0.000e+00
      44.76     93.299    1512.38  0.000e+00
      44.81     93.373    1512.34  0.000e+00
      44.81     93.357    1512.30  0.000e+00
      44.81     93.357    1512.28  0.000e+00
      44.81     93.357    1512.27  0.000e+00
      44.79     93.373    1512.28  0.000e+00
      44.84     93.423    1512.30  0.000e+00
      44.88     93.357    1512.30  0.000e+00
      44.88     93.423    1512.29  0.000e+00
      44.88     93.480    1512.27  0.000e+00
      44.88     93.373    1512.26  0.000e+00
      44.86     93.423    1512.25  0.000e+00
      44.84     93.480    1512.24  0.000e+00
      44.74     93.423    1512.24  0.000e+00
      44.71     93.423    1512.25  0.000e+00
      44.71     93.497    1512.26  0.000e+00
      44.71     93.480    1512.27  0.000e+00
      44.69     93.423    1512.27  0.000e+00
      44.71     93.423    1512.27  0.000e+00
      44.71     93.546    1512.26  0.000e+00
      44.71     93.439    1512.23  0.000e+00
      44.74     93.480    1512.22  0.000e+00
      44.71     93.422    1512.22  0.000e+00
      44.71     93.546    1512.22  0.000e+00
      44.66     93.422    1512.21  0.000e+00
      44.57     93.496    1512.21  0.000e+00
      44.54     93.480    1512.22  0.000e+00
      44.54     93.422    1512.22  0.000e+00
      44.57     93.480    1512.22  0.000e+00
      44.57     93.480    1512.22  0.000e+00
      44.64     93.439    1512.21  0.000e+00
      44.66     93.422    1512.19  0.000e+00
      44.69     93.422    1512.18  0.000e+00
      44.69     93.480    1512.17  0.000e+00
      44.69     93.315    1512.17  0.000e+00
      44.66     93.546    1512.19  0.000e+00
      44.66     93.356    1512.19  0.000e+00
      44.62     93.356    1512.20  0.000e+00
      44.54     93.422    1512.20  0.000e+00
      44.54     93.373    1512.21  0.000e+00
      44.54     93.356    1512.21  0.000e+00
      44.54     93.356    1512.21  0.000e+00
      44.57     93.356    1512.21  0.000e+00
      44.64     93.356    1512.22  0.000e+00
      44.66     93.315    1512.24  0.000e+00
      44.66     93.356    1512.28  0.000e+00
      44.66     93.299    1512.31  0.000e+00
      44.64     93.356    1512.33  0.000e+00
      44.62     93.233    1512.34  0.000e+00
      44.57     93.315    1512.36  0.000e+00
      44.57     93.299    1512.38  0.000e+00
      44.57     93.233    1512.39  0.000e+00
      44.54     93.233    1512.39  0.000e+00
      44.54     93.233    1512.41  0.000e+00
      44.59     93.257    1512.44  0.000e+00
      44.66     93.233    1512.46  0.000e+00
      44.69     93.175    1512.45  0.000e+00
      44.69     93.175    1512.46  0.000e+00
      44.66     93.191    1512.48  0.000e+00
      44.66     93.175    1512.51  0.000e+00
      44.76     93.175    1512.54  0.000e+00
      44.88     93.117    1512.55  0.000e+00
      44.93     93.175    1512.57  0.000e+00
      44.93     93.068    1512.59  0.000e+00
      44.93     93.117    1512.61  0.000e+00
      44.91     93.117    1512.63  0.000e+00
      44.86     93.117    1512.63  0.000e+00
      44.79     93.051    1512.64  0.000e+00
      44.79     93.068    1512.65  0.000e+00
      44.79     93.051    1512.66  0.000e+00
      44.79     93.051    1512.66  0.000e+00
      44.76     92.994    1512.67  0.000e+00
      44.79     92.944    1512.67  0.000e+00
      44.81     93.117    1512.68  0.000e+00
      44.84     92.994    1512.67  0.000e+00
      44.84     92.994    1512.68  0.000e+00
      44.84     92.994    1512.68  0.000e+00
      44.81     93.010    1512.68  0.000e+00
      44.86     92.993    1512.68  0.000e+00
      44.88     92.928    1512.68  0.000e+00
      44.91     92.993    1512.69  0.000e+00
      44.93     92.928    1512.69  0.000e+00
      44.91     92.944    1512.69  0.000e+00
      44.88     92.928    1512.69  0.000e+00
      44.88     92.928    1512.69  0.000e+00
      44.88     92.928    1512.69  0.000e+00
      44.88     92.944    1512.69  0.000e+00
      44.91     92.927    1512.69  0.000e+00
      44.88     92.927    1512.69  0.000e+00
      44.88     92.927    1512.69  0.000e+00
      44.91     92.927    1512.69  0.000e+00
      44.96     92.944    1512.68  0.000e+00
      44.98     92.870    1512.67  0.000e+00
      44.98     92.927    1512.65  0.000e+00
      44.98     92.927    1512.62  0.000e+00
      44.96     92.927    1512.61  0.000e+00
      44.96     92.944    1512.62  0.000e+00
      44.98     92.927    1512.64  0.000e+00
      44.98     92.927    1512.66  0.000e+00
      44.98     92.927    1512.67  0.000e+00
      44.98     93.010    1512.68  0.000e+00
      44.98     92.927    1512.68  0.000e+00
      44.98     92.993    1512.68  0.000e+00
      44.98     92.993    1512.67  0.000e+00
      45.01     92.993    1512.67  0.000e+00
      45.01     92.944    1512.67  0.000e+00
      44.98     93.051    1512.67  0.000e+00
      44.98     92.993    1512.68  0.000e+00
      44.98     92.993    1512.69  0.000e+00
      45.03     93.050    1512.70  0.000e+00
      45.03     93.009    1512.70  0.000e+00
      45.03     93.116    1512.70  0.000e+00
      45.03     93.050    1512.69  0.000e+00
      45.01     93.050    1512.67  0.000e+00
      45.03     93.133    1512.66  0.000e+00
      45.03     93.116    1512.65  0.000e+00
      45.03     93.116    1512.65  0.000e+00
      45.03     93.174    1512.66  0.000e+00
      45.03     93.116    1512.66  0.000e+00
      45.03     93.190    1512.68  0.000e+00
      44.98     93.174    1512.67  0.000e+00
      44.88     93.231    1512.63  0.000e+00
      44.86     93.174    1512.55  0.000e+00
      44.86     93.297    1512.49  0.000e+00
      44.88     93.190    1512.47  0.000e+00
      44.86     93.297    1512.47  0.000e+00
      44.91     93.297    1512.44  0.000e+00
      45.03     93.231    1512.39  0.000e+00
      45.08     93.354    1512.36  0.000e+00
      45.08     93.371    1512.34  0.000e+00
      45.08     93.297    1512.32  0.000e+00
      45.05     93.420    1512.29  0.000e+00
      45.01     93.420    1512.27  0.000e+00
      44.88     93.371    1512.26  0.000e+00
      44.86     93.420    1512.24  0.000e+00
      44.86     93.478    1512.23  0.000e+00
      44.86     93.478    1512.22  0.000e+00
      44.86     93.478    1512.22  0.000e+00
      44.84     93.494    1512.21  0.000e+00
      44.81     93.543    1512.21  0.000e+00
      44.81     93.478    1512.21  0.000e+00
      44.79     93.543    1512.21  0.000e+00
      44.81     93.601    1512.21  0.000e+00
      44.76     93.560    1512.20  0.000e+00
