test_casts/EN695_005_test.cnv
* Sea-Bird SBE 9 Data File:
* FileName = D:\ctd\raw\EN695_005.hdr
* Software Version Seasave V 7.26.7.121
* Temperature SN = 4333
* Conductivity SN = 2459
* Number of Bytes Per Scan = 40
* Number of Voltage Words = 5
* Number of Scans Averaged by the Deck Unit = 1
* NMEA Latitude = 39 46.59 N
* NMEA Longitude = 070 53.24 W
* NMEA UTC (Time) = Jan 12 2023  12:23:04
* NMEA baud rate = 4800
** Ship: R/V Endeavor
** Cruise: EN695
** Principal Investigator: Heidi Sosik
** Chief Scientist: Heidi Sosik
** Project: NES-LTER Transect 12 Winter
** Cruise Start Date: 11 Jan 2023
** Ports: Senesco Shipyard to Senesco Shipyard, North Kingstown, Rhode Island
** Station:  L11
** Bottom Depth: 1564 m
** Operator:
** cast to 500 m max depth. ~sunrise
# nquan = 4
# nvalues = 51885                                 
# units = specified
# name 0 = altM: Altimeter [m]
# name 1 = depSM: Depth [salt water, m]
# name 2 = svCM: Sound Velocity [Chen-Millero, m/s]
# name 3 = flag:  0.000e+00
# span 0 =       0.00,     100.00                 
# span 1 =      2.170,    501.637                 
# span 2 =    1484.90,    1516.07                 
# span 3 = 0.0000e+00, 0.0000e+00                 
# interval = seconds: 0.0416667
# start_time = Jan 12 2023 12:23:06 [System UTC, header]
# bad_flag = -9.990e-29
*END*
[from data line 14223]
       0.37    422.897    1488.27  0.000e+00
       0.37    422.905    1488.27  0.000e+00
       0.37    422.963    1488.27  0.000e+00
       0.37    422.955    1488.27  0.000e+00
       0.37    423.087    1488.28  0.000e+00
       0.29    423.087    1488.28  0.000e+00
       0.24    423.153    1488.28  0.000e+00
       0.24    423.202    1488.28  0.000e+00
       0.27    423.211    1488.28  0.000e+00
       0.27    423.268    1488.28  0.000e+00
       0.27    423.326    1488.28  0.000e+00
       0.27    423.335    1488.28  0.000e+00
       0.27    423.458    1488.28  0.000e+00
       0.27    423.392    1488.28  0.000e+00
       0.27    423.508    1488.28  0.000e+00
       0.27    423.516    1488.28  0.000e+00
       0.29    423.582    1488.28  0.000e+00
       0.59    423.632    1488.28  0.000e+00
       0.78    423.640    1488.28  0.000e+00
       0.83    423.706    1488.28  0.000e+00
       0.81    423.706    1488.28  0.000e+00
       0.81    423.879    1488.28  0.000e+00
       0.73    423.830    1488.28  0.000e+00
       0.44    423.888    1488.28  0.000e+00
       0.34    423.937    1488.28  0.000e+00
       0.34    423.945    1488.27  0.000e+00
       0.34    424.012    1488.27  0.000e+00
       0.34    424.061    1488.27  0.000e+00
       0.34    424.069    1488.27  0.000e+00
       0.29    424.193    1488.27  0.000e+00
       0.27    424.185    1488.27  0.000e+00
       0.27    424.193    1488.27  0.000e+00
       0.27    424.317    1488.27  0.000e+00
       0.27    424.259    1488.27  0.000e+00
       0.27    424.375    1488.27  0.000e+00
       0.27    424.383    1488.27  0.000e+00
       0.27    424.507    1488.27  0.000e+00
       0.29    424.499    1488.27  0.000e+00
       0.27    424.507    1488.27  0.000e+00
       0.27    424.631    1488.28  0.000e+00
       0.29    424.556    1488.27  0.000e+00
       0.29    424.689    1488.28  0.000e+00
       0.29    424.689    1488.28  0.000e+00
       0.29    424.738    1488.28  0.000e+00
       0.29    424.812    1488.28  0.000e+00
       0.29    424.746    1488.28  0.000e+00
       0.29    424.928    1488.28  0.000e+00
       0.39    424.870    1488.28  0.000e+00
       0.46    424.936    1488.28  0.000e+00
       0.46    425.060    1488.28  0.000e+00
       0.46    424.986    1488.28  0.000e+00
       0.46    425.118    1488.28  0.000e+00
       0.44    425.060    1488.27  0.000e+00
       0.32    425.167    1488.27  0.000e+00
       0.29    425.184    1488.27  0.000e+00
       0.29    425.242    1488.27  0.000e+00
       0.29    425.291    1488.28  0.000e+00
       0.29    425.308    1488.28  0.000e+00
       0.29    425.366    1488.28  0.000e+00
       0.32    425.357    1488.28  0.000e+00
       0.34    425.432    1488.28  0.000e+00
       0.34    425.489    1488.28  0.000e+00
       0.34    425.539    1488.27  0.000e+00
       0.34    425.547    1488.27  0.000e+00
       0.34    425.547    1488.27  0.000e+00
       0.32    425.663    1488.27  0.000e+00
       0.29    425.613    1488.26  0.000e+00
       0.32    425.737    1488.27  0.000e+00
       0.29    425.729    1488.26  0.000e+00
       0.32    425.795    1488.26  0.000e+00
       0.29    425.795    1488.26  0.000e+00
       0.27    425.844    1488.26  0.000e+00
       0.27    425.919    1488.26  0.000e+00
       0.27    425.919    1488.25  0.000e+00
       0.27    425.968    1488.24  0.000e+00
       0.27    426.043    1488.24  0.000e+00
       0.27    426.043    1488.22  0.000e+00
       0.27    426.034    1488.21  0.000e+00
       0.27    426.166    1488.20  0.000e+00
       0.27    426.166    1488.20  0.000e+00
       0.27    426.216    1488.19  0.000e+00
       0.27    426.224    1488.19  0.000e+00
       0.27    426.216    1488.19  0.000e+00
       0.27    426.348    1488.19  0.000e+00
       0.27    426.414    1488.19  0.000e+00
       0.27    426.340    1488.19  0.000e+00
       0.27    426.472    1488.19  0.000e+00
       0.27    426.472    1488.18  0.000e+00
       0.29    426.521    1488.17  0.000e+00
       0.42    426.538    1488.16  0.000e+00
       0.49    426.596    1488.14  0.000e+00
       0.49    426.587    1488.10  0.000e+00
       0.49    426.720    1488.07  0.000e+00
       0.49    426.720    1488.05  0.000e+00
       0.49    426.711    1488.03  0.000e+00
       0.51    426.843    1488.02  0.000e+00
       0.54    426.786    1488.00  0.000e+00
       0.51    426.959    1487.99  0.000e+00
       0.54    426.909    1487.98  0.000e+00
       0.54    426.893    1487.98  0.000e+00
       0.46    427.025    1487.97  0.000e+00
       0.32    427.025    1487.96  0.000e+00
       0.27    427.083    1487.96  0.000e+00
       0.27    427.149    1487.96  0.000e+00
       0.29    427.149    1487.95  0.000e+00
       0.29    427.198    1487.95  0.000e+00
       0.29    427.215    1487.95  0.000e+00
       0.29    427.339    1487.95  0.000e+00
       0.29    427.322    1487.95  0.000e+00
       0.27    427.339    1487.94  0.000e+00
       0.29    427.446    1487.94  0.000e+00
       0.27    427.463    1487.94  0.000e+00
       0.29    427.520    1487.94  0.000e+00
       0.34    427.512    1487.94  0.000e+00
       0.39    427.587    1487.94  0.000e+00
       0.39    427.644    1487.94  0.000e+00
       0.39    427.636    1487.93  0.000e+00
       0.39    427.768    1487.93  0.000e+00
       0.42    427.760    1487.93  0.000e+00
       0.54    427.768    1487.92  0.000e+00
       0.63    427.826    1487.92  0.000e+00
       0.63    427.875    1487.92  0.000e+00
       0.63    427.950    1487.92  0.000e+00
       0.61    427.950    1487.92  0.000e+00
       0.61    427.999    1487.92  0.000e+00
       0.54    428.074    1487.92  0.000e+00
       0.51    428.123    1487.92  0.000e+00
       0.51    428.074    1487.91  0.000e+00
       0.51    428.264    1487.91  0.000e+00
       0.51    428.189    1487.90  0.000e+00
       0.49    428.264    1487.89  0.000e+00
       0.37    428.313    1487.89  0.000e+00
       0.32    428.387    1487.88  0.000e+00
       0.32    428.387    1487.87  0.000e+00
       0.32    428.437    1487.87  0.000e+00
       0.32    428.511    1487.86  0.000e+00
       0.32    428.511    1487.86  0.000e+00
       0.29    428.553    1487.86  0.000e+00
       0.29    428.627    1487.85  0.000e+00
       0.29    428.676    1487.85  0.000e+00
       0.29    428.693    1487.85  0.000e+00
       0.29    428.751    1487.85  0.000e+00
       0.29    428.800    1487.85  0.000e+00
       0.27    428.817    1487.84  0.000e+00
       0.27    428.866    1487.84  0.000e+00
       0.27    428.941    1487.84  0.000e+00
       0.27    428.941    1487.83  0.000e+00
       0.27    429.048    1487.83  0.000e+00
      11.48    428.998    1487.82  0.000e+00
      73.36    429.172    1487.82  0.000e+00
     100.00    429.064    1487.81  0.000e+00
     100.00    429.246    1487.81  0.000e+00
     100.00    429.172    1487.80  0.000e+00
     100.00    429.304    1487.79  0.000e+00
      90.77    429.296    1487.79  0.000e+00
      28.99    429.428    1487.78  0.000e+00
       0.07    429.370    1487.77  0.000e+00
       0.00    429.543    1487.76  0.000e+00
       0.00    429.428    1487.75  0.000e+00
       0.12    429.543    1487.74  0.000e+00
       0.37    429.618    1487.73  0.000e+00
       0.66    429.601    1487.72  0.000e+00
       0.78    429.676    1487.71  0.000e+00
       0.78    429.742    1487.70  0.000e+00
       0.78    429.791    1487.69  0.000e+00
       0.78    429.799    1487.68  0.000e+00
       0.73    429.849    1487.67  0.000e+00
       0.42    429.923    1487.67  0.000e+00
       0.32    429.989    1487.66  0.000e+00
       0.29    429.973    1487.66  0.000e+00
       0.32    429.989    1487.66  0.000e+00
       0.29    430.097    1487.66  0.000e+00
       0.29    430.105    1487.65  0.000e+00
       0.29    430.221    1487.65  0.000e+00
       0.29    430.171    1487.65  0.000e+00
       0.29    430.295    1487.65  0.000e+00
       0.29    430.278    1487.64  0.000e+00
       0.29    430.353    1487.64  0.000e+00
       0.29    430.344    1487.63  0.000e+00
       0.29    430.476    1487.63  0.000e+00
       0.29    430.468    1487.62  0.000e+00
       0.29    430.476    1487.61  0.000e+00
       0.29    430.543    1487.60  0.000e+00
       0.29    430.592    1487.59  0.000e+00
       0.32    430.666    1487.58  0.000e+00
       0.39    430.650    1487.57  0.000e+00
       0.42    430.724    1487.57  0.000e+00
       0.44    430.774    1487.56  0.000e+00
       0.42    430.790    1487.56  0.000e+00
       0.42    430.848    1487.55  0.000e+00
       0.42    430.831    1487.55  0.000e+00
       0.39    430.972    1487.54  0.000e+00
       0.34    430.898    1487.53  0.000e+00
       0.37    431.030    1487.52  0.000e+00
       0.37    431.021    1487.52  0.000e+00
       0.34    431.096    1487.51  0.000e+00
       0.34    431.079    1487.50  0.000e+00
       0.29    431.154    1487.49  0.000e+00
       0.27    431.153    1487.48  0.000e+00
       0.27    431.269    1487.47  0.000e+00
       0.27    431.277    1487.45  0.000e+00
       0.27    431.269    1487.44  0.000e+00
       0.27    431.343    1487.43  0.000e+00
       0.27    431.385    1487.42  0.000e+00
       0.24    431.401    1487.41  0.000e+00
       0.24    431.451    1487.40  0.000e+00
       0.24    431.467    1487.40  0.000e+00
       0.27    431.525    1487.40  0.000e+00
       0.27    431.575    1487.39  0.000e+00
       0.27    431.591    1487.39  0.000e+00
       0.27    431.632    1487.39  0.000e+00
       0.29    431.707    1487.38  0.000e+00
       0.27    431.698    1487.37  0.000e+00
       0.29    431.773    1487.37  0.000e+00
       0.27    431.756    1487.35  0.000e+00
       0.27    431.831    1487.34  0.000e+00
       0.27    431.880    1487.33  0.000e+00
       0.27    431.897    1487.32  0.000e+00
       0.27    431.897    1487.31  0.000e+00
       0.27    431.946    1487.30  0.000e+00
       0.27    432.078    1487.30  0.000e+00
       0.29    432.062    1487.29  0.000e+00
       0.29    432.020    1487.28  0.000e+00
       0.29    432.128    1487.28  0.000e+00
       0.29    432.144    1487.27  0.000e+00
       0.29    432.252    1487.27  0.000e+00
       0.29    432.202    1487.27  0.000e+00
       0.27    432.309    1487.27  0.000e+00
       0.27    432.326    1487.26  0.000e+00
       0.27    432.309    1487.26  0.000e+00
       0.27    432.392    1487.26  0.000e+00
       0.27    432.450    1487.26  0.000e+00
      12.33    432.433    1487.26  0.000e+00
      74.09    432.508    1487.26  0.000e+00
     100.00    432.557    1487.26  0.000e+00
     100.00    432.574    1487.26  0.000e+00
     100.00    432.623    1487.26  0.000e+00
     100.00    432.698    1487.26  0.000e+00
      99.88    432.739    1487.25  0.000e+00
      99.90    432.697    1487.25  0.000e+00
      99.95    432.805    1487.24  0.000e+00
      99.98    432.821    1487.24  0.000e+00
      99.98    432.805    1487.24  0.000e+00
      99.95    432.945    1487.24  0.000e+00
      90.62    432.929    1487.24  0.000e+00
      28.72    433.003    1487.24  0.000e+00
       0.00    432.987    1487.23  0.000e+00
       0.00    433.069    1487.24  0.000e+00
       0.00    433.110    1487.24  0.000e+00
       0.00    433.127    1487.23  0.000e+00
       0.22    433.234    1487.24  0.000e+00
       0.32    433.193    1487.23  0.000e+00
       0.34    433.309    1487.24  0.000e+00
       0.34    433.300    1487.24  0.000e+00
       0.32    433.375    1487.24  0.000e+00
       0.32    433.358    1487.24  0.000e+00
       0.32    433.499    1487.24  0.000e+00
       0.32    433.482    1487.24  0.000e+00
       0.29    433.498    1487.23  0.000e+00
       0.29    433.606    1487.23  0.000e+00
       0.29    433.622    1487.23  0.000e+00
       0.29    433.606    1487.23  0.000e+00
       0.29    433.746    1487.23  0.000e+00
       0.29    433.787    1487.23  0.000e+00
       0.32    433.746    1487.23  0.000e+00
       0.32    433.854    1487.23  0.000e+00
       0.32    433.870    1487.23  0.000e+00
       0.32    433.911    1487.23  0.000e+00
      10.31    433.994    1487.23  0.000e+00
      72.19    434.035    1487.23  0.000e+00
     100.00    434.052    1487.22  0.000e+00
     100.00    434.093    1487.22  0.000e+00
     100.00    434.176    1487.22  0.000e+00
     100.00    434.159    1487.21  0.000e+00
      99.88    434.233    1487.21  0.000e+00
      99.90    434.283    1487.21  0.000e+00
      99.93    434.357    1487.21  0.000e+00
      99.98    434.407    1487.21  0.000e+00
      99.98    434.357    1487.21  0.000e+00
      99.93    434.465    1487.21  0.000e+00
      93.65    434.547    1487.21  0.000e+00
      32.21    434.589    1487.21  0.000e+00
       0.59    434.605    1487.21  0.000e+00
       0.00    434.655    1487.21  0.000e+00
       0.00    434.729    1487.21  0.000e+00
       0.10    434.712    1487.21  0.000e+00
       0.32    434.853    1487.21  0.000e+00
       0.29    434.778    1487.20  0.000e+00
       0.27    434.894    1487.20  0.000e+00
       0.27    434.977    1487.21  0.000e+00
       0.24    434.960    1487.20  0.000e+00
       0.24    435.034    1487.21  0.000e+00
       0.27    435.084    1487.21  0.000e+00
       0.27    435.101    1487.21  0.000e+00
       0.27    435.142    1487.21  0.000e+00
       0.27    435.224    1487.21  0.000e+00
       0.29    435.266    1487.21  0.000e+00
       0.27    435.282    1487.21  0.000e+00
       0.29    435.332    1487.21  0.000e+00
       0.42    435.406    1487.21  0.000e+00
       0.49    435.456    1487.21  0.000e+00
       0.51    435.472    1487.21  0.000e+00
       0.51    435.571    1487.21  0.000e+00
       0.49    435.530    1487.21  0.000e+00
       9.82    435.637    1487.21  0.000e+00
      71.50    435.654    1487.21  0.000e+00
     100.00    435.695    1487.21  0.000e+00
     100.00    435.654    1487.21  0.000e+00
     100.00    435.885    1487.22  0.000e+00
     100.00    435.819    1487.21  0.000e+00
      90.92    435.901    1487.21  0.000e+00
      29.04    435.885    1487.22  0.000e+00
       0.02    435.959    1487.22  0.000e+00
       0.00    436.009    1487.22  0.000e+00
       0.00    436.025    1487.21  0.000e+00
       0.00    436.133    1487.21  0.000e+00
       0.27    436.083    1487.21  0.000e+00
       0.49    436.133    1487.21  0.000e+00
       0.56    436.207    1487.20  0.000e+00
       0.56    436.248    1487.20  0.000e+00
       0.54    436.248    1487.20  0.000e+00
       0.54    436.331    1487.20  0.000e+00
       0.51    436.372    1487.20  0.000e+00
       0.34    436.397    1487.20  0.000e+00
       0.29    436.438    1487.20  0.000e+00
       0.29    436.455    1487.20  0.000e+00
       0.29    436.496    1487.20  0.000e+00
       0.29    436.579    1487.20  0.000e+00
       0.29    436.562    1487.20  0.000e+00
       0.29    436.636    1487.20  0.000e+00
       0.29    436.620    1487.20  0.000e+00
       0.29    436.686    1487.21  0.000e+00
       0.29    436.760    1487.20  0.000e+00
       0.29    436.744    1487.21  0.000e+00
       7.72    436.760    1487.20  0.000e+00
      69.47    436.868    1487.21  0.000e+00
     100.00    436.884    1487.20  0.000e+00
     100.00    436.868    1487.20  0.000e+00
     100.00    436.950    1487.20  0.000e+00
     100.00    436.991    1487.20  0.000e+00
      91.18    437.049    1487.20  0.000e+00
      29.55    437.008    1487.20  0.000e+00
       0.32    437.115    1487.20  0.000e+00
       0.00    437.132    1487.20  0.000e+00
       0.00    437.115    1487.20  0.000e+00
       0.27    437.256    1487.20  0.000e+00
       0.54    437.239    1487.20  0.000e+00
       0.37    437.256    1487.20  0.000e+00
       0.27    437.297    1487.20  0.000e+00
       0.24    437.297    1487.20  0.000e+00
       0.27    437.437    1487.20  0.000e+00
       0.24    437.421    1487.19  0.000e+00
       0.27    437.437    1487.19  0.000e+00
       0.32    437.545    1487.19  0.000e+00
