test_casts/EN695_015_test.cnv
* Sea-Bird SBE 9 Data File:
* FileName = D:\ctd\raw\EN695_015.hdr
* Software Version Seasave V 7.26.7.121
* Temperature SN = 4333
* Conductivity SN = 2459
* Number of Bytes Per Scan = 40
* Number of Voltage Words = 5
* Number of Scans Averaged by the Deck Unit = 1
* NMEA Latitude = 41 11.95 N
* NMEA Longitude = 070 53.14 W
* NMEA UTC (Time) = Jan 14 2023  17:36:36
* NMEA baud rate = 4800
** Ship: R/V Endeavor
** Cruise: EN695
** Principal Investigator: Heidi Sosik
** Chief Scientist: Heidi Sosik
** Project: NES-LTER Transect 12 Winter
** Cruise Start Date: 11 Jan 2023
** Ports: Senesco Shipyard to Senesco Shipyard, North Kingstown, Rhode Island
** Station:  L1
** Bottom Depth: 21 m
** Operator:
# nquan = 4
# nvalues = 13824                                 
# units = specified
# name 0 = altM: Altimeter [m]
# name 1 = depSM: Depth [salt water, m]
# name 2 = svCM: Sound Velocity [Chen-Millero, m/s]
# name 3 = flag:  0.000e+00
# span 0 =       4.96,      19.83                 
# span 1 =      2.442,     16.237                 
# span 2 =    1472.62,    1472.91                 
# span 3 = 0.0000e+00, 0.0000e+00                 
# interval = seconds: 0.0416667
# start_time = Jan 14 2023 17:36:38 [System UTC, header]
# bad_flag = -9.990e-29
*END*
[from data line 3201]
       6.11     15.737    1472.89  0.000e+00
       6.11     15.802    1472.89  0.000e+00
       6.11     15.737    1472.89  0.000e+00
       6.11     15.737    1472.89  0.000e+00
       6.08     15.737    1472.89  0.000e+00
       6.08     15.737    1472.89  0.000e+00
       6.06     15.737    1472.88  0.000e+00
       6.06     15.720    1472.88  0.000e+00
       6.06     15.737    1472.87  0.000e+00
       6.06     15.613    1472.87  0.000e+00
       6.13     15.737    1472.87  0.000e+00
       6.13     15.613    1472.87  0.000e+00
       6.13     15.679    1472.87  0.000e+00
       6.15     15.613    1472.87  0.000e+00
       6.15     15.679    1472.87  0.000e+00
       6.15     15.539    1472.87  0.000e+00
       6.18     15.613    1472.87  0.000e+00
       6.20     15.613    1472.87  0.000e+00
       6.20     15.556    1472.87  0.000e+00
       6.20     15.556    1472.87  0.000e+00
       6.18     15.556    1472.87  0.000e+00
       6.20     15.556    1472.87  0.000e+00
       6.25     15.498    1472.87  0.000e+00
       6.28     15.539    1472.87  0.000e+00
       6.30     15.498    1472.87  0.000e+00
       6.30     15.432    1472.87  0.000e+00
       6.28     15.498    1472.87  0.000e+00
       6.30     15.375    1472.87  0.000e+00
       6.35     15.432    1472.87  0.000e+00
       6.37     15.432    1472.87  0.000e+00
       6.40     15.375    1472.87  0.000e+00
       6.40     15.358    1472.87  0.000e+00
       6.40     15.375    1472.87  0.000e+00
       6.40     15.309    1472.87  0.000e+00
       6.50     15.309    1472.87  0.000e+00
       6.57     15.375    1472.87  0.000e+00
       6.59     15.309    1472.87  0.000e+00
       6.59     15.251    1472.87  0.000e+00
       6.57     15.251    1472.88  0.000e+00
       6.57     15.235    1472.88  0.000e+00
       6.57     15.251    1472.88  0.000e+00
       6.54     15.251    1472.88  0.000e+00
       6.54     15.194    1472.88  0.000e+00
       6.57     15.251    1472.88  0.000e+00
       6.54     15.194    1472.88  0.000e+00
       6.57     15.194    1472.88  0.000e+00
       6.67     15.194    1472.88  0.000e+00
       6.72     15.128    1472.88  0.000e+00
       6.72     15.169    1472.88  0.000e+00
       6.74     15.194    1472.88  0.000e+00
       6.72     15.128    1472.87  0.000e+00
       6.72     15.128    1472.88  0.000e+00
       6.74     15.194    1472.88  0.000e+00
       6.76     15.128    1472.87  0.000e+00
       6.76     15.128    1472.87  0.000e+00
       6.76     15.128    1472.87  0.000e+00
       6.76     15.111    1472.87  0.000e+00
       6.76     15.128    1472.87  0.000e+00
       6.81     15.193    1472.87  0.000e+00
       6.84     15.128    1472.87  0.000e+00
       6.84     15.070    1472.87  0.000e+00
       6.84     15.193    1472.87  0.000e+00
       6.86     15.128    1472.87  0.000e+00
       6.84     15.128    1472.87  0.000e+00
       6.84     15.128    1472.87  0.000e+00
       6.86     15.169    1472.87  0.000e+00
       6.89     15.193    1472.87  0.000e+00
       6.89     15.128    1472.87  0.000e+00
       6.89     15.193    1472.87  0.000e+00
       6.89     15.193    1472.87  0.000e+00
       6.94     15.193    1472.87  0.000e+00
       6.96     15.193    1472.87  0.000e+00
       6.96     15.251    1472.87  0.000e+00
       6.94     15.169    1472.87  0.000e+00
       6.94     15.193    1472.87  0.000e+00
       6.96     15.251    1472.87  0.000e+00
       6.96     15.251    1472.87  0.000e+00
       6.96     15.251    1472.87  0.000e+00
       6.94     15.251    1472.87  0.000e+00
       6.91     15.251    1472.87  0.000e+00
       6.89     15.308    1472.88  0.000e+00
       6.89     15.251    1472.87  0.000e+00
       6.89     15.292    1472.88  0.000e+00
       6.89     15.374    1472.88  0.000e+00
       6.94     15.308    1472.88  0.000e+00
       7.01     15.308    1472.88  0.000e+00
       7.03     15.308    1472.87  0.000e+00
       7.01     15.374    1472.88  0.000e+00
       7.01     15.374    1472.87  0.000e+00
       7.03     15.374    1472.87  0.000e+00
       7.03     15.357    1472.87  0.000e+00
       6.98     15.374    1472.87  0.000e+00
       6.96     15.431    1472.88  0.000e+00
       6.96     15.374    1472.88  0.000e+00
       6.96     15.431    1472.88  0.000e+00
       6.96     15.374    1472.88  0.000e+00
       6.94     15.431    1472.87  0.000e+00
       6.94     15.431    1472.87  0.000e+00
       6.89     15.472    1472.87  0.000e+00
       6.91     15.431    1472.87  0.000e+00
       6.91     15.431    1472.87  0.000e+00
       6.91     15.431    1472.88  0.000e+00
       6.91     15.497    1472.88  0.000e+00
       6.91     15.374    1472.87  0.000e+00
       6.89     15.497    1472.87  0.000e+00
       6.81     15.431    1472.87  0.000e+00
       6.79     15.472    1472.87  0.000e+00
       6.79     15.431    1472.88  0.000e+00
       6.79     15.497    1472.88  0.000e+00
       6.79     15.374    1472.88  0.000e+00
       6.76     15.497    1472.88  0.000e+00
       6.79     15.431    1472.88  0.000e+00
       6.79     15.431    1472.88  0.000e+00
       6.79     15.431    1472.87  0.000e+00
       6.79     15.415    1472.87  0.000e+00
       6.79     15.431    1472.87  0.000e+00
       6.79     15.431    1472.87  0.000e+00
       6.76     15.373    1472.87  0.000e+00
       6.76     15.431    1472.88  0.000e+00
       6.76     15.373    1472.89  0.000e+00
       6.76     15.373    1472.89  0.000e+00
       6.76     15.373    1472.90  0.000e+00
       6.79     15.357    1472.90  0.000e+00
       6.81     15.373    1472.90  0.000e+00
       6.81     15.373    1472.90  0.000e+00
       6.81     15.308    1472.89  0.000e+00
       6.81     15.373    1472.89  0.000e+00
       6.81     15.308    1472.88  0.000e+00
       6.81     15.308    1472.88  0.000e+00
       6.81     15.308    1472.89  0.000e+00
       6.79     15.308    1472.89  0.000e+00
       6.76     15.234    1472.89  0.000e+00
       6.76     15.307    1472.89  0.000e+00
       6.76     15.307    1472.89  0.000e+00
       6.76     15.250    1472.89  0.000e+00
       6.76     15.250    1472.89  0.000e+00
       6.81     15.250    1472.89  0.000e+00
       6.86     15.250    1472.89  0.000e+00
       6.84     15.250    1472.89  0.000e+00
       6.84     15.233    1472.89  0.000e+00
       6.84     15.192    1472.89  0.000e+00
       6.84     15.250    1472.89  0.000e+00
       6.86     15.250    1472.89  0.000e+00
       6.86     15.250    1472.89  0.000e+00
       6.86     15.192    1472.89  0.000e+00
       6.86     15.250    1472.89  0.000e+00
       6.86     15.192    1472.89  0.000e+00
       6.86     15.233    1472.89  0.000e+00
       6.84     15.250    1472.89  0.000e+00
       6.84     15.250    1472.89  0.000e+00
       6.84     15.250    1472.89  0.000e+00
       6.84     15.250    1472.89  0.000e+00
       6.84     15.192    1472.89  0.000e+00
       6.81     15.250    1472.89  0.000e+00
       6.76     15.250    1472.89  0.000e+00
       6.76     15.307    1472.89  0.000e+00
       6.76     15.233    1472.89  0.000e+00
       6.76     15.307    1472.89  0.000e+00
       6.76     15.250    1472.89  0.000e+00
       6.74     15.307    1472.89  0.000e+00
       6.74     15.307    1472.89  0.000e+00
       6.74     15.307    1472.89  0.000e+00
       6.74     15.373    1472.90  0.000e+00
       6.74     15.307    1472.90  0.000e+00
       6.74     15.356    1472.90  0.000e+00
       6.74     15.373    1472.89  0.000e+00
       6.74     15.373    1472.89  0.000e+00
       6.72     15.373    1472.89  0.000e+00
       6.74     15.430    1472.89  0.000e+00
       6.74     15.430    1472.89  0.000e+00
       6.72     15.373    1472.89  0.000e+00
       6.72     15.496    1472.89  0.000e+00
       6.69     15.414    1472.89  0.000e+00
       6.69     15.496    1472.89  0.000e+00
       6.69     15.430    1472.89  0.000e+00
       6.69     15.553    1472.90  0.000e+00
       6.69     15.430    1472.89  0.000e+00
       6.67     15.553    1472.90  0.000e+00
       6.64     15.496    1472.89  0.000e+00
       6.64     15.553    1472.90  0.000e+00
       6.64     15.537    1472.89  0.000e+00
       6.64     15.553    1472.89  0.000e+00
       6.64     15.553    1472.89  0.000e+00
       6.62     15.611    1472.89  0.000e+00
       6.59     15.611    1472.89  0.000e+00
       6.59     15.611    1472.89  0.000e+00
       6.59     15.611    1472.89  0.000e+00
       6.59     15.677    1472.89  0.000e+00
       6.59     15.594    1472.89  0.000e+00
       6.52     15.677    1472.90  0.000e+00
       6.47     15.611    1472.89  0.000e+00
       6.45     15.676    1472.89  0.000e+00
       6.45     15.676    1472.89  0.000e+00
       6.45     15.676    1472.88  0.000e+00
       6.45     15.676    1472.88  0.000e+00
       6.42     15.676    1472.88  0.000e+00
       6.40     15.717    1472.88  0.000e+00
       6.42     15.676    1472.88  0.000e+00
       6.40     15.734    1472.88  0.000e+00
       6.40     15.676    1472.88  0.000e+00
       6.40     15.734    1472.88  0.000e+00
       6.35     15.734    1472.88  0.000e+00
       6.30     15.676    1472.88  0.000e+00
       6.30     15.734    1472.88  0.000e+00
       6.30     15.660    1472.88  0.000e+00
       6.30     15.734    1472.88  0.000e+00
       6.32     15.676    1472.88  0.000e+00
       6.30     15.676    1472.88  0.000e+00
       6.32     15.734    1472.88  0.000e+00
       6.30     15.676    1472.88  0.000e+00
       6.30     15.676    1472.88  0.000e+00
       6.30     15.676    1472.88  0.000e+00
       6.30     15.660    1472.88  0.000e+00
       6.32     15.676    1472.88  0.000e+00
       6.32     15.676    1472.88  0.000e+00
       6.32     15.676    1472.88  0.000e+00
       6.35     15.610    1472.88  0.000e+00
       6.35     15.610    1472.88  0.000e+00
       6.35     15.676    1472.88  0.000e+00
       6.30     15.594    1472.88  0.000e+00
       6.28     15.610    1472.88  0.000e+00
       6.25     15.553    1472.88  0.000e+00
       6.28     15.553    1472.88  0.000e+00
       6.28     15.610    1472.88  0.000e+00
       6.28     15.495    1472.88  0.000e+00
       6.28     15.553    1472.88  0.000e+00
       6.32     15.495    1472.88  0.000e+00
       6.32     15.536    1472.88  0.000e+00
       6.32     15.495    1472.88  0.000e+00
       6.32     15.495    1472.88  0.000e+00
       6.32     15.495    1472.88  0.000e+00
       6.37     15.495    1472.88  0.000e+00
       6.37     15.429    1472.88  0.000e+00
       6.40     15.429    1472.88  0.000e+00
       6.40     15.372    1472.88  0.000e+00
       6.40     15.413    1472.88  0.000e+00
       6.40     15.429    1472.88  0.000e+00
       6.42     15.372    1472.88  0.000e+00
       6.42     15.372    1472.88  0.000e+00
       6.45     15.372    1472.88  0.000e+00
       6.45     15.306    1472.88  0.000e+00
       6.45     15.372    1472.88  0.000e+00
       6.45     15.306    1472.88  0.000e+00
       6.47     15.306    1472.88  0.000e+00
       6.47     15.289    1472.88  0.000e+00
       6.47     15.306    1472.88  0.000e+00
       6.50     15.306    1472.88  0.000e+00
       6.50     15.248    1472.88  0.000e+00
       6.50     15.248    1472.88  0.000e+00
       6.45     15.306    1472.88  0.000e+00
       6.40     15.248    1472.88  0.000e+00
       6.40     15.248    1472.88  0.000e+00
       6.40     15.232    1472.88  0.000e+00
       6.37     15.306    1472.88  0.000e+00
       6.40     15.191    1472.88  0.000e+00
       6.40     15.248    1472.88  0.000e+00
       6.40     15.248    1472.88  0.000e+00
       6.42     15.248    1472.88  0.000e+00
       6.40     15.248    1472.88  0.000e+00
       6.40     15.248    1472.88  0.000e+00
       6.40     15.166    1472.88  0.000e+00
       6.40     15.248    1472.88  0.000e+00
       6.42     15.248    1472.88  0.000e+00
       6.47     15.248    1472.88  0.000e+00
       6.47     15.248    1472.88  0.000e+00
       6.47     15.248    1472.88  0.000e+00
       6.47     15.248    1472.88  0.000e+00
       6.47     15.248    1472.88  0.000e+00
       6.35     15.305    1472.88  0.000e+00
       6.28     15.166    1472.88  0.000e+00
       6.25     15.305    1472.88  0.000e+00
       6.28     15.305    1472.88  0.000e+00
       6.25     15.248    1472.88  0.000e+00
       6.25     15.305    1472.88  0.000e+00
       6.25     15.305    1472.88  0.000e+00
       6.25     15.248    1472.88  0.000e+00
       6.25     15.305    1472.88  0.000e+00
       6.25     15.355    1472.88  0.000e+00
       6.25     15.305    1472.88  0.000e+00
       6.23     15.305    1472.88  0.000e+00
       6.20     15.305    1472.88  0.000e+00
       6.20     15.371    1472.88  0.000e+00
       6.20     15.371    1472.88  0.000e+00
       6.23     15.305    1472.88  0.000e+00
       6.20     15.371    1472.88  0.000e+00
       6.20     15.412    1472.88  0.000e+00
       6.20     15.371    1472.88  0.000e+00
       6.18     15.371    1472.88  0.000e+00
       6.18     15.428    1472.88  0.000e+00
       6.18     15.371    1472.88  0.000e+00
       6.18     15.428    1472.88  0.000e+00
       6.15     15.428    1472.88  0.000e+00
       6.15     15.428    1472.88  0.000e+00
       6.13     15.469    1472.88  0.000e+00
       6.13     15.371    1472.88  0.000e+00
       6.13     15.494    1472.88  0.000e+00
       6.13     15.494    1472.88  0.000e+00
       6.13     15.428    1472.88  0.000e+00
       6.13     15.494    1472.88  0.000e+00
       6.11     15.494    1472.88  0.000e+00
       6.11     15.494    1472.88  0.000e+00
       6.11     15.494    1472.88  0.000e+00
       6.11     15.469    1472.88  0.000e+00
       6.11     15.494    1472.88  0.000e+00
       6.11     15.494    1472.88  0.000e+00
       6.11     15.551    1472.88  0.000e+00
       6.11     15.551    1472.88  0.000e+00
       6.11     15.494    1472.88  0.000e+00
       6.11     15.551    1472.88  0.000e+00
       6.11     15.551    1472.88  0.000e+00
       6.06     15.535    1472.88  0.000e+00
       6.03     15.494    1472.88  0.000e+00
       6.03     15.551    1472.88  0.000e+00
       6.03     15.551    1472.88  0.000e+00
       6.03     15.551    1472.88  0.000e+00
       6.03     15.494    1472.89  0.000e+00
       6.03     15.551    1472.89  0.000e+00
       6.06     15.551    1472.89  0.000e+00
       6.06     15.535    1472.89  0.000e+00
       6.06     15.551    1472.89  0.000e+00
       6.08     15.551    1472.89  0.000e+00
       6.08     15.494    1472.89  0.000e+00
       6.08     15.551    1472.89  0.000e+00
       6.08     15.494    1472.88  0.000e+00
       6.06     15.494    1472.88  0.000e+00
       5.96     15.551    1472.89  0.000e+00
       5.93     15.469    1472.89  0.000e+00
       5.93     15.551    1472.89  0.000e+00
       5.93     15.428    1472.88  0.000e+00
       5.93     15.494    1472.88  0.000e+00
       6.01     15.494    1472.88  0.000e+00
       6.06     15.494    1472.88  0.000e+00
       6.08     15.428    1472.88  0.000e+00
       6.08     15.494    1472.88  0.000e+00
       6.08     15.411    1472.88  0.000e+00
       6.06     15.493    1472.88  0.000e+00
       6.11     15.370    1472.88  0.000e+00
       6.13     15.428    1472.88  0.000e+00
       6.13     15.428    1472.88  0.000e+00
       6.13     15.428    1472.88  0.000e+00
       6.13     15.370    1472.88  0.000e+00
       6.13     15.428    1472.88  0.000e+00
       6.13     15.354    1472.88  0.000e+00
       6.13     15.370    1472.88  0.000e+00
       6.13     15.370    1472.88  0.000e+00
       6.13     15.370    1472.88  0.000e+00
       6.15     15.370    1472.88  0.000e+00
       6.13     15.370    1472.88  0.000e+00
       6.13     15.304    1472.88  0.000e+00
       6.15     15.370    1472.88  0.000e+00
       6.13     15.354    1472.88  0.000e+00
       6.13     15.304    1472.88  0.000e+00
       6.15     15.370    1472.88  0.000e+00
       6.15     15.304    1472.88  0.000e+00
