test_casts/EN695_002_test.cnv
* Sea-Bird SBE 9 Data File:
* FileName = D:\ctd\raw\EN695_002.hdr
* Software Version Seasave V 7.26.7.121
* Temperature SN = 4333
* Conductivity SN = 2459
* Number of Bytes Per Scan = 40
* Number of Voltage Words = 5
* Number of Scans Averaged by the Deck Unit = 1
* NMEA Latitude = 40 21.82 N
* NMEA Longitude = 070 53.03 W
* NMEA UTC (Time) = Jan 12 2023  03:28:23
* NMEA baud rate = 4800
** Ship: R/V Endeavor
** Cruise: EN695
** Principal Investigator: Heidi Sosik
** Chief Scientist: Heidi Sosik
** Project: NES-LTER Transect 12 Winter
** Cruise Start Date: 11 Jan 2023
** Ports: Senesco Shipyard to Senesco Shipyard, North Kingstown, Rhode Island
** Station:  L6
** Bottom Depth: 92m
** Operator:
# nquan = 4
# nvalues = 32412                                 
# units = specified
# name 0 = altM: Altimeter [m]
# name 1 = depSM: Depth [salt water, m]
# name 2 = svCM: Sound Velocity [Chen-Millero, m/s]
# name 3 = flag:  0.000e+00
# span 0 =       0.00,     100.00                 
# span 1 =      2.575,     87.587                 
# span 2 =    1489.58,    1508.73                 
# span 3 = 0.0000e+00, 0.0000e+00                 
# interval = seconds: 0.0416667
# start_time = Jan 12 2023 03:28:26 [System UTC, header]
# bad_flag = -9.990e-29
*END*
[from data line 11023]
       7.28     86.205    1508.47  0.000e+00
       7.30     86.205    1508.47  0.000e+00
       7.30     86.213    1508.47  0.000e+00
       7.30     86.139    1508.47  0.000e+00
       7.30     86.213    1508.47  0.000e+00
       7.30     86.205    1508.47  0.000e+00
       7.30     86.213    1508.47  0.000e+00
       7.30     86.139    1508.47  0.000e+00
       7.30     86.147    1508.47  0.000e+00
       7.30     86.205    1508.47  0.000e+00
       7.30     86.139    1508.46  0.000e+00
       7.30     86.213    1508.47  0.000e+00
       7.35     86.139    1508.47  0.000e+00
       7.35     86.213    1508.47  0.000e+00
       7.37     86.205    1508.46  0.000e+00
       7.35     86.147    1508.46  0.000e+00
       7.35     86.205    1508.46  0.000e+00
       7.35     86.147    1508.46  0.000e+00
       7.35     86.205    1508.46  0.000e+00
       7.35     86.147    1508.46  0.000e+00
       7.35     86.205    1508.46  0.000e+00
       7.35     86.139    1508.46  0.000e+00
       7.35     86.270    1508.46  0.000e+00
       7.35     86.204    1508.46  0.000e+00
       7.33     86.213    1508.46  0.000e+00
       7.33     86.204    1508.46  0.000e+00
       7.33     86.213    1508.46  0.000e+00
       7.33     86.204    1508.46  0.000e+00
       7.33     86.213    1508.46  0.000e+00
       7.33     86.262    1508.46  0.000e+00
       7.30     86.204    1508.46  0.000e+00
       7.30     86.270    1508.46  0.000e+00
       7.30     86.204    1508.46  0.000e+00
       7.30     86.270    1508.47  0.000e+00
       7.30     86.262    1508.47  0.000e+00
       7.28     86.270    1508.46  0.000e+00
       7.30     86.262    1508.46  0.000e+00
       7.30     86.270    1508.46  0.000e+00
       7.30     86.262    1508.46  0.000e+00
       7.30     86.319    1508.46  0.000e+00
       7.30     86.270    1508.47  0.000e+00
       7.30     86.319    1508.48  0.000e+00
       7.25     86.336    1508.49  0.000e+00
       7.23     86.262    1508.50  0.000e+00
       7.23     86.336    1508.51  0.000e+00
       7.23     86.319    1508.51  0.000e+00
       7.23     86.336    1508.51  0.000e+00
       7.20     86.319    1508.51  0.000e+00
       7.18     86.385    1508.51  0.000e+00
       7.18     86.336    1508.51  0.000e+00
       7.18     86.385    1508.51  0.000e+00
       7.18     86.336    1508.51  0.000e+00
       7.18     86.385    1508.51  0.000e+00
       7.18     86.393    1508.51  0.000e+00
       7.20     86.385    1508.51  0.000e+00
       7.20     86.393    1508.51  0.000e+00
       7.20     86.385    1508.51  0.000e+00
       7.23     86.442    1508.51  0.000e+00
       7.20     86.393    1508.51  0.000e+00
       7.20     86.442    1508.51  0.000e+00
       7.18     86.451    1508.50  0.000e+00
       7.16     86.442    1508.50  0.000e+00
       7.16     86.393    1508.51  0.000e+00
       7.16     86.508    1508.52  0.000e+00
       7.16     86.451    1508.52  0.000e+00
       7.16     86.442    1508.52  0.000e+00
       7.16     86.508    1508.52  0.000e+00
       7.16     86.516    1508.53  0.000e+00
       7.16     86.442    1508.53  0.000e+00
       7.16     86.516    1508.53  0.000e+00
       7.16     86.508    1508.53  0.000e+00
       7.16     86.516    1508.53  0.000e+00
       7.13     86.508    1508.53  0.000e+00
       7.13     86.450    1508.54  0.000e+00
       7.13     86.566    1508.54  0.000e+00
       7.13     86.508    1508.55  0.000e+00
       7.13     86.516    1508.56  0.000e+00
       7.11     86.565    1508.56  0.000e+00
       7.08     86.516    1508.54  0.000e+00
       7.03     86.508    1508.54  0.000e+00
       7.03     86.574    1508.54  0.000e+00
       7.06     86.508    1508.53  0.000e+00
       7.03     86.516    1508.53  0.000e+00
       7.06     86.565    1508.53  0.000e+00
       7.06     86.565    1508.53  0.000e+00
       7.03     86.516    1508.54  0.000e+00
       7.03     86.508    1508.56  0.000e+00
       7.03     86.574    1508.57  0.000e+00
       7.06     86.508    1508.58  0.000e+00
       7.03     86.573    1508.58  0.000e+00
       7.01     86.508    1508.58  0.000e+00
       6.98     86.573    1508.57  0.000e+00
       6.98     86.508    1508.56  0.000e+00
       6.98     86.565    1508.55  0.000e+00
       6.98     86.516    1508.54  0.000e+00
       6.98     86.565    1508.54  0.000e+00
       6.96     86.516    1508.54  0.000e+00
       6.96     86.508    1508.53  0.000e+00
       6.96     86.516    1508.53  0.000e+00
       6.96     86.565    1508.53  0.000e+00
       6.96     86.392    1508.52  0.000e+00
       6.96     86.631    1508.52  0.000e+00
       7.01     86.507    1508.51  0.000e+00
       7.01     86.516    1508.52  0.000e+00
       7.01     86.507    1508.52  0.000e+00
       7.01     86.516    1508.52  0.000e+00
       7.01     86.507    1508.52  0.000e+00
       7.01     86.516    1508.51  0.000e+00
       7.01     86.507    1508.51  0.000e+00
       7.01     86.441    1508.51  0.000e+00
       7.01     86.516    1508.51  0.000e+00
       7.01     86.507    1508.51  0.000e+00
       6.98     86.515    1508.51  0.000e+00
       6.98     86.507    1508.51  0.000e+00
       6.96     86.450    1508.50  0.000e+00
       6.94     86.565    1508.51  0.000e+00
       6.94     86.450    1508.50  0.000e+00
       6.96     86.507    1508.51  0.000e+00
       6.94     86.507    1508.50  0.000e+00
       6.94     86.450    1508.50  0.000e+00
       6.96     86.565    1508.50  0.000e+00
       6.96     86.449    1508.50  0.000e+00
       6.98     86.507    1508.50  0.000e+00
       6.98     86.515    1508.50  0.000e+00
       6.96     86.507    1508.50  0.000e+00
       6.96     86.449    1508.49  0.000e+00
       6.98     86.507    1508.49  0.000e+00
       7.03     86.507    1508.49  0.000e+00
       7.01     86.515    1508.49  0.000e+00
       7.03     86.507    1508.48  0.000e+00
       7.01     86.449    1508.48  0.000e+00
       7.01     86.507    1508.48  0.000e+00
       6.98     86.515    1508.49  0.000e+00
       6.96     86.507    1508.48  0.000e+00
       6.98     86.449    1508.48  0.000e+00
       6.98     86.441    1508.48  0.000e+00
       6.96     86.507    1508.48  0.000e+00
       6.98     86.515    1508.48  0.000e+00
       6.98     86.441    1508.48  0.000e+00
       7.01     86.515    1508.48  0.000e+00
       6.98     86.441    1508.48  0.000e+00
       6.98     86.449    1508.48  0.000e+00
       6.98     86.507    1508.48  0.000e+00
       7.01     86.449    1508.48  0.000e+00
       7.01     86.441    1508.48  0.000e+00
       7.01     86.441    1508.48  0.000e+00
       7.03     86.449    1508.48  0.000e+00
       7.01     86.441    1508.48  0.000e+00
       7.01     86.449    1508.48  0.000e+00
       7.01     86.383    1508.47  0.000e+00
       7.03     86.449    1508.48  0.000e+00
       7.01     86.441    1508.48  0.000e+00
       7.03     86.391    1508.48  0.000e+00
       7.03     86.383    1508.48  0.000e+00
       7.01     86.441    1508.47  0.000e+00
       7.01     86.334    1508.47  0.000e+00
       7.03     86.383    1508.47  0.000e+00
       7.06     86.391    1508.47  0.000e+00
       7.03     86.383    1508.48  0.000e+00
       7.03     86.334    1508.48  0.000e+00
       7.03     86.383    1508.47  0.000e+00
       7.06     86.334    1508.47  0.000e+00
       7.08     86.317    1508.47  0.000e+00
       7.08     86.317    1508.47  0.000e+00
       7.11     86.334    1508.47  0.000e+00
       7.08     86.317    1508.48  0.000e+00
       7.08     86.268    1508.48  0.000e+00
       7.08     86.317    1508.48  0.000e+00
       7.11     86.268    1508.48  0.000e+00
       7.13     86.259    1508.48  0.000e+00
       7.13     86.268    1508.47  0.000e+00
       7.13     86.317    1508.46  0.000e+00
       7.11     86.202    1508.45  0.000e+00
       7.13     86.268    1508.45  0.000e+00
       7.18     86.259    1508.45  0.000e+00
       7.18     86.210    1508.45  0.000e+00
       7.18     86.259    1508.44  0.000e+00
       7.20     86.210    1508.44  0.000e+00
       7.18     86.202    1508.44  0.000e+00
       7.20     86.210    1508.44  0.000e+00
       7.23     86.202    1508.44  0.000e+00
       7.23     86.202    1508.43  0.000e+00
       7.23     86.144    1508.43  0.000e+00
       7.23     86.202    1508.43  0.000e+00
       7.23     86.210    1508.43  0.000e+00
       7.23     86.136    1508.43  0.000e+00
       7.25     86.210    1508.43  0.000e+00
       7.28     86.136    1508.44  0.000e+00
       7.28     86.144    1508.44  0.000e+00
       7.28     86.201    1508.44  0.000e+00
       7.28     86.136    1508.43  0.000e+00
       7.25     86.144    1508.44  0.000e+00
       7.28     86.136    1508.43  0.000e+00
       7.28     86.144    1508.44  0.000e+00
       7.28     86.201    1508.44  0.000e+00
       7.28     86.086    1508.44  0.000e+00
       7.25     86.135    1508.44  0.000e+00
       7.28     86.210    1508.44  0.000e+00
       7.28     86.135    1508.44  0.000e+00
       7.30     86.144    1508.43  0.000e+00
       7.28     86.135    1508.43  0.000e+00
       7.28     86.135    1508.43  0.000e+00
       7.28     86.144    1508.43  0.000e+00
       7.28     86.201    1508.43  0.000e+00
       7.33     86.144    1508.43  0.000e+00
       7.37     86.135    1508.44  0.000e+00
       7.37     86.144    1508.44  0.000e+00
       7.35     86.201    1508.43  0.000e+00
       7.35     86.143    1508.43  0.000e+00
       7.35     86.259    1508.43  0.000e+00
       7.30     86.135    1508.43  0.000e+00
       7.28     86.209    1508.43  0.000e+00
       7.30     86.201    1508.43  0.000e+00
       7.28     86.209    1508.44  0.000e+00
       7.30     86.201    1508.44  0.000e+00
       7.28     86.209    1508.44  0.000e+00
       7.33     86.259    1508.44  0.000e+00
       7.33     86.209    1508.44  0.000e+00
       7.33     86.201    1508.44  0.000e+00
       7.33     86.209    1508.44  0.000e+00
       7.33     86.316    1508.43  0.000e+00
       7.30     86.258    1508.42  0.000e+00
       7.25     86.267    1508.43  0.000e+00
       7.23     86.316    1508.44  0.000e+00
       7.20     86.267    1508.44  0.000e+00
       7.20     86.316    1508.44  0.000e+00
       7.23     86.267    1508.44  0.000e+00
       7.20     86.316    1508.45  0.000e+00
       7.20     86.332    1508.46  0.000e+00
       7.20     86.316    1508.47  0.000e+00
       7.20     86.316    1508.47  0.000e+00
       7.20     86.332    1508.47  0.000e+00
       7.18     86.382    1508.47  0.000e+00
       7.18     86.390    1508.47  0.000e+00
       7.16     86.382    1508.47  0.000e+00
       7.16     86.390    1508.47  0.000e+00
       7.16     86.382    1508.47  0.000e+00
       7.16     86.390    1508.47  0.000e+00
       7.16     86.382    1508.47  0.000e+00
       7.13     86.382    1508.47  0.000e+00
       7.11     86.447    1508.47  0.000e+00
       7.08     86.439    1508.47  0.000e+00
       7.08     86.447    1508.48  0.000e+00
       7.08     86.439    1508.48  0.000e+00
       7.08     86.447    1508.48  0.000e+00
       7.08     86.439    1508.47  0.000e+00
       7.13     86.447    1508.48  0.000e+00
       7.16     86.505    1508.48  0.000e+00
       7.16     86.439    1508.50  0.000e+00
       7.16     86.513    1508.51  0.000e+00
       7.16     86.505    1508.50  0.000e+00
       7.13     86.513    1508.50  0.000e+00
       7.11     86.505    1508.50  0.000e+00
       7.08     86.513    1508.51  0.000e+00
       7.08     86.439    1508.51  0.000e+00
       7.08     86.505    1508.50  0.000e+00
       7.08     86.389    1508.49  0.000e+00
       7.08     86.505    1508.48  0.000e+00
       7.06     86.447    1508.48  0.000e+00
       7.06     86.381    1508.48  0.000e+00
       7.06     86.447    1508.48  0.000e+00
       7.06     86.381    1508.47  0.000e+00
       7.06     86.389    1508.47  0.000e+00
       7.08     86.439    1508.47  0.000e+00
       7.08     86.381    1508.47  0.000e+00
       7.06     86.389    1508.48  0.000e+00
       7.06     86.381    1508.48  0.000e+00
       7.06     86.389    1508.48  0.000e+00
       7.06     86.439    1508.47  0.000e+00
       7.08     86.332    1508.47  0.000e+00
       7.06     86.381    1508.47  0.000e+00
       7.08     86.389    1508.46  0.000e+00
       7.08     86.315    1508.46  0.000e+00
       7.06     86.381    1508.46  0.000e+00
       7.06     86.331    1508.46  0.000e+00
       7.08     86.257    1508.46  0.000e+00
       7.11     86.331    1508.46  0.000e+00
       7.16     86.257    1508.46  0.000e+00
       7.16     86.265    1508.46  0.000e+00
       7.13     86.257    1508.46  0.000e+00
       7.16     86.208    1508.45  0.000e+00
       7.16     86.200    1508.44  0.000e+00
       7.18     86.265    1508.44  0.000e+00
       7.18     86.200    1508.43  0.000e+00
       7.18     86.200    1508.43  0.000e+00
       7.18     86.208    1508.42  0.000e+00
       7.18     86.134    1508.42  0.000e+00
       7.18     86.208    1508.42  0.000e+00
       7.23     86.134    1508.42  0.000e+00
       7.23     86.142    1508.42  0.000e+00
       7.25     86.134    1508.42  0.000e+00
       7.23     86.084    1508.41  0.000e+00
       7.23     86.134    1508.41  0.000e+00
       7.25     86.076    1508.41  0.000e+00
       7.30     86.018    1508.41  0.000e+00
       7.30     86.076    1508.41  0.000e+00
       7.30     86.084    1508.41  0.000e+00
       7.30     86.010    1508.40  0.000e+00
       7.30     86.018    1508.40  0.000e+00
       7.30     86.010    1508.40  0.000e+00
       7.35     86.018    1508.40  0.000e+00
       7.35     85.952    1508.40  0.000e+00
       7.35     86.084    1508.40  0.000e+00
       7.35     85.886    1508.40  0.000e+00
       7.35     85.952    1508.40  0.000e+00
       7.37     85.960    1508.40  0.000e+00
       7.40     85.886    1508.40  0.000e+00
       7.42     85.960    1508.40  0.000e+00
       7.42     85.886    1508.40  0.000e+00
       7.42     85.903    1508.40  0.000e+00
       7.42     85.886    1508.40  0.000e+00
       7.42     85.903    1508.40  0.000e+00
       7.47     85.886    1508.40  0.000e+00
       7.52     85.837    1508.40  0.000e+00
       7.50     85.886    1508.39  0.000e+00
       7.50     85.829    1508.39  0.000e+00
       7.50     85.837    1508.39  0.000e+00
       7.52     85.829    1508.39  0.000e+00
       7.57     85.837    1508.40  0.000e+00
       7.57     85.828    1508.40  0.000e+00
       7.57     85.779    1508.40  0.000e+00
       7.57     85.771    1508.40  0.000e+00
       7.57     85.779    1508.40  0.000e+00
       7.59     85.771    1508.40  0.000e+00
       7.62     85.779    1508.40  0.000e+00
       7.64     85.771    1508.40  0.000e+00
       7.64     85.705    1508.40  0.000e+00
       7.64     85.713    1508.40  0.000e+00
       7.64     85.705    1508.41  0.000e+00
       7.64     85.655    1508.41  0.000e+00
       7.69     85.705    1508.41  0.000e+00
       7.72     85.713    1508.41  0.000e+00
       7.72     85.647    1508.41  0.000e+00
       7.72     85.655    1508.41  0.000e+00
       7.69     85.647    1508.41  0.000e+00
       7.69     85.655    1508.41  0.000e+00
       7.72     85.647    1508.41  0.000e+00
       7.72     85.581    1508.41  0.000e+00
       7.74     85.655    1508.41  0.000e+00
       7.72     85.524    1508.41  0.000e+00
       7.72     85.589    1508.41  0.000e+00
       7.74     85.524    1508.41  0.000e+00
       7.77     85.532    1508.41  0.000e+00
       7.81     85.581    1508.41  0.000e+00
       7.81     85.474    1508.40  0.000e+00
       7.81     85.524    1508.40  0.000e+00
       7.79     85.474    1508.40  0.000e+00
       7.81     85.466    1508.40  0.000e+00
       7.91     85.474    1508.40  0.000e+00
       7.94     85.466    1508.40  0.000e+00
       7.94     85.466    1508.40  0.000e+00
       7.94     85.408    1508.40  0.000e+00
       7.96     85.466    1508.40  0.000e+00
       7.94     85.408    1508.40  0.000e+00
