test_casts/EN695_007_test.cnv
* Sea-Bird SBE 9 Data File:
* FileName = D:\ctd\raw\EN695_007.hdr
* Software Version Seasave V 7.26.7.121
* Temperature SN = 4333
* Conductivity SN = 2459
* Number of Bytes Per Scan = 40
* Number of Voltage Words = 5
* Number of Scans Averaged by the Deck Unit = 1
* NMEA Latitude = 40 15.53 N
* NMEA Longitude = 070 52.99 W
* NMEA UTC (Time) = Jan 12 2023  22:43:05
* NMEA baud rate = 4800
** Ship: R/V Endeavor
** Cruise: EN695
** Principal Investigator: Heidi Sosik
** Chief Scientist: Heidi Sosik
** Project: NES-LTER Transect 12 Winter
** Cruise Start Date: 11 Jan 2023
** Ports: Senesco Shipyard to Senesco Shipyard, North Kingstown, Rhode Island
** Station:  L7
** Bottom Depth: 120m
** Operator:
# nquan = 4
# nvalues = 28781                                 
# units = specified
# name 0 = altM: Altimeter [m]
# name 1 = depSM: Depth [salt water, m]
# name 2 = svCM: Sound Velocity [Chen-Millero, m/s]
# name 3 = flag:  0.000e+00
# span 0 =       0.00,     100.00                 
# span 1 =      4.017,    114.977                 
# span 2 =    1493.20,    1514.84                 
# span 3 = 0.0000e+00, 0.0000e+00                 
# interval = seconds: 0.0416667
# start_time = Jan 12 2023 22:43:07 [System UTC, header]
# bad_flag = -9.990e-29
*END*
[from data line 7112]
       7.06    114.115    1514.43  0.000e+00
       7.03    114.115    1514.45  0.000e+00
       7.03    114.082    1514.47  0.000e+00
       7.03    114.057    1514.51  0.000e+00
       7.06    114.057    1514.53  0.000e+00
       7.16    114.057    1514.54  0.000e+00
       7.20    113.958    1514.54  0.000e+00
       7.23    113.991    1514.55  0.000e+00
       7.23    113.991    1514.58  0.000e+00
       7.23    113.934    1514.60  0.000e+00
       7.23    113.934    1514.63  0.000e+00
       7.25    113.901    1514.64  0.000e+00
       7.25    113.868    1514.66  0.000e+00
       7.25    113.868    1514.68  0.000e+00
       7.28    113.868    1514.69  0.000e+00
       7.25    113.810    1514.70  0.000e+00
       7.28    113.777    1514.71  0.000e+00
       7.37    113.810    1514.72  0.000e+00
       7.40    113.744    1514.72  0.000e+00
       7.42    113.744    1514.72  0.000e+00
       7.40    113.687    1514.72  0.000e+00
       7.42    113.777    1514.72  0.000e+00
       7.42    113.686    1514.72  0.000e+00
       7.52    113.686    1514.72  0.000e+00
       7.55    113.629    1514.72  0.000e+00
       7.55    113.654    1514.72  0.000e+00
       7.55    113.686    1514.72  0.000e+00
       7.55    113.563    1514.72  0.000e+00
       7.55    113.629    1514.72  0.000e+00
       7.62    113.629    1514.72  0.000e+00
       7.64    113.596    1514.72  0.000e+00
       7.64    113.563    1514.71  0.000e+00
       7.64    113.563    1514.70  0.000e+00
       7.64    113.563    1514.70  0.000e+00
       7.64    113.563    1514.70  0.000e+00
       7.72    113.530    1514.70  0.000e+00
       7.74    113.505    1514.69  0.000e+00
       7.74    113.563    1514.68  0.000e+00
       7.77    113.505    1514.66  0.000e+00
       7.74    113.505    1514.66  0.000e+00
       7.74    113.530    1514.65  0.000e+00
       7.77    113.505    1514.63  0.000e+00
       7.77    113.563    1514.62  0.000e+00
       7.77    113.505    1514.61  0.000e+00
       7.77    113.505    1514.62  0.000e+00
       7.79    113.596    1514.63  0.000e+00
       7.77    113.563    1514.63  0.000e+00
       7.79    113.563    1514.64  0.000e+00
       7.81    113.563    1514.65  0.000e+00
       7.81    113.596    1514.66  0.000e+00
       7.81    113.629    1514.66  0.000e+00
       7.81    113.629    1514.67  0.000e+00
       7.81    113.563    1514.68  0.000e+00
       7.77    113.686    1514.68  0.000e+00
       7.77    113.596    1514.66  0.000e+00
       7.77    113.686    1514.64  0.000e+00
       7.77    113.686    1514.64  0.000e+00
       7.77    113.629    1514.64  0.000e+00
       7.77    113.744    1514.63  0.000e+00
       7.77    113.653    1514.60  0.000e+00
       7.77    113.744    1514.58  0.000e+00
       7.74    113.686    1514.57  0.000e+00
       7.74    113.810    1514.57  0.000e+00
       7.74    113.744    1514.58  0.000e+00
       7.74    113.777    1514.59  0.000e+00
       7.69    113.810    1514.59  0.000e+00
       7.64    113.810    1514.59  0.000e+00
       7.64    113.867    1514.57  0.000e+00
       7.64    113.834    1514.55  0.000e+00
       7.64    113.867    1514.53  0.000e+00
       7.64    113.933    1514.52  0.000e+00
       7.67    113.933    1514.52  0.000e+00
       7.67    113.933    1514.50  0.000e+00
       7.67    113.900    1514.48  0.000e+00
       7.67    113.991    1514.46  0.000e+00
       7.67    114.056    1514.41  0.000e+00
       7.64    113.991    1514.36  0.000e+00
       7.55    113.991    1514.34  0.000e+00
       7.50    114.081    1514.34  0.000e+00
       7.52    114.056    1514.33  0.000e+00
       7.50    114.114    1514.31  0.000e+00
       7.50    114.114    1514.30  0.000e+00
       7.50    114.081    1514.29  0.000e+00
       7.42    114.172    1514.30  0.000e+00
       7.40    114.114    1514.30  0.000e+00
       7.40    114.171    1514.29  0.000e+00
       7.40    114.171    1514.27  0.000e+00
       7.40    114.204    1514.25  0.000e+00
       7.40    114.237    1514.23  0.000e+00
       7.40    114.171    1514.22  0.000e+00
       7.40    114.295    1514.22  0.000e+00
       7.40    114.262    1514.22  0.000e+00
       7.37    114.237    1514.19  0.000e+00
       7.37    114.237    1514.18  0.000e+00
       7.37    114.295    1514.17  0.000e+00
       7.25    114.295    1514.18  0.000e+00
       7.20    114.262    1514.20  0.000e+00
       7.20    114.295    1514.21  0.000e+00
       7.20    114.295    1514.21  0.000e+00
       7.20    114.295    1514.21  0.000e+00
       7.20    114.328    1514.20  0.000e+00
       7.18    114.295    1514.20  0.000e+00
       7.16    114.295    1514.19  0.000e+00
       7.16    114.361    1514.18  0.000e+00
       7.16    114.295    1514.17  0.000e+00
       7.16    114.262    1514.17  0.000e+00
       7.16    114.361    1514.18  0.000e+00
       7.13    114.295    1514.19  0.000e+00
       7.13    114.295    1514.21  0.000e+00
       7.13    114.262    1514.22  0.000e+00
       7.16    114.360    1514.22  0.000e+00
       7.13    114.295    1514.23  0.000e+00
       7.13    114.295    1514.24  0.000e+00
       7.11    114.237    1514.25  0.000e+00
       7.11    114.262    1514.26  0.000e+00
       7.08    114.295    1514.27  0.000e+00
       7.11    114.237    1514.28  0.000e+00
       7.08    114.237    1514.29  0.000e+00
       7.08    114.262    1514.30  0.000e+00
       7.08    114.237    1514.30  0.000e+00
       7.06    114.171    1514.30  0.000e+00
       7.08    114.237    1514.30  0.000e+00
       7.08    114.171    1514.29  0.000e+00
       7.08    114.204    1514.29  0.000e+00
       7.08    114.171    1514.29  0.000e+00
       7.11    114.113    1514.28  0.000e+00
       7.16    114.171    1514.26  0.000e+00
       7.16    114.081    1514.25  0.000e+00
       7.16    114.113    1514.24  0.000e+00
       7.13    114.113    1514.24  0.000e+00
       7.16    114.113    1514.24  0.000e+00
       7.20    114.056    1514.23  0.000e+00
       7.23    114.080    1514.24  0.000e+00
       7.20    114.056    1514.26  0.000e+00
       7.20    113.990    1514.30  0.000e+00
       7.20    114.056    1514.35  0.000e+00
       7.20    113.990    1514.39  0.000e+00
       7.25    113.957    1514.41  0.000e+00
       7.28    113.990    1514.42  0.000e+00
       7.28    113.990    1514.42  0.000e+00
       7.28    113.990    1514.43  0.000e+00
       7.25    113.957    1514.43  0.000e+00
       7.28    113.932    1514.44  0.000e+00
       7.30    113.932    1514.45  0.000e+00
       7.33    113.866    1514.45  0.000e+00
       7.33    113.932    1514.44  0.000e+00
       7.33    113.899    1514.43  0.000e+00
       7.30    113.866    1514.43  0.000e+00
       7.33    113.932    1514.43  0.000e+00
       7.37    113.866    1514.44  0.000e+00
       7.37    113.833    1514.44  0.000e+00
       7.37    113.932    1514.44  0.000e+00
       7.37    113.809    1514.44  0.000e+00
       7.37    113.932    1514.45  0.000e+00
       7.37    113.866    1514.46  0.000e+00
       7.42    113.833    1514.47  0.000e+00
       7.42    113.866    1514.47  0.000e+00
       7.42    113.809    1514.47  0.000e+00
       7.42    113.932    1514.48  0.000e+00
       7.42    113.809    1514.48  0.000e+00
       7.42    113.899    1514.49  0.000e+00
       7.47    113.866    1514.49  0.000e+00
       7.47    113.866    1514.49  0.000e+00
       7.47    113.866    1514.47  0.000e+00
       7.47    113.743    1514.47  0.000e+00
       7.47    114.014    1514.47  0.000e+00
       7.47    113.866    1514.47  0.000e+00
       7.47    113.932    1514.47  0.000e+00
       7.47    113.866    1514.48  0.000e+00
       7.47    113.899    1514.48  0.000e+00
       7.47    113.932    1514.49  0.000e+00
       7.47    113.866    1514.49  0.000e+00
       7.47    113.932    1514.49  0.000e+00
       7.47    113.932    1514.50  0.000e+00
       7.45    113.899    1514.51  0.000e+00
       7.45    113.932    1514.53  0.000e+00
       7.42    113.989    1514.54  0.000e+00
       7.42    113.932    1514.54  0.000e+00
       7.45    113.957    1514.55  0.000e+00
       7.45    113.932    1514.55  0.000e+00
       7.47    113.989    1514.54  0.000e+00
       7.45    113.932    1514.53  0.000e+00
       7.45    113.989    1514.52  0.000e+00
       7.45    113.956    1514.51  0.000e+00
       7.45    113.989    1514.50  0.000e+00
       7.45    114.055    1514.49  0.000e+00
       7.45    113.989    1514.49  0.000e+00
       7.45    113.989    1514.49  0.000e+00
       7.45    114.014    1514.50  0.000e+00
       7.42    113.989    1514.49  0.000e+00
       7.42    114.055    1514.49  0.000e+00
       7.42    113.989    1514.49  0.000e+00
       7.42    114.014    1514.49  0.000e+00
       7.40    114.055    1514.49  0.000e+00
       7.40    114.055    1514.48  0.000e+00
       7.40    114.055    1514.47  0.000e+00
       7.40    114.055    1514.47  0.000e+00
       7.37    114.014    1514.46  0.000e+00
       7.35    113.989    1514.45  0.000e+00
       7.35    114.055    1514.45  0.000e+00
       7.35    114.055    1514.44  0.000e+00
       7.35    114.055    1514.40  0.000e+00
       7.35    114.014    1514.39  0.000e+00
       7.35    114.055    1514.40  0.000e+00
       7.35    114.055    1514.37  0.000e+00
       7.35    114.055    1514.34  0.000e+00
       7.35    114.080    1514.32  0.000e+00
       7.35    114.055    1514.30  0.000e+00
       7.37    114.055    1514.29  0.000e+00
       7.35    114.055    1514.29  0.000e+00
       7.37    113.989    1514.28  0.000e+00
       7.35    114.137    1514.28  0.000e+00
       7.35    114.055    1514.27  0.000e+00
       7.35    113.989    1514.25  0.000e+00
       7.35    114.055    1514.21  0.000e+00
       7.33    114.014    1514.17  0.000e+00
       7.35    114.113    1514.13  0.000e+00
       7.35    113.989    1514.10  0.000e+00
       7.35    114.055    1514.10  0.000e+00
       7.35    114.055    1514.13  0.000e+00
       7.35    114.014    1514.15  0.000e+00
       7.35    114.055    1514.15  0.000e+00
       7.35    113.989    1514.17  0.000e+00
       7.35    114.055    1514.18  0.000e+00
       7.35    114.055    1514.19  0.000e+00
       7.35    113.956    1514.18  0.000e+00
       7.35    113.989    1514.17  0.000e+00
       7.35    114.055    1514.16  0.000e+00
       7.35    113.989    1514.15  0.000e+00
       7.35    114.014    1514.15  0.000e+00
       7.35    113.989    1514.17  0.000e+00
       7.35    113.989    1514.20  0.000e+00
       7.35    113.989    1514.24  0.000e+00
       7.33    113.989    1514.26  0.000e+00
       7.30    113.956    1514.28  0.000e+00
       7.30    113.989    1514.29  0.000e+00
       7.30    113.931    1514.32  0.000e+00
       7.30    113.989    1514.34  0.000e+00
       7.30    113.956    1514.38  0.000e+00
       7.33    113.931    1514.40  0.000e+00
       7.33    113.989    1514.41  0.000e+00
       7.35    113.931    1514.42  0.000e+00
       7.35    113.931    1514.43  0.000e+00
       7.33    113.898    1514.45  0.000e+00
       7.35    113.989    1514.45  0.000e+00
       7.33    113.931    1514.45  0.000e+00
       7.33    113.865    1514.45  0.000e+00
       7.35    113.931    1514.45  0.000e+00
       7.33    113.898    1514.45  0.000e+00
       7.35    113.931    1514.46  0.000e+00
       7.35    113.931    1514.46  0.000e+00
       7.42    113.865    1514.46  0.000e+00
       7.42    113.898    1514.47  0.000e+00
       7.42    113.931    1514.49  0.000e+00
       7.42    113.865    1514.50  0.000e+00
       7.42    113.865    1514.50  0.000e+00
       7.42    113.865    1514.50  0.000e+00
       7.45    113.832    1514.50  0.000e+00
       7.45    113.865    1514.50  0.000e+00
       7.45    113.865    1514.51  0.000e+00
       7.45    113.808    1514.51  0.000e+00
       7.45    113.865    1514.51  0.000e+00
       7.45    113.832    1514.52  0.000e+00
       7.47    113.808    1514.52  0.000e+00
       7.47    113.865    1514.52  0.000e+00
       7.47    113.808    1514.53  0.000e+00
       7.47    113.832    1514.53  0.000e+00
       7.47    113.742    1514.54  0.000e+00
       7.47    113.808    1514.54  0.000e+00
       7.52    113.808    1514.54  0.000e+00
       7.52    113.808    1514.54  0.000e+00
       7.52    113.775    1514.53  0.000e+00
       7.52    113.808    1514.52  0.000e+00
       7.52    113.742    1514.52  0.000e+00
       7.52    113.742    1514.52  0.000e+00
       7.50    113.808    1514.53  0.000e+00
       7.50    113.775    1514.54  0.000e+00
       7.50    113.742    1514.55  0.000e+00
       7.50    113.742    1514.55  0.000e+00
       7.50    113.742    1514.55  0.000e+00
       7.47    113.808    1514.56  0.000e+00
       7.52    113.651    1514.56  0.000e+00
       7.52    113.742    1514.57  0.000e+00
       7.52    113.742    1514.57  0.000e+00
       7.55    113.684    1514.57  0.000e+00
       7.52    113.709    1514.57  0.000e+00
       7.52    113.742    1514.57  0.000e+00
       7.57    113.684    1514.58  0.000e+00
       7.57    113.742    1514.59  0.000e+00
       7.57    113.684    1514.59  0.000e+00
       7.57    113.651    1514.60  0.000e+00
       7.57    113.742    1514.60  0.000e+00
       7.57    113.684    1514.60  0.000e+00
       7.59    113.684    1514.60  0.000e+00
       7.59    113.684    1514.60  0.000e+00
       7.59    113.709    1514.59  0.000e+00
       7.59    113.684    1514.59  0.000e+00
       7.59    113.684    1514.60  0.000e+00
       7.59    113.684    1514.60  0.000e+00
       7.62    113.684    1514.61  0.000e+00
       7.62    113.709    1514.62  0.000e+00
       7.62    113.684    1514.64  0.000e+00
       7.62    113.742    1514.66  0.000e+00
       7.62    113.626    1514.68  0.000e+00
       7.62    113.774    1514.68  0.000e+00
       7.62    113.684    1514.67  0.000e+00
       7.62    113.684    1514.65  0.000e+00
       7.62    113.684    1514.64  0.000e+00
       7.64    113.684    1514.63  0.000e+00
       7.62    113.709    1514.63  0.000e+00
       7.62    113.742    1514.63  0.000e+00
       7.59    113.684    1514.62  0.000e+00
       7.59    113.684    1514.60  0.000e+00
       7.59    113.741    1514.60  0.000e+00
       7.59    113.709    1514.59  0.000e+00
       7.59    113.684    1514.58  0.000e+00
       7.59    113.741    1514.58  0.000e+00
       7.62    113.684    1514.58  0.000e+00
       7.64    113.741    1514.57  0.000e+00
       7.64    113.709    1514.56  0.000e+00
       7.64    113.684    1514.55  0.000e+00
       7.64    113.741    1514.54  0.000e+00
       7.62    113.684    1514.54  0.000e+00
       7.57    113.709    1514.55  0.000e+00
       7.57    113.741    1514.56  0.000e+00
       7.57    113.741    1514.56  0.000e+00
       7.57    113.684    1514.56  0.000e+00
       7.57    113.741    1514.57  0.000e+00
       7.57    113.708    1514.58  0.000e+00
       7.57    113.741    1514.60  0.000e+00
       7.57    113.741    1514.60  0.000e+00
       7.57    113.741    1514.60  0.000e+00
       7.57    113.741    1514.60  0.000e+00
       7.57    113.708    1514.60  0.000e+00
       7.57    113.741    1514.59  0.000e+00
       7.57    113.741    1514.58  0.000e+00
       7.57    113.741    1514.57  0.000e+00
       7.57    113.708    1514.57  0.000e+00
       7.57    113.741    1514.57  0.000e+00
       7.57    113.741    1514.56  0.000e+00
       7.57    113.741    1514.54  0.000e+00
       7.57    113.807    1514.52  0.000e+00
       7.57    113.774    1514.50  0.000e+00
       7.57    113.741    1514.49  0.000e+00
       7.57    113.741    1514.50  0.000e+00
       7.57    113.741    1514.51  0.000e+00
       7.57    113.807    1514.50  0.000e+00
       7.64    113.774    1514.49  0.000e+00
       7.67    113.741    1514.50  0.000e+00
       7.67    113.807    1514.52  0.000e+00
       7.67    113.741    1514.52  0.000e+00
       7.67    113.807    1514.51  0.000e+00
       7.64    113.774    1514.51  0.000e+00
       7.59    113.807    1514.53  0.000e+00
