test_casts/EN695_014_test.cnv
* Sea-Bird SBE 9 Data File:
* FileName = D:\ctd\raw\EN695_014.hdr
* Software Version Seasave V 7.26.7.121
* Temperature SN = 4333
* Conductivity SN = 2459
* Number of Bytes Per Scan = 40
* Number of Voltage Words = 5
* Number of Scans Averaged by the Deck Unit = 1
* NMEA Latitude = 40 41.94 N
* NMEA Longitude = 070 53.14 W
* NMEA UTC (Time) = Jan 14 2023  09:34:14
* NMEA baud rate = 4800
** Ship: R/V Endeavor
** Cruise: EN695
** Principal Investigator: Heidi Sosik
** Chief Scientist: Heidi Sosik
** Project: NES-LTER Transect 12 Winter
** Cruise Start Date: 11 Jan 2023
** Ports: Senesco Shipyard to Senesco Shipyard, North Kingstown, Rhode Island
** Station:  L4
** Bottom Depth: 65
** Operator:
# nquan = 4
# nvalues = 8470                                  
# units = specified
# name 0 = altM: Altimeter [m]
# name 1 = depSM: Depth [salt water, m]
# name 2 = svCM: Sound Velocity [Chen-Millero, m/s]
# name 3 = flag:  0.000e+00
# span 0 =       0.00,      68.35                 
# span 1 =      3.947,     60.778                 
# span 2 =    1484.26,    1493.95                 
# span 3 = 0.0000e+00, 0.0000e+00                 
# interval = seconds: 0.0416667
# start_time = Jan 14 2023 09:34:16 [System UTC, header]
# bad_flag = -9.990e-29
*END*
[from data line 4623]
      13.06     51.747    1492.83  0.000e+00
      13.06     51.690    1492.81  0.000e+00
      13.06     51.566    1492.80  0.000e+00
      13.09     51.566    1492.80  0.000e+00
      13.31     51.509    1492.79  0.000e+00
      13.38     51.509    1492.78  0.000e+00
      13.38     51.443    1492.78  0.000e+00
      13.38     51.320    1492.77  0.000e+00
      13.38     51.320    1492.77  0.000e+00
      13.43     51.262    1492.76  0.000e+00
      13.58     51.246    1492.75  0.000e+00
      13.65     51.196    1492.74  0.000e+00
      13.65     51.139    1492.72  0.000e+00
      13.65     51.081    1492.71  0.000e+00
      13.65     51.081    1492.71  0.000e+00
      13.72     50.958    1492.70  0.000e+00
      13.97     50.958    1492.70  0.000e+00
      14.04     50.892    1492.68  0.000e+00
      14.07     50.892    1492.66  0.000e+00
      14.07     50.818    1492.65  0.000e+00
      14.04     50.711    1492.64  0.000e+00
      14.11     50.711    1492.63  0.000e+00
      14.36     50.588    1492.63  0.000e+00
      14.46     50.588    1492.62  0.000e+00
      14.46     50.530    1492.60  0.000e+00
      14.46     50.464    1492.58  0.000e+00
      14.46     50.464    1492.57  0.000e+00
      14.48     50.349    1492.58  0.000e+00
      14.65     50.267    1492.58  0.000e+00
      14.73     50.283    1492.59  0.000e+00
      14.75     50.160    1492.59  0.000e+00
      14.73     50.160    1492.59  0.000e+00
      14.73     50.103    1492.57  0.000e+00
      14.80     50.045    1492.55  0.000e+00
      15.02     49.979    1492.53  0.000e+00
      15.14     49.979    1492.51  0.000e+00
      15.14     49.905    1492.50  0.000e+00
      15.12     49.856    1492.50  0.000e+00
      15.09     49.798    1492.49  0.000e+00
      15.14     49.798    1492.49  0.000e+00
      15.31     49.732    1492.50  0.000e+00
      15.38     49.617    1492.50  0.000e+00
      15.38     49.675    1492.49  0.000e+00
      15.36     49.535    1492.48  0.000e+00
      15.36     49.494    1492.47  0.000e+00
      15.43     49.494    1492.46  0.000e+00
      15.68     49.371    1492.46  0.000e+00
      15.75     49.371    1492.46  0.000e+00
      15.75     49.313    1492.46  0.000e+00
      15.73     49.247    1492.45  0.000e+00
      15.73     49.247    1492.43  0.000e+00
      15.75     49.173    1492.42  0.000e+00
      15.95     49.124    1492.42  0.000e+00
      16.02     49.066    1492.41  0.000e+00
      16.02     49.066    1492.40  0.000e+00
      16.02     49.001    1492.39  0.000e+00
      16.02     48.943    1492.38  0.000e+00
      16.07     48.869    1492.37  0.000e+00
      16.21     48.943    1492.38  0.000e+00
      16.26     48.762    1492.38  0.000e+00
      16.29     48.820    1492.38  0.000e+00
      16.26     48.696    1492.37  0.000e+00
      16.26     48.762    1492.36  0.000e+00
      16.31     48.639    1492.34  0.000e+00
      16.56     48.622    1492.33  0.000e+00
      16.68     48.515    1492.31  0.000e+00
      16.68     48.515    1492.29  0.000e+00
      16.68     48.515    1492.26  0.000e+00
      16.68     48.458    1492.23  0.000e+00
      16.70     48.392    1492.21  0.000e+00
      16.87     48.318    1492.19  0.000e+00
      16.95     48.392    1492.19  0.000e+00
      16.95     48.334    1492.19  0.000e+00
      16.95     48.269    1492.19  0.000e+00
      16.95     48.211    1492.19  0.000e+00
      17.00     48.269    1492.19  0.000e+00
      17.17     48.153    1492.20  0.000e+00
      17.22     48.137    1492.21  0.000e+00
      17.22     48.088    1492.23  0.000e+00
      17.24     48.088    1492.24  0.000e+00
      17.22     48.030    1492.24  0.000e+00
      17.26     47.964    1492.24  0.000e+00
      17.39     47.964    1492.23  0.000e+00
      17.46     47.948    1492.22  0.000e+00
      17.46     47.907    1492.21  0.000e+00
      17.46     47.849    1492.20  0.000e+00
      17.44     47.849    1492.19  0.000e+00
      17.46     47.783    1492.19  0.000e+00
      17.58     47.783    1492.18  0.000e+00
      17.66     47.709    1492.17  0.000e+00
      17.66     47.726    1492.17  0.000e+00
      17.63     47.726    1492.17  0.000e+00
      17.63     47.660    1492.17  0.000e+00
      17.66     47.660    1492.17  0.000e+00
      17.75     47.586    1492.18  0.000e+00
      17.78     47.660    1492.18  0.000e+00
      17.78     47.537    1492.19  0.000e+00
      17.75     47.603    1492.19  0.000e+00
      17.75     47.537    1492.21  0.000e+00
      17.78     47.537    1492.26  0.000e+00
      17.92     47.520    1492.29  0.000e+00
      17.97     47.479    1492.32  0.000e+00
      18.00     47.422    1492.34  0.000e+00
      18.00     47.479    1492.33  0.000e+00
      17.97     47.422    1492.34  0.000e+00
      17.97     47.356    1492.36  0.000e+00
      17.97     47.463    1492.38  0.000e+00
      17.97     47.356    1492.39  0.000e+00
      17.97     47.356    1492.42  0.000e+00
      17.97     47.422    1492.44  0.000e+00
      17.97     47.356    1492.45  0.000e+00
      17.97     47.339    1492.45  0.000e+00
      18.00     47.356    1492.44  0.000e+00
      18.02     47.356    1492.42  0.000e+00
      18.05     47.356    1492.41  0.000e+00
      18.02     47.356    1492.39  0.000e+00
      18.02     47.298    1492.36  0.000e+00
      18.02     47.339    1492.34  0.000e+00
      18.12     47.356    1492.33  0.000e+00
      18.14     47.298    1492.32  0.000e+00
      18.12     47.298    1492.33  0.000e+00
      18.12     47.298    1492.33  0.000e+00
      18.12     47.356    1492.33  0.000e+00
      18.12     47.282    1492.35  0.000e+00
      18.22     47.232    1492.38  0.000e+00
      18.27     47.356    1492.40  0.000e+00
      18.29     47.298    1492.42  0.000e+00
      18.29     47.298    1492.43  0.000e+00
      18.29     47.282    1492.44  0.000e+00
      18.29     47.232    1492.46  0.000e+00
      18.22     47.356    1492.47  0.000e+00
      18.22     47.298    1492.47  0.000e+00
      18.22     47.298    1492.46  0.000e+00
      18.22     47.298    1492.44  0.000e+00
      18.22     47.339    1492.43  0.000e+00
      18.22     47.298    1492.41  0.000e+00
      18.32     47.356    1492.41  0.000e+00
      18.36     47.298    1492.42  0.000e+00
      18.36     47.298    1492.43  0.000e+00
      18.36     47.339    1492.43  0.000e+00
      18.34     47.298    1492.44  0.000e+00
      18.36     47.356    1492.45  0.000e+00
      18.36     47.298    1492.48  0.000e+00
      18.36     47.298    1492.50  0.000e+00
      18.34     47.356    1492.53  0.000e+00
      18.36     47.282    1492.54  0.000e+00
      18.34     47.298    1492.51  0.000e+00
      18.34     47.356    1492.44  0.000e+00
      18.32     47.356    1492.36  0.000e+00
      18.32     47.356    1492.28  0.000e+00
      18.32     47.339    1492.22  0.000e+00
      18.32     47.356    1492.16  0.000e+00
      18.32     47.356    1492.09  0.000e+00
      18.34     47.356    1492.04  0.000e+00
      18.46     47.356    1492.01  0.000e+00
      18.51     47.356    1491.99  0.000e+00
      18.51     47.397    1491.99  0.000e+00
      18.49     47.422    1491.99  0.000e+00
      18.49     47.356    1492.00  0.000e+00
      18.46     47.422    1492.00  0.000e+00
      18.36     47.356    1492.01  0.000e+00
      18.32     47.422    1492.02  0.000e+00
      18.29     47.397    1492.04  0.000e+00
      18.27     47.422    1492.04  0.000e+00
      18.27     47.356    1492.01  0.000e+00
      18.24     47.479    1491.99  0.000e+00
      18.19     47.422    1491.98  0.000e+00
      18.17     47.397    1491.96  0.000e+00
      18.14     47.479    1491.95  0.000e+00
      18.14     47.479    1491.95  0.000e+00
      18.12     47.479    1491.93  0.000e+00
      18.10     47.479    1491.91  0.000e+00
      18.12     47.479    1491.90  0.000e+00
      18.10     47.463    1491.89  0.000e+00
      18.12     47.537    1491.89  0.000e+00
      18.10     47.479    1491.88  0.000e+00
      18.12     47.537    1491.88  0.000e+00
      18.07     47.479    1491.88  0.000e+00
      17.95     47.537    1491.89  0.000e+00
      17.88     47.520    1491.89  0.000e+00
      17.85     47.537    1491.89  0.000e+00
      17.88     47.602    1491.89  0.000e+00
      17.85     47.479    1491.90  0.000e+00
      17.85     47.602    1491.90  0.000e+00
      17.78     47.520    1491.90  0.000e+00
      17.73     47.602    1491.89  0.000e+00
      17.70     47.660    1491.89  0.000e+00
      17.73     47.602    1491.89  0.000e+00
      17.73     47.602    1491.89  0.000e+00
      17.68     47.660    1491.88  0.000e+00
      17.58     47.644    1491.87  0.000e+00
      17.51     47.660    1491.87  0.000e+00
      17.53     47.726    1491.87  0.000e+00
      17.53     47.660    1491.88  0.000e+00
      17.51     47.726    1491.88  0.000e+00
      17.51     47.726    1491.88  0.000e+00
      17.53     47.644    1491.88  0.000e+00
      17.56     47.783    1491.89  0.000e+00
      17.56     47.726    1491.89  0.000e+00
      17.56     47.783    1491.89  0.000e+00
      17.53     47.726    1491.89  0.000e+00
      17.53     47.783    1491.89  0.000e+00
      17.48     47.767    1491.90  0.000e+00
      17.44     47.849    1491.91  0.000e+00
      17.44     47.783    1491.91  0.000e+00
      17.44     47.849    1491.92  0.000e+00
      17.44     47.849    1491.93  0.000e+00
      17.41     47.907    1491.93  0.000e+00
      17.34     47.824    1491.93  0.000e+00
      17.31     47.907    1491.93  0.000e+00
      17.29     47.907    1491.93  0.000e+00
      17.29     47.964    1491.93  0.000e+00
      17.29     47.907    1491.93  0.000e+00
      17.26     47.907    1491.93  0.000e+00
      17.14     47.948    1491.94  0.000e+00
      17.09     47.964    1491.94  0.000e+00
      17.09     47.907    1491.94  0.000e+00
      17.09     47.907    1491.94  0.000e+00
      17.09     47.964    1491.94  0.000e+00
      17.09     47.907    1491.94  0.000e+00
      17.07     47.948    1491.94  0.000e+00
      17.07     47.907    1491.94  0.000e+00
      17.07     47.964    1491.94  0.000e+00
      17.07     47.907    1491.94  0.000e+00
      17.07     47.964    1491.94  0.000e+00
      17.07     47.907    1491.94  0.000e+00
      17.07     47.890    1491.94  0.000e+00
      17.09     47.907    1491.93  0.000e+00
      17.09     47.849    1491.93  0.000e+00
      17.09     47.907    1491.93  0.000e+00
      17.09     47.849    1491.93  0.000e+00
      17.07     47.783    1491.93  0.000e+00
      17.02     47.767    1491.93  0.000e+00
      17.02     47.783    1491.93  0.000e+00
      17.02     47.726    1491.91  0.000e+00
      17.02     47.726    1491.89  0.000e+00
      17.02     47.660    1491.87  0.000e+00
      17.05     47.709    1491.87  0.000e+00
      17.14     47.537    1491.85  0.000e+00
      17.17     47.660    1491.84  0.000e+00
      17.19     47.479    1491.83  0.000e+00
      17.17     47.537    1491.82  0.000e+00
      17.17     47.479    1491.82  0.000e+00
      17.19     47.463    1491.83  0.000e+00
      17.26     47.421    1491.82  0.000e+00
      17.31     47.356    1491.80  0.000e+00
      17.34     47.298    1491.78  0.000e+00
      17.31     47.298    1491.76  0.000e+00
      17.31     47.232    1491.74  0.000e+00
      17.34     47.093    1491.73  0.000e+00
      17.53     47.117    1491.74  0.000e+00
      17.58     47.051    1491.77  0.000e+00
      17.58     46.928    1491.84  0.000e+00
      17.58     46.928    1491.91  0.000e+00
      17.58     46.788    1491.96  0.000e+00
      17.66     46.747    1492.00  0.000e+00
      17.85     46.690    1492.04  0.000e+00
      17.97     46.566    1492.05  0.000e+00
      17.95     46.500    1492.01  0.000e+00
      17.92     46.426    1491.94  0.000e+00
      17.92     46.320    1491.84  0.000e+00
      18.00     46.385    1491.70  0.000e+00
      18.24     46.196    1491.53  0.000e+00
      18.34     46.139    1491.36  0.000e+00
      18.34     46.122    1491.23  0.000e+00
      18.34     46.015    1491.15  0.000e+00
      18.32     45.958    1491.11  0.000e+00
      18.41     45.892    1491.08  0.000e+00
      18.66     45.769    1491.05  0.000e+00
      18.78     45.752    1491.05  0.000e+00
      18.78     45.588    1491.05  0.000e+00
      18.78     45.588    1491.02  0.000e+00
      18.75     45.464    1490.97  0.000e+00
      18.88     45.407    1490.94  0.000e+00
      19.17     45.324    1490.90  0.000e+00
      19.29     45.283    1490.84  0.000e+00
      19.29     45.102    1490.78  0.000e+00
      19.27     45.102    1490.73  0.000e+00
      19.27     45.020    1490.68  0.000e+00
      19.34     44.922    1490.62  0.000e+00
      19.66     44.922    1490.58  0.000e+00
      19.76     44.856    1490.55  0.000e+00
      19.76     44.732    1490.54  0.000e+00
      19.73     44.716    1490.53  0.000e+00
      19.73     44.675    1490.53  0.000e+00
      19.83     44.494    1490.49  0.000e+00
      20.15     44.552    1490.43  0.000e+00
      20.27     44.412    1490.34  0.000e+00
      20.27     44.371    1490.25  0.000e+00
      20.27     44.305    1490.19  0.000e+00
      20.24     44.247    1490.16  0.000e+00
      20.29     44.231    1490.12  0.000e+00
      20.59     44.066    1490.10  0.000e+00
      20.71     44.066    1490.07  0.000e+00
      20.71     44.001    1490.02  0.000e+00
      20.68     43.984    1489.97  0.000e+00
      20.68     43.877    1489.94  0.000e+00
      20.76     43.820    1489.91  0.000e+00
      21.00     43.820    1489.87  0.000e+00
      21.10     43.737    1489.83  0.000e+00
      21.12     43.696    1489.77  0.000e+00
      21.10     43.639    1489.72  0.000e+00
      21.10     43.573    1489.68  0.000e+00
      21.17     43.557    1489.60  0.000e+00
      21.44     43.573    1489.51  0.000e+00
      21.54     43.458    1489.46  0.000e+00
      21.54     43.458    1489.45  0.000e+00
      21.54     43.376    1489.46  0.000e+00
      21.51     43.392    1489.48  0.000e+00
      21.59     43.334    1489.48  0.000e+00
      21.78     43.269    1489.48  0.000e+00
      21.83     43.252    1489.49  0.000e+00
      21.86     43.211    1489.50  0.000e+00
      21.83     43.145    1489.52  0.000e+00
      21.83     43.211    1489.56  0.000e+00
      21.86     43.071    1489.65  0.000e+00
      22.00     43.088    1489.88  0.000e+00
      22.08     43.030    1490.12  0.000e+00
      22.10     42.964    1490.31  0.000e+00
      22.10     43.006    1490.54  0.000e+00
      22.08     42.964    1490.61  0.000e+00
      22.10     42.907    1490.61  0.000e+00
      22.30     42.948    1490.62  0.000e+00
      22.37     42.907    1490.64  0.000e+00
      22.39     42.907    1490.65  0.000e+00
      22.39     42.841    1490.59  0.000e+00
      22.37     42.882    1490.49  0.000e+00
      22.39     42.841    1490.39  0.000e+00
      22.49     42.784    1490.30  0.000e+00
      22.54     42.841    1490.25  0.000e+00
      22.54     42.759    1490.15  0.000e+00
      22.54     42.784    1490.08  0.000e+00
      22.52     42.726    1490.05  0.000e+00
      22.56     42.701    1490.01  0.000e+00
      22.74     42.783    1489.98  0.000e+00
      22.83     42.726    1489.96  0.000e+00
      22.83     42.726    1489.94  0.000e+00
      22.83     42.644    1489.93  0.000e+00
      22.83     42.726    1489.96  0.000e+00
      22.86     42.603    1490.05  0.000e+00
      22.95     42.726    1490.12  0.000e+00
      22.98     42.578    1490.17  0.000e+00
      23.00     42.660    1490.21  0.000e+00
      23.00     42.660    1490.26  0.000e+00
      22.98     42.603    1490.33  0.000e+00
      22.98     42.644    1490.38  0.000e+00
      23.00     42.603    1490.41  0.000e+00
      23.00     42.603    1490.43  0.000e+00
      23.00     42.578    1490.43  0.000e+00
      23.00     42.537    1490.42  0.000e+00
      23.00     42.603    1490.42  0.000e+00
      23.03     42.537    1490.42  0.000e+00
      23.05     42.520    1490.45  0.000e+00
      23.05     42.537    1490.51  0.000e+00
