test_casts/EN695_008_test_clipped.cnv
* Sea-Bird SBE 9 Data File:
* FileName = D:\ctd\raw\EN695_008.hdr
* Software Version Seasave V 7.26.7.121
* Temperature SN = 4333
* Conductivity SN = 2459
* Number of Bytes Per Scan = 40
* Number of Voltage Words = 5
* Number of Scans Averaged by the Deck Unit = 1
* NMEA Latitude = 40 30.85 N
* NMEA Longitude = 070 53.19 W
* NMEA UTC (Time) = Jan 13 2023  01:56:19
* NMEA baud rate = 4800
** Ship: R/V Endeavor
** Cruise: EN695
** Principal Investigator: Heidi Sosik
** Chief Scientist: Heidi Sosik
** Project: NES-LTER Transect 12 Winter
** Cruise Start Date: 11 Jan 2023
** Ports: Senesco Shipyard to Senesco Shipyard, North Kingstown, Rhode Island
** Station:  L5
** Bottom Depth: 76m
** Operator:  tc
# nquan = 4
# nvalues = 20189                                 
# units = specified
# name 0 = altM: Altimeter [m]
# name 1 = depSM: Depth [salt water, m]
# name 2 = svCM: Sound Velocity [Chen-Millero, m/s]
# name 3 = flag:  0.000e+00
# span 0 =       0.00,     100.00                 
# span 1 =      3.588,     71.113                 
# span 2 =    1485.59,    1498.40                 
# span 3 = 0.0000e+00, 0.0000e+00                 
# interval = seconds: 0.0416667
# start_time = Jan 13 2023 01:56:22 [System UTC, header]
# bad_flag = -9.990e-29
*END*
[from data line 2134]
      58.12     19.591    1485.92  0.000e+00
      58.12     19.558    1485.92  0.000e+00
      58.17     19.467    1485.92  0.000e+00
      58.19     19.467    1485.92  0.000e+00
      58.17     19.443    1485.92  0.000e+00
      58.19     19.401    1485.92  0.000e+00
      58.14     19.443    1485.92  0.000e+00
      58.17     19.401    1485.92  0.000e+00
      58.22     19.344    1485.92  0.000e+00
      58.24     19.377    1485.92  0.000e+00
      58.24     19.344    1485.92  0.000e+00
      58.22     19.286    1485.92  0.000e+00
      58.22     19.319    1485.92  0.000e+00
      58.32     19.286    1485.92  0.000e+00
      58.53     19.286    1485.92  0.000e+00
      58.63     19.254    1485.92  0.000e+00
      58.61     19.221    1485.92  0.000e+00
      58.63     19.286    1485.92  0.000e+00
      58.61     19.196    1485.92  0.000e+00
      58.58     19.286    1485.92  0.000e+00
      58.58     19.221    1485.92  0.000e+00
      58.58     19.196    1485.92  0.000e+00
      58.58     19.221    1485.92  0.000e+00
      58.58     19.221    1485.92  0.000e+00
      58.56     19.196    1485.92  0.000e+00
      58.53     19.221    1485.92  0.000e+00
      58.51     19.221    1485.92  0.000e+00
      58.51     19.196    1485.92  0.000e+00
      58.51     19.286    1485.92  0.000e+00
      58.51     19.196    1485.92  0.000e+00
      58.49     19.286    1485.92  0.000e+00
      58.61     19.221    1485.92  0.000e+00
      58.88     19.319    1485.92  0.000e+00
      58.97     19.286    1485.92  0.000e+00
      58.95     19.286    1485.92  0.000e+00
      58.97     19.319    1485.92  0.000e+00
      58.93     19.344    1485.92  0.000e+00
      58.97     19.344    1485.92  0.000e+00
      59.12     19.319    1485.92  0.000e+00
      59.19     19.401    1485.92  0.000e+00
      59.19     19.401    1485.92  0.000e+00
      59.19     19.377    1485.92  0.000e+00
      59.17     19.401    1485.91  0.000e+00
      59.12     19.467    1485.92  0.000e+00
      59.00     19.443    1485.92  0.000e+00
      58.95     19.467    1485.92  0.000e+00
      58.95     19.525    1485.92  0.000e+00
      58.95     19.500    1485.92  0.000e+00
      58.95     19.591    1485.92  0.000e+00
      59.00     19.467    1485.92  0.000e+00
      59.12     19.623    1485.92  0.000e+00
      59.15     19.648    1485.92  0.000e+00
      59.17     19.558    1485.92  0.000e+00
      59.17     19.706    1485.92  0.000e+00
      59.15     19.648    1485.92  0.000e+00
      59.22     19.681    1485.92  0.000e+00
      59.56     19.648    1485.91  0.000e+00
      59.68     19.771    1485.92  0.000e+00
      59.71     19.681    1485.91  0.000e+00
      59.68     19.829    1485.92  0.000e+00
      59.66     19.771    1485.91  0.000e+00
      59.66     19.747    1485.91  0.000e+00
      59.63     19.829    1485.91  0.000e+00
      59.63     19.829    1485.91  0.000e+00
      59.63     19.870    1485.91  0.000e+00
      59.63     19.829    1485.91  0.000e+00
      59.63     19.870    1485.91  0.000e+00
      59.58     19.895    1485.91  0.000e+00
      59.56     19.952    1485.91  0.000e+00
      59.54     19.870    1485.90  0.000e+00
      59.54     19.952    1485.90  0.000e+00
      59.54     19.952    1485.90  0.000e+00
      59.51     19.928    1485.90  0.000e+00
      59.46     19.952    1485.90  0.000e+00
      59.34     20.018    1485.90  0.000e+00
      59.29     19.985    1485.90  0.000e+00
      59.29     20.018    1485.91  0.000e+00
      59.29     19.985    1485.92  0.000e+00
      59.27     19.952    1485.92  0.000e+00
      59.22     20.018    1485.91  0.000e+00
      59.07     20.051    1485.91  0.000e+00
      59.02     20.018    1485.90  0.000e+00
      59.05     20.018    1485.90  0.000e+00
      59.02     20.051    1485.89  0.000e+00
      59.02     20.018    1485.88  0.000e+00
      59.00     20.018    1485.88  0.000e+00
      59.00     20.051    1485.88  0.000e+00
      58.97     20.018    1485.88  0.000e+00
      58.97     19.985    1485.88  0.000e+00
      59.00     20.076    1485.87  0.000e+00
      58.95     20.018    1485.87  0.000e+00
      58.97     20.051    1485.87  0.000e+00
      58.95     20.018    1485.88  0.000e+00
      58.95     20.018    1485.88  0.000e+00
      58.95     20.051    1485.89  0.000e+00
      58.95     20.018    1485.89  0.000e+00
      58.93     20.018    1485.89  0.000e+00
      58.97     19.985    1485.89  0.000e+00
      59.07     20.018    1485.89  0.000e+00
      59.12     19.895    1485.89  0.000e+00
      59.12     20.109    1485.89  0.000e+00
      59.12     20.018    1485.89  0.000e+00
      59.10     19.985    1485.89  0.000e+00
      58.95     19.952    1485.89  0.000e+00
      58.51     19.952    1485.90  0.000e+00
      58.36     19.985    1485.90  0.000e+00
      58.36     19.952    1485.90  0.000e+00
      58.36     19.952    1485.90  0.000e+00
      58.36     19.928    1485.90  0.000e+00
      58.41     19.895    1485.90  0.000e+00
      58.66     19.952    1485.90  0.000e+00
      58.75     19.928    1485.90  0.000e+00
      58.75     19.895    1485.90  0.000e+00
      58.75     19.870    1485.90  0.000e+00
      58.73     19.895    1485.90  0.000e+00
      58.68     19.829    1485.89  0.000e+00
      58.56     19.870    1485.89  0.000e+00
      58.51     19.895    1485.88  0.000e+00
      58.51     19.829    1485.89  0.000e+00
      58.51     19.804    1485.89  0.000e+00
      58.49     19.829    1485.90  0.000e+00
      58.58     19.829    1485.90  0.000e+00
      58.95     19.804    1485.90  0.000e+00
      59.10     19.829    1485.91  0.000e+00
      59.10     19.771    1485.91  0.000e+00
      59.10     19.747    1485.91  0.000e+00
      59.07     19.771    1485.91  0.000e+00
      59.07     19.804    1485.91  0.000e+00
      59.00     19.771    1485.91  0.000e+00
      59.00     19.706    1485.91  0.000e+00
      59.00     19.747    1485.91  0.000e+00
      59.00     19.706    1485.91  0.000e+00
      58.97     19.706    1485.91  0.000e+00
      58.93     19.681    1485.91  0.000e+00
      58.73     19.706    1485.91  0.000e+00
      58.63     19.706    1485.91  0.000e+00
      58.66     19.681    1485.91  0.000e+00
      58.66     19.648    1485.91  0.000e+00
      58.63     19.706    1485.91  0.000e+00
      58.63     19.681    1485.91  0.000e+00
      58.68     19.648    1485.91  0.000e+00
      58.68     19.681    1485.91  0.000e+00
      58.71     19.648    1485.90  0.000e+00
      58.68     19.648    1485.90  0.000e+00
      58.68     19.623    1485.90  0.000e+00
      58.61     19.648    1485.90  0.000e+00
      58.51     19.648    1485.90  0.000e+00
      58.49     19.681    1485.90  0.000e+00
      58.46     19.648    1485.90  0.000e+00
      58.46     19.648    1485.90  0.000e+00
      58.46     19.681    1485.91  0.000e+00
      58.49     19.591    1485.91  0.000e+00
      58.61     19.706    1485.91  0.000e+00
      58.63     19.623    1485.91  0.000e+00
      58.66     19.648    1485.91  0.000e+00
      58.63     19.681    1485.91  0.000e+00
      58.61     19.648    1485.90  0.000e+00
      58.46     19.648    1485.90  0.000e+00
      58.17     19.681    1485.90  0.000e+00
      58.07     19.771    1485.90  0.000e+00
      58.07     19.648    1485.90  0.000e+00
      58.07     19.681    1485.91  0.000e+00
      58.07     19.706    1485.91  0.000e+00
      58.17     19.706    1485.92  0.000e+00
      58.51     19.681    1485.92  0.000e+00
      58.61     19.771    1485.93  0.000e+00
      58.63     19.706    1485.93  0.000e+00
      58.61     19.804    1485.93  0.000e+00
      58.58     19.706    1485.93  0.000e+00
      58.63     19.706    1485.94  0.000e+00
      58.75     19.870    1485.94  0.000e+00
      58.80     19.771    1485.94  0.000e+00
      58.80     19.804    1485.94  0.000e+00
      58.80     19.829    1485.94  0.000e+00
      58.78     19.829    1485.94  0.000e+00
      58.88     19.804    1485.94  0.000e+00
      59.10     19.829    1485.95  0.000e+00
      59.19     19.829    1485.95  0.000e+00
      59.19     19.928    1485.95  0.000e+00
      59.19     19.829    1485.94  0.000e+00
      59.17     19.895    1485.94  0.000e+00
      59.12     19.870    1485.93  0.000e+00
      58.93     19.952    1485.93  0.000e+00
      58.85     19.928    1485.94  0.000e+00
      58.85     19.952    1485.94  0.000e+00
      58.85     19.895    1485.94  0.000e+00
      58.85     19.985    1485.94  0.000e+00
      58.88     19.952    1485.94  0.000e+00
      58.97     19.952    1485.92  0.000e+00
      59.02     19.985    1485.90  0.000e+00
      59.02     19.952    1485.89  0.000e+00
      59.02     20.018    1485.90  0.000e+00
      59.00     19.985    1485.92  0.000e+00
      59.05     20.018    1485.93  0.000e+00
      59.12     19.952    1485.93  0.000e+00
      59.17     20.108    1485.93  0.000e+00
      59.17     20.018    1485.93  0.000e+00
      59.15     20.051    1485.92  0.000e+00
      59.15     20.018    1485.92  0.000e+00
      59.10     20.076    1485.92  0.000e+00
      59.02     20.051    1485.93  0.000e+00
      59.00     20.018    1485.94  0.000e+00
      59.00     20.018    1485.94  0.000e+00
      59.00     20.051    1485.95  0.000e+00
      58.95     20.076    1485.94  0.000e+00
      58.95     20.018    1485.94  0.000e+00
      58.93     20.051    1485.94  0.000e+00
      58.90     20.076    1485.93  0.000e+00
      58.90     20.051    1485.91  0.000e+00
      58.90     20.018    1485.89  0.000e+00
      58.88     20.076    1485.89  0.000e+00
      58.85     19.985    1485.88  0.000e+00
      58.68     20.018    1485.88  0.000e+00
      58.63     20.076    1485.89  0.000e+00
      58.63     19.985    1485.90  0.000e+00
      58.61     20.018    1485.91  0.000e+00
      58.61     19.952    1485.91  0.000e+00
      58.61     20.051    1485.91  0.000e+00
      58.66     19.952    1485.91  0.000e+00
      58.66     19.985    1485.91  0.000e+00
      58.66     19.952    1485.91  0.000e+00
      58.66     20.018    1485.91  0.000e+00
      58.63     19.928    1485.92  0.000e+00
      58.61     19.952    1485.92  0.000e+00
      58.56     19.952    1485.91  0.000e+00
      58.53     19.928    1485.90  0.000e+00
      58.53     19.952    1485.90  0.000e+00
      58.53     19.895    1485.90  0.000e+00
      58.53     19.928    1485.91  0.000e+00
      58.58     19.895    1485.92  0.000e+00
      58.71     19.870    1485.92  0.000e+00
      58.75     19.895    1485.92  0.000e+00
      58.78     19.895    1485.92  0.000e+00
      58.78     19.870    1485.92  0.000e+00
      58.73     19.829    1485.92  0.000e+00
      58.66     19.829    1485.92  0.000e+00
      58.46     19.747    1485.93  0.000e+00
      58.39     19.829    1485.93  0.000e+00
      58.36     19.829    1485.93  0.000e+00
      58.39     19.747    1485.92  0.000e+00
      58.36     19.771    1485.92  0.000e+00
      58.44     19.771    1485.92  0.000e+00
      58.66     19.747    1485.92  0.000e+00
      58.73     19.706    1485.92  0.000e+00
      58.75     19.747    1485.92  0.000e+00
      58.73     19.706    1485.92  0.000e+00
      58.71     19.706    1485.92  0.000e+00
      58.63     19.747    1485.92  0.000e+00
      58.39     19.648    1485.92  0.000e+00
      58.32     19.706    1485.92  0.000e+00
      58.32     19.623    1485.92  0.000e+00
      58.32     19.648    1485.92  0.000e+00
      58.29     19.648    1485.92  0.000e+00
      58.29     19.623    1485.92  0.000e+00
      58.34     19.648    1485.92  0.000e+00
      58.34     19.648    1485.92  0.000e+00
      58.36     19.558    1485.92  0.000e+00
      58.36     19.648    1485.93  0.000e+00
      58.34     19.525    1485.92  0.000e+00
      58.32     19.681    1485.93  0.000e+00
      58.24     19.591    1485.93  0.000e+00
      58.22     19.558    1485.92  0.000e+00
      58.19     19.591    1485.92  0.000e+00
      58.19     19.591    1485.92  0.000e+00
      58.19     19.623    1485.93  0.000e+00
      58.22     19.525    1485.92  0.000e+00
      58.27     19.591    1485.92  0.000e+00
      58.29     19.558    1485.92  0.000e+00
      58.29     19.591    1485.92  0.000e+00
      58.29     19.591    1485.92  0.000e+00
      58.27     19.623    1485.92  0.000e+00
      58.29     19.591    1485.92  0.000e+00
      58.32     19.591    1485.92  0.000e+00
      58.34     19.558    1485.92  0.000e+00
      58.34     19.648    1485.92  0.000e+00
      58.36     19.558    1485.92  0.000e+00
      58.32     19.648    1485.92  0.000e+00
      58.34     19.648    1485.90  0.000e+00
      58.41     19.623    1485.89  0.000e+00
      58.44     19.591    1485.88  0.000e+00
      58.46     19.648    1485.88  0.000e+00
      58.46     19.681    1485.87  0.000e+00
      58.44     19.648    1485.87  0.000e+00
      58.51     19.648    1485.86  0.000e+00
      58.80     19.747    1485.86  0.000e+00
      58.88     19.648    1485.86  0.000e+00
      58.90     19.706    1485.86  0.000e+00
      58.88     19.747    1485.86  0.000e+00
      58.88     19.706    1485.86  0.000e+00
      58.85     19.771    1485.86  0.000e+00
      58.78     19.681    1485.87  0.000e+00
      58.73     19.771    1485.88  0.000e+00
      58.75     19.747    1485.87  0.000e+00
      58.75     19.706    1485.87  0.000e+00
      58.73     19.829    1485.88  0.000e+00
      58.66     19.804    1485.89  0.000e+00
      58.44     19.771    1485.89  0.000e+00
      58.36     19.829    1485.89  0.000e+00
      58.36     19.804    1485.89  0.000e+00
      58.36     19.829    1485.90  0.000e+00
      58.34     19.895    1485.90  0.000e+00
      58.56     19.804    1485.90  0.000e+00
      59.12     19.829    1485.90  0.000e+00
      59.29     19.829    1485.90  0.000e+00
      59.32     19.928    1485.90  0.000e+00
      59.29     19.829    1485.90  0.000e+00
      59.27     19.928    1485.90  0.000e+00
      59.29     19.895    1485.89  0.000e+00
      59.34     19.895    1485.90  0.000e+00
      59.37     19.870    1485.90  0.000e+00
      59.37     19.895    1485.90  0.000e+00
      59.37     19.895    1485.89  0.000e+00
      59.34     19.870    1485.89  0.000e+00
      59.29     19.952    1485.89  0.000e+00
      59.15     19.895    1485.88  0.000e+00
      59.10     19.928    1485.88  0.000e+00
      59.07     19.895    1485.88  0.000e+00
      59.10     19.928    1485.88  0.000e+00
      59.07     19.952    1485.89  0.000e+00
      59.05     19.895    1485.88  0.000e+00
      58.93     19.928    1485.88  0.000e+00
      58.90     19.895    1485.88  0.000e+00
      58.93     19.895    1485.87  0.000e+00
      58.90     19.928    1485.87  0.000e+00
      58.90     19.952    1485.87  0.000e+00
      58.88     19.895    1485.86  0.000e+00
      58.80     19.928    1485.86  0.000e+00
      58.78     19.895    1485.86  0.000e+00
      58.78     19.895    1485.86  0.000e+00
      58.78     19.928    1485.86  0.000e+00
      58.75     19.895    1485.86  0.000e+00
      58.71     19.928    1485.86  0.000e+00
      58.56     19.895    1485.86  0.000e+00
      58.51     19.895    1485.86  0.000e+00
      58.51     19.870    1485.86  0.000e+00
      58.51     19.895    1485.86  0.000e+00
      58.49     19.829    1485.85  0.000e+00
      58.61     19.870    1485.85  0.000e+00
      58.93     19.895    1485.84  0.000e+00
      59.05     19.895    1485.84  0.000e+00
      59.07     19.804    1485.85  0.000e+00
      59.05     19.895    1485.85  0.000e+00
      59.02     19.804    1485.85  0.000e+00
      58.90     19.895    1485.85  0.000e+00
      58.56     19.829    1485.84  0.000e+00
      58.44     19.870    1485.83  0.000e+00
      58.44     19.829    1485.82  0.000e+00
      58.44     19.829    1485.82  0.000e+00
      58.41     19.870    1485.83  0.000e+00
      58.49     19.829    1485.82  0.000e+00
      58.71     19.829    1485.82  0.000e+00
      58.80     19.870    1485.83  0.000e+00
      58.80     19.771    1485.83  0.000e+00
      58.80     19.829    1485.83  0.000e+00
