test_casts/EN695_012_test.cnv
* Sea-Bird SBE 9 Data File:
* FileName = D:\ctd\raw\EN695_012.hdr
* Software Version Seasave V 7.26.7.121
* Temperature SN = 4333
* Conductivity SN = 2459
* Number of Bytes Per Scan = 40
* Number of Voltage Words = 5
* Number of Scans Averaged by the Deck Unit = 1
* NMEA Latitude = 40 41.59 N
* NMEA Longitude = 070 46.55 W
* NMEA UTC (Time) = Jan 14 2023  06:14:22
* NMEA baud rate = 4800
** Ship: R/V Endeavor
** Cruise: EN695
** Principal Investigator: Heidi Sosik
** Chief Scientist: Heidi Sosik
** Project: NES-LTER Transect 12 Winter
** Cruise Start Date: 11 Jan 2023
** Ports: Senesco Shipyard to Senesco Shipyard, North Kingstown, Rhode Island
** Station:  u4a
** Bottom Depth: 66
** Operator:
# nquan = 4
# nvalues = 7026                                  
# units = specified
# name 0 = altM: Altimeter [m]
# name 1 = depSM: Depth [salt water, m]
# name 2 = svCM: Sound Velocity [Chen-Millero, m/s]
# name 3 = flag:  0.000e+00
# span 0 =       5.49,      85.40                 
# span 1 =      2.915,     59.730                 
# span 2 =    1482.85,    1485.98                 
# span 3 = 0.0000e+00, 0.0000e+00                 
# interval = seconds: 0.0416667
# start_time = Jan 14 2023 06:14:24 [System UTC, header]
# bad_flag = -9.990e-29
*END*
[from data line 6756]
      62.95      4.987    1483.89  0.000e+00
      62.98      4.987    1483.89  0.000e+00
      63.10      5.053    1483.89  0.000e+00
      63.20      4.929    1483.89  0.000e+00
      63.20      4.987    1483.89  0.000e+00
      63.17      4.987    1483.89  0.000e+00
      63.15      4.987    1483.89  0.000e+00
      63.15      4.987    1483.89  0.000e+00
      63.10      4.929    1483.89  0.000e+00
      63.08      4.987    1483.89  0.000e+00
      63.08      4.929    1483.89  0.000e+00
      63.08      4.929    1483.89  0.000e+00
      63.08      4.929    1483.89  0.000e+00
      63.10      4.929    1483.88  0.000e+00
      63.37      4.929    1483.88  0.000e+00
      63.54      4.929    1483.87  0.000e+00
      63.57      4.872    1483.87  0.000e+00
      63.54      4.929    1483.86  0.000e+00
      63.52      4.872    1483.86  0.000e+00
      63.49      4.872    1483.86  0.000e+00
      63.47      4.872    1483.86  0.000e+00
      63.44      4.872    1483.86  0.000e+00
      63.42      4.806    1483.86  0.000e+00
      63.42      4.871    1483.87  0.000e+00
      63.42      4.806    1483.86  0.000e+00
      63.44      4.806    1483.87  0.000e+00
      63.79      4.806    1483.87  0.000e+00
      63.98      4.806    1483.87  0.000e+00
      64.03      4.806    1483.87  0.000e+00
      64.00      4.682    1483.87  0.000e+00
      63.96      4.748    1483.87  0.000e+00
      63.91      4.806    1483.87  0.000e+00
      63.57      4.682    1483.87  0.000e+00
      63.39      4.682    1483.87  0.000e+00
      63.37      4.682    1483.87  0.000e+00
      63.39      4.625    1483.87  0.000e+00
      63.37      4.625    1483.88  0.000e+00
      63.42      4.625    1483.88  0.000e+00
      63.79      4.625    1483.88  0.000e+00
      63.98      4.444    1483.87  0.000e+00
      64.00      4.608    1483.88  0.000e+00
      63.98      4.501    1483.87  0.000e+00
      63.96      4.444    1483.87  0.000e+00
      63.98      4.444    1483.87  0.000e+00
      64.13      4.444    1483.87  0.000e+00
      64.20      4.378    1483.87  0.000e+00
      64.22      4.321    1483.87  0.000e+00
      64.22      4.321    1483.87  0.000e+00
      64.20      4.255    1483.87  0.000e+00
      64.18      4.255    1483.87  0.000e+00
      64.15      4.197    1483.87  0.000e+00
      64.13      4.140    1483.87  0.000e+00
      64.13      4.140    1483.87  0.000e+00
      64.13      4.074    1483.87  0.000e+00
      64.10      4.016    1483.87  0.000e+00
      64.20      4.016    1483.86  0.000e+00
      64.71      3.951    1483.86  0.000e+00
      64.96      3.836    1483.86  0.000e+00
      65.01      3.893    1483.86  0.000e+00
      64.98      3.663    1483.86  0.000e+00
      64.93      3.893    1483.86  0.000e+00
      64.91      3.712    1483.85  0.000e+00
      64.86      3.646    1483.85  0.000e+00
      64.81      3.589    1483.85  0.000e+00
      64.84      3.523    1483.85  0.000e+00
      64.84      3.466    1483.84  0.000e+00
      64.81      3.466    1483.84  0.000e+00
      64.86      3.408    1483.83  0.000e+00
      65.45      3.342    1483.83  0.000e+00
      65.74      3.285    1483.82  0.000e+00
      65.79      3.285    1483.82  0.000e+00
      65.76      3.219    1483.82  0.000e+00
      65.71      3.161    1483.81  0.000e+00
      65.74      3.219    1483.81  0.000e+00
      65.76      3.104    1483.81  0.000e+00
      65.76      3.104    1483.81  0.000e+00
      65.79      3.038    1483.81  0.000e+00
      65.76      3.038    1483.81  0.000e+00
      65.76      3.038    1483.81  0.000e+00
      65.71      3.038    1483.80  0.000e+00
      65.52      2.981    1483.80  0.000e+00
      65.42      3.038    1483.81  0.000e+00
      65.42      2.981    1483.81  0.000e+00
      65.45      2.915    1483.81  0.000e+00
      65.42      2.980    1483.81  0.000e+00
      65.49      2.980    1483.82  0.000e+00
      65.89      2.915    1483.82  0.000e+00
      66.08      2.980    1483.82  0.000e+00
      66.08      2.980    1483.82  0.000e+00
      66.08      2.915    1483.82  0.000e+00
      66.03      3.038    1483.82  0.000e+00
      66.18      2.980    1483.82  0.000e+00
      67.16      2.980    1483.82  0.000e+00
      67.64      3.038    1483.82  0.000e+00
      67.69      3.038    1483.82  0.000e+00
      67.64      3.038    1483.82  0.000e+00
      67.59      3.038    1483.82  0.000e+00
      67.37      3.038    1483.82  0.000e+00
      66.59      3.104    1483.82  0.000e+00
      66.25      3.104    1483.81  0.000e+00
      66.23      3.104    1483.82  0.000e+00
      66.28      3.161    1483.82  0.000e+00
      66.25      3.104    1483.82  0.000e+00
      66.57      3.219    1483.83  0.000e+00
      68.45      3.161    1483.83  0.000e+00
      69.30      3.219    1483.83  0.000e+00
      69.40      3.161    1483.83  0.000e+00
      69.33      3.219    1483.83  0.000e+00
      69.28      3.177    1483.83  0.000e+00
      69.06      3.342    1483.83  0.000e+00
      68.52      3.284    1483.84  0.000e+00
      68.30      3.219    1483.84  0.000e+00
      68.33      3.284    1483.83  0.000e+00
      68.35      3.342    1483.83  0.000e+00
      68.33      3.284    1483.82  0.000e+00
      68.67      3.342    1483.81  0.000e+00
      69.62      3.342    1483.81  0.000e+00
      69.99      3.408    1483.81  0.000e+00
      69.99      3.342    1483.80  0.000e+00
      69.96      3.408    1483.80  0.000e+00
      69.94      3.342    1483.80  0.000e+00
      69.87      3.465    1483.80  0.000e+00
      69.67      3.407    1483.79  0.000e+00
      69.57      3.465    1483.79  0.000e+00
      69.57      3.407    1483.79  0.000e+00
      69.60      3.465    1483.79  0.000e+00
      69.57      3.523    1483.79  0.000e+00
      69.57      3.522    1483.79  0.000e+00
      69.62      3.465    1483.79  0.000e+00
      69.65      3.522    1483.79  0.000e+00
      69.65      3.588    1483.79  0.000e+00
      69.62      3.522    1483.79  0.000e+00
      69.62      3.522    1483.79  0.000e+00
      69.38      3.588    1483.79  0.000e+00
      68.77      3.588    1483.79  0.000e+00
      68.52      3.646    1483.80  0.000e+00
      68.52      3.522    1483.79  0.000e+00
      68.55      3.711    1483.80  0.000e+00
      68.52      3.588    1483.80  0.000e+00
      68.52      3.646    1483.80  0.000e+00
      68.47      3.711    1483.80  0.000e+00
      68.47      3.646    1483.80  0.000e+00
      68.50      3.646    1483.80  0.000e+00
      68.47      3.711    1483.80  0.000e+00
      68.45      3.711    1483.80  0.000e+00
      68.38      3.711    1483.80  0.000e+00
      67.91      3.769    1483.80  0.000e+00
      67.74      3.711    1483.80  0.000e+00
      67.74      3.769    1483.80  0.000e+00
      67.74      3.835    1483.80  0.000e+00
      67.74      3.769    1483.80  0.000e+00
      67.42      3.835    1483.80  0.000e+00
      65.89      3.835    1483.80  0.000e+00
      65.23      3.835    1483.80  0.000e+00
      65.18      3.892    1483.80  0.000e+00
      65.23      3.892    1483.80  0.000e+00
      65.23      3.892    1483.80  0.000e+00
      65.25      3.892    1483.80  0.000e+00
      65.45      3.950    1483.80  0.000e+00
      65.54      3.892    1483.80  0.000e+00
      65.54      3.950    1483.80  0.000e+00
      65.54      3.950    1483.80  0.000e+00
      65.52      4.015    1483.80  0.000e+00
      65.47      3.950    1483.80  0.000e+00
      65.15      4.015    1483.80  0.000e+00
      65.03      4.015    1483.80  0.000e+00
      65.01      4.015    1483.80  0.000e+00
      65.01      4.015    1483.80  0.000e+00
      64.98      4.073    1483.81  0.000e+00
      64.93      4.073    1483.81  0.000e+00
      64.25      4.073    1483.81  0.000e+00
      63.88      4.073    1483.81  0.000e+00
      63.83      4.138    1483.81  0.000e+00
      63.88      4.073    1483.81  0.000e+00
      63.86      4.138    1483.81  0.000e+00
      63.86      4.073    1483.81  0.000e+00
      63.74      4.138    1483.81  0.000e+00
      63.69      4.138    1483.81  0.000e+00
      63.69      4.138    1483.81  0.000e+00
      63.66      4.138    1483.81  0.000e+00
      63.66      4.138    1483.81  0.000e+00
      63.64      4.196    1483.81  0.000e+00
      63.42      4.196    1483.81  0.000e+00
      63.32      4.138    1483.81  0.000e+00
      63.30      4.253    1483.81  0.000e+00
      63.32      4.196    1483.81  0.000e+00
      63.32      4.196    1483.81  0.000e+00
      63.25      4.196    1483.81  0.000e+00
      62.95      4.196    1483.81  0.000e+00
      62.81      4.253    1483.81  0.000e+00
      62.78      4.196    1483.81  0.000e+00
      62.78      4.196    1483.81  0.000e+00
      62.76      4.253    1483.81  0.000e+00
      62.81      4.196    1483.81  0.000e+00
      63.13      4.196    1483.81  0.000e+00
      63.30      4.196    1483.80  0.000e+00
      63.32      4.196    1483.80  0.000e+00
      63.30      4.196    1483.80  0.000e+00
      63.30      4.196    1483.80  0.000e+00
      63.27      4.253    1483.81  0.000e+00
      63.17      4.196    1483.80  0.000e+00
      63.13      4.138    1483.80  0.000e+00
      63.13      4.196    1483.81  0.000e+00
      63.13      4.253    1483.81  0.000e+00
      63.13      4.138    1483.80  0.000e+00
      63.10      4.196    1483.80  0.000e+00
      63.08      4.196    1483.80  0.000e+00
      63.05      4.253    1483.81  0.000e+00
      63.05      4.138    1483.81  0.000e+00
      63.05      4.196    1483.82  0.000e+00
      63.03      4.253    1483.82  0.000e+00
      63.05      4.138    1483.82  0.000e+00
      63.35      4.253    1483.82  0.000e+00
      63.52      4.196    1483.82  0.000e+00
      63.52      4.196    1483.81  0.000e+00
      63.52      4.196    1483.82  0.000e+00
      63.49      4.195    1483.83  0.000e+00
      63.49      4.195    1483.84  0.000e+00
      63.39      4.195    1483.84  0.000e+00
      63.35      4.195    1483.84  0.000e+00
      63.37      4.195    1483.84  0.000e+00
      63.35      4.195    1483.83  0.000e+00
      63.35      4.138    1483.83  0.000e+00
      63.35      4.253    1483.84  0.000e+00
      63.39      4.138    1483.84  0.000e+00
      63.39      4.138    1483.85  0.000e+00
      63.39      4.195    1483.85  0.000e+00
      63.42      4.138    1483.85  0.000e+00
      63.37      4.072    1483.85  0.000e+00
      63.37      4.138    1483.85  0.000e+00
      63.52      4.138    1483.85  0.000e+00
      63.59      4.138    1483.84  0.000e+00
      63.59      4.072    1483.83  0.000e+00
      63.59      4.138    1483.83  0.000e+00
      63.57      4.072    1483.83  0.000e+00
      63.61      4.072    1483.83  0.000e+00
      63.93      4.014    1483.82  0.000e+00
      64.08      4.072    1483.83  0.000e+00
      64.10      4.014    1483.83  0.000e+00
      64.10      4.014    1483.83  0.000e+00
      64.08      4.014    1483.83  0.000e+00
      64.05      3.949    1483.82  0.000e+00
      64.00      4.014    1483.82  0.000e+00
      63.98      3.949    1483.82  0.000e+00
      63.98      4.014    1483.82  0.000e+00
      63.98      3.949    1483.82  0.000e+00
      63.96      3.891    1483.82  0.000e+00
      63.96      3.949    1483.82  0.000e+00
      63.86      3.948    1483.82  0.000e+00
      63.81      3.891    1483.81  0.000e+00
      63.81      3.891    1483.81  0.000e+00
      63.83      3.891    1483.82  0.000e+00
      63.81      3.891    1483.82  0.000e+00
      63.81      3.833    1483.82  0.000e+00
      63.96      3.833    1483.82  0.000e+00
      64.03      3.891    1483.82  0.000e+00
      64.05      3.833    1483.82  0.000e+00
      64.03      3.768    1483.82  0.000e+00
      64.00      3.833    1483.82  0.000e+00
      64.03      3.833    1483.82  0.000e+00
      64.03      3.768    1483.82  0.000e+00
      64.05      3.768    1483.82  0.000e+00
      64.03      3.768    1483.82  0.000e+00
      64.03      3.710    1483.82  0.000e+00
      64.03      3.767    1483.82  0.000e+00
      64.00      3.767    1483.82  0.000e+00
      63.96      3.644    1483.81  0.000e+00
      63.93      3.767    1483.82  0.000e+00
      63.93      3.710    1483.81  0.000e+00
      63.93      3.767    1483.82  0.000e+00
