test_casts/EN695_002_test.cnv
* Sea-Bird SBE 9 Data File:
* FileName = D:\ctd\raw\EN695_002.hdr
* Software Version Seasave V 7.26.7.121
* Temperature SN = 4333
* Conductivity SN = 2459
* Number of Bytes Per Scan = 40
* Number of Voltage Words = 5
* Number of Scans Averaged by the Deck Unit = 1
* NMEA Latitude = 40 21.82 N
* NMEA Longitude = 070 53.03 W
* NMEA UTC (Time) = Jan 12 2023  03:28:23
* NMEA baud rate = 4800
** Ship: R/V Endeavor
** Cruise: EN695
** Principal Investigator: Heidi Sosik
** Chief Scientist: Heidi Sosik
** Project: NES-LTER Transect 12 Winter
** Cruise Start Date: 11 Jan 2023
** Ports: Senesco Shipyard to Senesco Shipyard, North Kingstown, Rhode Island
** Station:  L6
** Bottom Depth: 92m
** Operator:
# nquan = 4
# nvalues = 32412                                 
# units = specified
# name 0 = altM: Altimeter [m]
# name 1 = depSM: Depth [salt water, m]
# name 2 = svCM: Sound Velocity [Chen-Millero, m/s]
# name 3 = flag:  0.000e+00
# span 0 =       0.00,     100.00                 
# span 1 =      2.575,     87.587                 
# span 2 =    1489.58,    1508.73                 
# span 3 = 0.0000e+00, 0.0000e+00                 
# interval = seconds: 0.0416667
# start_time = Jan 12 2023 03:28:26 [System UTC, header]
# bad_flag = -9.990e-29
*END*
[from data line 17423]
      43.91     49.959    1502.31  0.000e+00
      43.88     50.000    1502.31  0.000e+00
      43.81     49.959    1502.31  0.000e+00
      43.76     49.959    1502.31  0.000e+00
      43.76     49.959    1502.32  0.000e+00
      43.76     49.959    1502.32  0.000e+00
      43.76     50.016    1502.33  0.000e+00
      43.76     49.942    1502.33  0.000e+00
      43.79     50.016    1502.33  0.000e+00
      43.81     49.958    1502.33  0.000e+00
      43.81     49.958    1502.33  0.000e+00
      43.81     50.016    1502.33  0.000e+00
      43.79     49.958    1502.32  0.000e+00
      43.79     49.999    1502.31  0.000e+00
      43.83     50.016    1502.31  0.000e+00
      43.88     49.958    1502.30  0.000e+00
      43.88     50.016    1502.29  0.000e+00
      43.88     50.016    1502.29  0.000e+00
      43.86     49.958    1502.28  0.000e+00
      43.86     50.016    1502.28  0.000e+00
      43.83     49.999    1502.28  0.000e+00
      43.79     50.016    1502.29  0.000e+00
      43.81     49.958    1502.29  0.000e+00
      43.79     50.015    1502.29  0.000e+00
      43.79     50.081    1502.30  0.000e+00
      43.79     49.958    1502.30  0.000e+00
      43.76     50.065    1502.30  0.000e+00
      43.76     50.015    1502.30  0.000e+00
      43.76     50.015    1502.31  0.000e+00
      43.76     50.015    1502.32  0.000e+00
      43.76     50.015    1502.33  0.000e+00
      43.74     50.015    1502.33  0.000e+00
      43.74     49.999    1502.33  0.000e+00
      43.74     50.081    1502.33  0.000e+00
      43.74     50.015    1502.34  0.000e+00
      43.74     50.015    1502.35  0.000e+00
      43.71     50.081    1502.37  0.000e+00
      43.71     50.015    1502.39  0.000e+00
      43.71     50.064    1502.40  0.000e+00
      43.71     50.081    1502.41  0.000e+00
      43.71     50.081    1502.42  0.000e+00
      43.71     50.015    1502.42  0.000e+00
      43.71     50.081    1502.43  0.000e+00
      43.71     50.081    1502.44  0.000e+00
      43.71     50.080    1502.45  0.000e+00
      43.69     50.064    1502.45  0.000e+00
      43.71     50.138    1502.46  0.000e+00
      43.69     50.015    1502.46  0.000e+00
      43.69     50.080    1502.46  0.000e+00
      43.69     50.138    1502.47  0.000e+00
      43.69     50.080    1502.47  0.000e+00
      43.69     50.121    1502.47  0.000e+00
      43.69     50.080    1502.47  0.000e+00
      43.69     50.138    1502.47  0.000e+00
      43.69     50.138    1502.47  0.000e+00
      43.66     50.080    1502.47  0.000e+00
      43.69     50.138    1502.47  0.000e+00
      43.69     50.121    1502.47  0.000e+00
      43.69     50.203    1502.48  0.000e+00
      43.69     50.080    1502.48  0.000e+00
      43.66     50.137    1502.48  0.000e+00
      43.69     50.137    1502.48  0.000e+00
      43.71     50.203    1502.47  0.000e+00
      43.74     50.137    1502.47  0.000e+00
      43.76     50.121    1502.47  0.000e+00
      43.76     50.203    1502.48  0.000e+00
      43.74     50.203    1502.48  0.000e+00
      43.71     50.137    1502.49  0.000e+00
      43.61     50.203    1502.49  0.000e+00
      43.59     50.203    1502.49  0.000e+00
      43.57     50.186    1502.49  0.000e+00
      43.59     50.203    1502.49  0.000e+00
      43.57     50.203    1502.49  0.000e+00
      43.57     50.203    1502.49  0.000e+00
      43.57     50.203    1502.49  0.000e+00
      43.57     50.260    1502.49  0.000e+00
      43.57     50.186    1502.49  0.000e+00
      43.57     50.260    1502.49  0.000e+00
      43.54     50.202    1502.49  0.000e+00
      43.52     50.260    1502.49  0.000e+00
      43.52     50.202    1502.49  0.000e+00
      43.49     50.260    1502.49  0.000e+00
      43.52     50.202    1502.49  0.000e+00
      43.52     50.243    1502.49  0.000e+00
      43.49     50.326    1502.49  0.000e+00
      43.49     50.202    1502.49  0.000e+00
      43.54     50.260    1502.49  0.000e+00
      43.57     50.260    1502.49  0.000e+00
      43.57     50.260    1502.49  0.000e+00
      43.57     50.243    1502.49  0.000e+00
      43.54     50.325    1502.49  0.000e+00
      43.52     50.260    1502.49  0.000e+00
      43.52     50.260    1502.49  0.000e+00
      43.49     50.259    1502.49  0.000e+00
      43.49     50.325    1502.49  0.000e+00
      43.49     50.259    1502.49  0.000e+00
      43.49     50.301    1502.49  0.000e+00
      43.47     50.325    1502.49  0.000e+00
      43.44     50.259    1502.48  0.000e+00
      43.44     50.325    1502.48  0.000e+00
      43.44     50.325    1502.48  0.000e+00
      43.42     50.325    1502.48  0.000e+00
      43.42     50.300    1502.48  0.000e+00
      43.42     50.259    1502.49  0.000e+00
      43.47     50.325    1502.50  0.000e+00
      43.47     50.325    1502.50  0.000e+00
      43.47     50.325    1502.51  0.000e+00
      43.49     50.325    1502.51  0.000e+00
      43.47     50.366    1502.51  0.000e+00
      43.47     50.325    1502.50  0.000e+00
      43.49     50.382    1502.50  0.000e+00
      43.49     50.259    1502.50  0.000e+00
      43.49     50.382    1502.50  0.000e+00
      43.49     50.382    1502.50  0.000e+00
      43.49     50.324    1502.49  0.000e+00
      43.47     50.366    1502.49  0.000e+00
      43.42     50.382    1502.50  0.000e+00
      43.42     50.324    1502.50  0.000e+00
      43.39     50.382    1502.51  0.000e+00
      43.42     50.382    1502.52  0.000e+00
      43.39     50.382    1502.52  0.000e+00
      43.39     50.365    1502.53  0.000e+00
      43.39     50.439    1502.53  0.000e+00
      43.42     50.382    1502.53  0.000e+00
      43.42     50.382    1502.53  0.000e+00
      43.42     50.382    1502.54  0.000e+00
      43.39     50.439    1502.54  0.000e+00
      43.39     50.382    1502.54  0.000e+00
      43.37     50.423    1502.54  0.000e+00
      43.37     50.439    1502.54  0.000e+00
      43.35     50.381    1502.54  0.000e+00
      43.35     50.439    1502.54  0.000e+00
      43.35     50.439    1502.54  0.000e+00
      43.35     50.381    1502.54  0.000e+00
      43.37     50.439    1502.54  0.000e+00
      43.39     50.422    1502.54  0.000e+00
      43.39     50.439    1502.54  0.000e+00
      43.39     50.439    1502.54  0.000e+00
      43.37     50.439    1502.55  0.000e+00
      43.37     50.439    1502.55  0.000e+00
      43.32     50.439    1502.55  0.000e+00
      43.32     50.488    1502.55  0.000e+00
      43.30     50.439    1502.55  0.000e+00
      43.30     50.438    1502.55  0.000e+00
      43.30     50.438    1502.55  0.000e+00
      43.30     50.504    1502.55  0.000e+00
      43.30     50.504    1502.55  0.000e+00
      43.30     50.438    1502.55  0.000e+00
      43.32     50.422    1502.55  0.000e+00
      43.32     50.504    1502.55  0.000e+00
      43.30     50.438    1502.55  0.000e+00
      43.30     50.438    1502.55  0.000e+00
      43.27     50.504    1502.56  0.000e+00
      43.27     50.381    1502.56  0.000e+00
      43.27     50.487    1502.57  0.000e+00
      43.27     50.504    1502.57  0.000e+00
      43.27     50.438    1502.58  0.000e+00
      43.27     50.438    1502.59  0.000e+00
      43.32     50.438    1502.60  0.000e+00
      43.39     50.438    1502.60  0.000e+00
      43.39     50.438    1502.61  0.000e+00
      43.37     50.487    1502.61  0.000e+00
      43.37     50.438    1502.61  0.000e+00
      43.35     50.380    1502.62  0.000e+00
      43.27     50.438    1502.62  0.000e+00
      43.22     50.438    1502.62  0.000e+00
      43.22     50.438    1502.62  0.000e+00
      43.25     50.421    1502.62  0.000e+00
      43.22     50.380    1502.62  0.000e+00
      43.22     50.437    1502.62  0.000e+00
      43.30     50.380    1502.62  0.000e+00
      43.35     50.380    1502.61  0.000e+00
      43.35     50.437    1502.61  0.000e+00
      43.35     50.322    1502.60  0.000e+00
      43.35     50.421    1502.60  0.000e+00
      43.32     50.380    1502.60  0.000e+00
      43.30     50.322    1502.59  0.000e+00
      43.30     50.380    1502.59  0.000e+00
      43.30     50.322    1502.59  0.000e+00
      43.30     50.322    1502.58  0.000e+00
      43.27     50.240    1502.57  0.000e+00
      43.30     50.437    1502.57  0.000e+00
      43.37     50.322    1502.56  0.000e+00
      43.39     50.322    1502.55  0.000e+00
      43.39     50.322    1502.55  0.000e+00
      43.39     50.256    1502.54  0.000e+00
      43.37     50.322    1502.53  0.000e+00
      43.39     50.297    1502.52  0.000e+00
      43.47     50.256    1502.52  0.000e+00
      43.49     50.256    1502.52  0.000e+00
      43.49     50.256    1502.52  0.000e+00
      43.52     50.256    1502.52  0.000e+00
      43.49     50.198    1502.52  0.000e+00
      43.49     50.239    1502.51  0.000e+00
      43.52     50.255    1502.51  0.000e+00
      43.57     50.198    1502.50  0.000e+00
      43.57     50.198    1502.49  0.000e+00
      43.57     50.255    1502.49  0.000e+00
      43.54     50.198    1502.47  0.000e+00
      43.54     50.132    1502.46  0.000e+00
      43.54     50.239    1502.45  0.000e+00
      43.57     50.132    1502.45  0.000e+00
      43.57     50.198    1502.46  0.000e+00
      43.57     50.198    1502.46  0.000e+00
      43.54     50.132    1502.46  0.000e+00
      43.54     50.132    1502.47  0.000e+00
      43.54     50.181    1502.47  0.000e+00
      43.54     50.197    1502.47  0.000e+00
      43.54     50.132    1502.46  0.000e+00
      43.54     50.131    1502.45  0.000e+00
      43.54     50.131    1502.44  0.000e+00
      43.59     50.131    1502.43  0.000e+00
      43.71     50.115    1502.43  0.000e+00
      43.74     50.131    1502.44  0.000e+00
      43.71     50.131    1502.45  0.000e+00
      43.74     50.074    1502.45  0.000e+00
      43.71     50.131    1502.45  0.000e+00
      43.71     50.074    1502.45  0.000e+00
      43.66     50.131    1502.44  0.000e+00
      43.61     50.115    1502.43  0.000e+00
      43.59     50.073    1502.41  0.000e+00
      43.57     50.073    1502.39  0.000e+00
      43.59     50.131    1502.37  0.000e+00
      43.59     50.073    1502.36  0.000e+00
      43.64     50.073    1502.35  0.000e+00
      43.66     50.114    1502.35  0.000e+00
      43.66     50.073    1502.34  0.000e+00
      43.66     50.073    1502.33  0.000e+00
      43.66     50.073    1502.33  0.000e+00
      43.64     50.073    1502.32  0.000e+00
      43.69     50.007    1502.31  0.000e+00
      43.71     50.114    1502.30  0.000e+00
      43.69     50.073    1502.30  0.000e+00
      43.71     50.007    1502.31  0.000e+00
      43.69     50.007    1502.31  0.000e+00
      43.69     50.073    1502.32  0.000e+00
      43.64     50.007    1502.31  0.000e+00
      43.64     50.073    1502.31  0.000e+00
      43.64     49.990    1502.31  0.000e+00
      43.64     50.073    1502.31  0.000e+00
      43.64     50.007    1502.31  0.000e+00
      43.64     50.007    1502.32  0.000e+00
      43.76     50.007    1502.31  0.000e+00
      43.81     50.007    1502.31  0.000e+00
      43.83     50.056    1502.31  0.000e+00
      43.81     50.006    1502.31  0.000e+00
      43.81     49.949    1502.30  0.000e+00
      43.79     50.006    1502.30  0.000e+00
      43.79     50.006    1502.30  0.000e+00
      43.79     49.949    1502.29  0.000e+00
      43.76     49.990    1502.29  0.000e+00
      43.76     50.006    1502.29  0.000e+00
      43.76     49.949    1502.29  0.000e+00
      43.76     50.006    1502.29  0.000e+00
      43.79     49.949    1502.29  0.000e+00
      43.81     50.006    1502.29  0.000e+00
      43.81     49.932    1502.28  0.000e+00
      43.81     49.948    1502.28  0.000e+00
      43.79     50.006    1502.28  0.000e+00
      43.79     49.948    1502.29  0.000e+00
      43.79     49.948    1502.29  0.000e+00
      43.79     49.948    1502.29  0.000e+00
      43.79     49.989    1502.28  0.000e+00
      43.79     49.891    1502.28  0.000e+00
      43.76     49.948    1502.28  0.000e+00
      43.76     49.948    1502.29  0.000e+00
      43.76     49.948    1502.29  0.000e+00
      43.76     49.948    1502.29  0.000e+00
      43.76     49.948    1502.29  0.000e+00
      43.76     49.931    1502.29  0.000e+00
      43.71     49.948    1502.29  0.000e+00
      43.74     50.005    1502.29  0.000e+00
      43.79     49.890    1502.29  0.000e+00
      43.79     50.005    1502.29  0.000e+00
      43.81     49.948    1502.29  0.000e+00
      43.81     49.931    1502.29  0.000e+00
      43.79     49.948    1502.29  0.000e+00
      43.79     49.948    1502.29  0.000e+00
      43.79     50.005    1502.29  0.000e+00
      43.81     49.947    1502.28  0.000e+00
      43.79     49.947    1502.28  0.000e+00
      43.81     49.988    1502.29  0.000e+00
      43.79     50.005    1502.29  0.000e+00
      43.79     49.947    1502.29  0.000e+00
      43.76     50.005    1502.29  0.000e+00
      43.76     50.005    1502.30  0.000e+00
      43.76     50.005    1502.30  0.000e+00
      43.74     50.054    1502.30  0.000e+00
      43.74     50.005    1502.31  0.000e+00
      43.71     50.005    1502.31  0.000e+00
      43.79     50.005    1502.31  0.000e+00
      43.81     50.070    1502.30  0.000e+00
      43.83     50.070    1502.30  0.000e+00
      43.83     50.054    1502.30  0.000e+00
      43.81     50.070    1502.30  0.000e+00
      43.79     50.070    1502.30  0.000e+00
      43.76     50.070    1502.30  0.000e+00
      43.71     50.128    1502.31  0.000e+00
      43.74     50.070    1502.31  0.000e+00
      43.71     50.127    1502.32  0.000e+00
      43.71     50.177    1502.31  0.000e+00
      43.71     50.127    1502.31  0.000e+00
      43.61     50.127    1502.31  0.000e+00
      43.59     50.127    1502.30  0.000e+00
      43.59     50.193    1502.29  0.000e+00
      43.59     50.193    1502.31  0.000e+00
      43.59     50.177    1502.35  0.000e+00
      43.59     50.251    1502.40  0.000e+00
      43.61     50.193    1502.42  0.000e+00
      43.66     50.250    1502.45  0.000e+00
      43.66     50.250    1502.46  0.000e+00
      43.64     50.250    1502.47  0.000e+00
      43.64     50.176    1502.49  0.000e+00
      43.61     50.374    1502.50  0.000e+00
      43.54     50.250    1502.50  0.000e+00
      43.49     50.316    1502.51  0.000e+00
      43.49     50.316    1502.52  0.000e+00
      43.52     50.316    1502.53  0.000e+00
      43.49     50.373    1502.55  0.000e+00
      43.49     50.357    1502.56  0.000e+00
      43.52     50.373    1502.56  0.000e+00
      43.57     50.373    1502.56  0.000e+00
      43.57     50.316    1502.56  0.000e+00
      43.57     50.431    1502.56  0.000e+00
      43.54     50.373    1502.57  0.000e+00
      43.54     50.414    1502.58  0.000e+00
      43.42     50.431    1502.59  0.000e+00
      43.37     50.431    1502.59  0.000e+00
      43.37     50.431    1502.60  0.000e+00
      43.37     50.496    1502.61  0.000e+00
      43.35     50.373    1502.60  0.000e+00
      43.35     50.496    1502.61  0.000e+00
      43.35     50.480    1502.62  0.000e+00
      43.32     50.496    1502.63  0.000e+00
      43.32     50.496    1502.63  0.000e+00
      43.35     50.496    1502.63  0.000e+00
      43.32     50.430    1502.63  0.000e+00
      43.32     50.554    1502.63  0.000e+00
      43.30     50.496    1502.64  0.000e+00
      43.32     50.537    1502.64  0.000e+00
      43.32     50.496    1502.64  0.000e+00
      43.32     50.496    1502.65  0.000e+00
      43.30     50.496    1502.65  0.000e+00
      43.30     50.553    1502.65  0.000e+00
      43.25     50.496    1502.64  0.000e+00
      43.25     50.537    1502.64  0.000e+00
      43.25     50.496    1502.63  0.000e+00
      43.22     50.496    1502.63  0.000e+00
      43.22     50.496    1502.62  0.000e+00
      43.25     50.553    1502.62  0.000e+00
      43.25     50.495    1502.62  0.000e+00
      43.27     50.495    1502.62  0.000e+00
      43.27     50.479    1502.62  0.000e+00
      43.27     50.495    1502.62  0.000e+00
