test_casts/EN695_015_test.cnv
* Sea-Bird SBE 9 Data File:
* FileName = D:\ctd\raw\EN695_015.hdr
* Software Version Seasave V 7.26.7.121
* Temperature SN = 4333
* Conductivity SN = 2459
* Number of Bytes Per Scan = 40
* Number of Voltage Words = 5
* Number of Scans Averaged by the Deck Unit = 1
* NMEA Latitude = 41 11.95 N
* NMEA Longitude = 070 53.14 W
* NMEA UTC (Time) = Jan 14 2023  17:36:36
* NMEA baud rate = 4800
** Ship: R/V Endeavor
** Cruise: EN695
** Principal Investigator: Heidi Sosik
** Chief Scientist: Heidi Sosik
** Project: NES-LTER Transect 12 Winter
** Cruise Start Date: 11 Jan 2023
** Ports: Senesco Shipyard to Senesco Shipyard, North Kingstown, Rhode Island
** Station:  L1
** Bottom Depth: 21 m
** Operator:
# nquan = 4
# nvalues = 13824                                 
# units = specified
# name 0 = altM: Altimeter [m]
# name 1 = depSM: Depth [salt water, m]
# name 2 = svCM: Sound Velocity [Chen-Millero, m/s]
# name 3 = flag:  0.000e+00
# span 0 =       4.96,      19.83                 
# span 1 =      2.442,     16.237                 
# span 2 =    1472.62,    1472.91                 
# span 3 = 0.0000e+00, 0.0000e+00                 
# interval = seconds: 0.0416667
# start_time = Jan 14 2023 17:36:38 [System UTC, header]
# bad_flag = -9.990e-29
*END*
[from data line 13156]
      17.12      4.665    1472.73  0.000e+00
      17.12      4.599    1472.73  0.000e+00
      17.12      4.665    1472.73  0.000e+00
      16.97      4.673    1472.73  0.000e+00
      16.87      4.665    1472.73  0.000e+00
      16.83      4.665    1472.73  0.000e+00
      16.85      4.665    1472.72  0.000e+00
      16.85      4.722    1472.72  0.000e+00
      16.80      4.665    1472.72  0.000e+00
      16.70      4.722    1472.72  0.000e+00
      16.68      4.722    1472.72  0.000e+00
      16.65      4.722    1472.72  0.000e+00
      16.68      4.722    1472.72  0.000e+00
      16.68      4.722    1472.72  0.000e+00
      16.68      4.788    1472.72  0.000e+00
      16.58      4.738    1472.72  0.000e+00
      16.51      4.722    1472.72  0.000e+00
      16.48      4.788    1472.72  0.000e+00
      16.48      4.722    1472.72  0.000e+00
      16.51      4.788    1472.73  0.000e+00
      16.46      4.788    1472.73  0.000e+00
      16.34      4.788    1472.73  0.000e+00
      16.29      4.788    1472.74  0.000e+00
      16.29      4.788    1472.74  0.000e+00
      16.29      4.788    1472.74  0.000e+00
      16.29      4.788    1472.74  0.000e+00
      16.29      4.738    1472.74  0.000e+00
      16.29      4.911    1472.74  0.000e+00
      16.24      4.788    1472.74  0.000e+00
      16.12      4.845    1472.74  0.000e+00
      16.09      4.845    1472.74  0.000e+00
      16.09      4.845    1472.74  0.000e+00
      16.09      4.845    1472.74  0.000e+00
      16.07      4.845    1472.74  0.000e+00
      16.00      4.845    1472.74  0.000e+00
      15.92      4.845    1472.74  0.000e+00
      15.92      4.845    1472.74  0.000e+00
      15.92      4.845    1472.74  0.000e+00
      15.92      4.853    1472.74  0.000e+00
      15.92      4.911    1472.73  0.000e+00
      15.92      4.845    1472.73  0.000e+00
      15.92      4.845    1472.73  0.000e+00
      15.90      4.911    1472.73  0.000e+00
      15.90      4.845    1472.73  0.000e+00
      15.90      4.845    1472.73  0.000e+00
      15.90      4.911    1472.73  0.000e+00
      15.87      4.845    1472.73  0.000e+00
      15.73      4.911    1472.73  0.000e+00
      15.68      4.845    1472.73  0.000e+00
      15.68      4.911    1472.73  0.000e+00
      15.68      4.853    1472.73  0.000e+00
      15.68      4.910    1472.73  0.000e+00
      15.65      4.845    1472.73  0.000e+00
      15.65      4.910    1472.73  0.000e+00
      15.65      4.845    1472.73  0.000e+00
      15.65      4.910    1472.73  0.000e+00
      15.65      4.910    1472.73  0.000e+00
      15.65      4.845    1472.73  0.000e+00
      15.65      4.910    1472.73  0.000e+00
      15.65      4.845    1472.73  0.000e+00
      15.65      4.910    1472.73  0.000e+00
      15.60      4.910    1472.73  0.000e+00
      15.58      4.853    1472.73  0.000e+00
      15.60      4.845    1472.73  0.000e+00
      15.58      4.910    1472.73  0.000e+00
      15.60      4.845    1472.73  0.000e+00
      15.60      4.910    1472.73  0.000e+00
      15.60      4.844    1472.73  0.000e+00
      15.60      4.844    1472.73  0.000e+00
      15.60      4.910    1472.73  0.000e+00
      15.58      4.844    1472.73  0.000e+00
      15.58      4.910    1472.73  0.000e+00
      15.58      4.910    1472.73  0.000e+00
      15.58      4.844    1472.73  0.000e+00
      15.56      4.853    1472.73  0.000e+00
      15.56      4.910    1472.73  0.000e+00
      15.56      4.844    1472.73  0.000e+00
      15.56      4.844    1472.73  0.000e+00
      15.56      4.910    1472.73  0.000e+00
      15.63      4.910    1472.73  0.000e+00
      15.68      4.787    1472.73  0.000e+00
      15.70      4.910    1472.73  0.000e+00
      15.68      4.844    1472.73  0.000e+00
      15.70      4.910    1472.73  0.000e+00
      15.68      4.787    1472.73  0.000e+00
      15.68      4.910    1472.73  0.000e+00
      15.70      4.795    1472.73  0.000e+00
      15.70      4.844    1472.73  0.000e+00
      15.68      4.910    1472.73  0.000e+00
      15.68      4.787    1472.73  0.000e+00
      15.70      4.844    1472.73  0.000e+00
      15.80      4.787    1472.73  0.000e+00
      15.82      4.787    1472.73  0.000e+00
      15.85      4.844    1472.73  0.000e+00
      15.82      4.787    1472.73  0.000e+00
      15.82      4.787    1472.73  0.000e+00
      15.85      4.787    1472.73  0.000e+00
      16.02      4.721    1472.73  0.000e+00
      16.07      4.737    1472.73  0.000e+00
      16.07      4.721    1472.73  0.000e+00
      16.07      4.721    1472.73  0.000e+00
      16.07      4.721    1472.73  0.000e+00
      16.07      4.663    1472.73  0.000e+00
      16.21      4.721    1472.73  0.000e+00
      16.26      4.663    1472.73  0.000e+00
      16.29      4.597    1472.73  0.000e+00
      16.29      4.663    1472.73  0.000e+00
      16.26      4.597    1472.73  0.000e+00
      16.26      4.663    1472.73  0.000e+00
      16.39      4.548    1472.73  0.000e+00
      16.46      4.597    1472.73  0.000e+00
      16.48      4.540    1472.73  0.000e+00
      16.48      4.540    1472.73  0.000e+00
      16.46      4.482    1472.73  0.000e+00
      16.46      4.482    1472.72  0.000e+00
      16.70      4.482    1472.72  0.000e+00
      16.83      4.416    1472.72  0.000e+00
      16.83      4.416    1472.72  0.000e+00
      16.83      4.416    1472.72  0.000e+00
      16.83      4.359    1472.72  0.000e+00
      16.83      4.367    1472.72  0.000e+00
      16.87      4.359    1472.72  0.000e+00
      16.90      4.293    1472.72  0.000e+00
      16.90      4.235    1472.72  0.000e+00
      16.90      4.293    1472.72  0.000e+00
      16.90      4.178    1472.72  0.000e+00
      16.90      4.235    1472.72  0.000e+00
      16.95      4.178    1472.72  0.000e+00
      17.29      4.178    1472.72  0.000e+00
      17.44      4.112    1472.72  0.000e+00
      17.46      4.120    1472.72  0.000e+00
      17.44      4.054    1472.72  0.000e+00
      17.44      4.112    1472.72  0.000e+00
      17.46      3.989    1472.72  0.000e+00
      17.53      4.054    1472.72  0.000e+00
      17.56      3.931    1472.71  0.000e+00
      17.56      3.989    1472.71  0.000e+00
      17.56      3.989    1472.71  0.000e+00
      17.53      3.931    1472.71  0.000e+00
      17.53      3.873    1472.71  0.000e+00
      17.56      3.939    1472.71  0.000e+00
      17.53      3.808    1472.71  0.000e+00
      17.46      3.873    1472.71  0.000e+00
      17.44      3.873    1472.71  0.000e+00
      17.41      3.808    1472.71  0.000e+00
      17.44      3.873    1472.71  0.000e+00
      17.44      3.750    1472.71  0.000e+00
      17.53      3.808    1472.71  0.000e+00
      17.78      3.750    1472.71  0.000e+00
      17.85      3.750    1472.71  0.000e+00
      17.85      3.758    1472.71  0.000e+00
      17.83      3.684    1472.71  0.000e+00
      17.83      3.750    1472.71  0.000e+00
      17.80      3.684    1472.71  0.000e+00
      17.78      3.750    1472.71  0.000e+00
      17.78      3.684    1472.71  0.000e+00
      17.78      3.750    1472.71  0.000e+00
      17.78      3.684    1472.71  0.000e+00
      17.78      3.750    1472.71  0.000e+00
      17.83      3.692    1472.71  0.000e+00
      17.88      3.684    1472.71  0.000e+00
      17.88      3.684    1472.71  0.000e+00
      17.90      3.750    1472.71  0.000e+00
      17.88      3.750    1472.71  0.000e+00
      17.88      3.684    1472.71  0.000e+00
      17.97      3.750    1472.71  0.000e+00
      18.07      3.750    1472.71  0.000e+00
      18.10      3.750    1472.71  0.000e+00
      18.10      3.692    1472.71  0.000e+00
      18.10      3.807    1472.71  0.000e+00
      18.10      3.807    1472.71  0.000e+00
      18.10      3.807    1472.71  0.000e+00
      18.14      3.807    1472.71  0.000e+00
      18.19      3.807    1472.71  0.000e+00
      18.19      3.873    1472.71  0.000e+00
      18.19      3.873    1472.71  0.000e+00
      18.17      3.873    1472.71  0.000e+00
      18.10      3.873    1472.71  0.000e+00
      18.00      3.881    1472.71  0.000e+00
      17.97      3.930    1472.71  0.000e+00
      17.97      3.930    1472.71  0.000e+00
      17.97      3.988    1472.72  0.000e+00
      17.97      3.930    1472.71  0.000e+00
      18.02      3.988    1472.72  0.000e+00
      18.10      3.988    1472.71  0.000e+00
      18.12      3.988    1472.71  0.000e+00
      18.12      4.053    1472.72  0.000e+00
      18.10      4.053    1472.72  0.000e+00
      18.10      4.062    1472.71  0.000e+00
      18.17      4.053    1472.71  0.000e+00
      18.27      4.177    1472.72  0.000e+00
      18.29      4.053    1472.72  0.000e+00
      18.29      4.111    1472.72  0.000e+00
      18.29      4.111    1472.72  0.000e+00
      18.27      4.177    1472.72  0.000e+00
      18.27      4.177    1472.72  0.000e+00
      18.29      4.177    1472.71  0.000e+00
      18.29      4.177    1472.71  0.000e+00
      18.19      4.185    1472.71  0.000e+00
      18.19      4.234    1472.71  0.000e+00
      18.17      4.234    1472.71  0.000e+00
      18.17      4.234    1472.71  0.000e+00
      18.17      4.176    1472.71  0.000e+00
      18.17      4.292    1472.72  0.000e+00
      18.27      4.234    1472.71  0.000e+00
      18.36      4.291    1472.72  0.000e+00
      18.36      4.234    1472.72  0.000e+00
      18.36      4.291    1472.71  0.000e+00
      18.36      4.308    1472.72  0.000e+00
      18.36      4.291    1472.72  0.000e+00
      18.32      4.291    1472.72  0.000e+00
      18.14      4.291    1472.72  0.000e+00
      18.07      4.291    1472.72  0.000e+00
      18.05      4.291    1472.72  0.000e+00
      18.07      4.357    1472.72  0.000e+00
      18.07      4.291    1472.72  0.000e+00
      17.97      4.357    1472.72  0.000e+00
      17.90      4.291    1472.72  0.000e+00
      17.88      4.357    1472.72  0.000e+00
      17.90      4.308    1472.72  0.000e+00
      17.90      4.357    1472.72  0.000e+00
      17.88      4.291    1472.71  0.000e+00
      17.90      4.357    1472.72  0.000e+00
      17.90      4.357    1472.72  0.000e+00
      17.88      4.291    1472.72  0.000e+00
      17.83      4.357    1472.72  0.000e+00
      17.80      4.357    1472.72  0.000e+00
      17.80      4.291    1472.72  0.000e+00
      17.80      4.357    1472.72  0.000e+00
      17.80      4.291    1472.72  0.000e+00
      17.70      4.308    1472.72  0.000e+00
      17.61      4.357    1472.72  0.000e+00
      17.58      4.291    1472.72  0.000e+00
      17.58      4.291    1472.72  0.000e+00
      17.58      4.357    1472.72  0.000e+00
      17.58      4.291    1472.72  0.000e+00
      17.58      4.291    1472.72  0.000e+00
      17.58      4.357    1472.72  0.000e+00
      17.53      4.291    1472.72  0.000e+00
      17.46      4.291    1472.72  0.000e+00
      17.44      4.307    1472.72  0.000e+00
      17.46      4.291    1472.72  0.000e+00
      17.44      4.357    1472.72  0.000e+00
      17.44      4.291    1472.72  0.000e+00
      17.39      4.291    1472.72  0.000e+00
      17.34      4.291    1472.72  0.000e+00
      17.34      4.291    1472.72  0.000e+00
      17.34      4.291    1472.72  0.000e+00
      17.31      4.291    1472.72  0.000e+00
      17.34      4.356    1472.72  0.000e+00
      17.34      4.291    1472.72  0.000e+00
      17.22      4.307    1472.72  0.000e+00
      17.17      4.356    1472.72  0.000e+00
      17.17      4.291    1472.72  0.000e+00
      17.17      4.291    1472.72  0.000e+00
      17.14      4.356    1472.72  0.000e+00
      17.12      4.356    1472.72  0.000e+00
      17.05      4.291    1472.72  0.000e+00
      17.00      4.356    1472.72  0.000e+00
      17.00      4.414    1472.72  0.000e+00
      17.00      4.356    1472.72  0.000e+00
      17.00      4.364    1472.72  0.000e+00
      16.97      4.414    1472.72  0.000e+00
      16.95      4.414    1472.72  0.000e+00
      16.95      4.414    1472.72  0.000e+00
      16.95      4.414    1472.72  0.000e+00
      16.95      4.479    1472.72  0.000e+00
      16.92      4.479    1472.72  0.000e+00
      16.95      4.537    1472.72  0.000e+00
      16.95      4.479    1472.72  0.000e+00
      16.85      4.537    1472.72  0.000e+00
      16.73      4.594    1472.72  0.000e+00
      16.68      4.611    1472.72  0.000e+00
      16.68      4.594    1472.72  0.000e+00
      16.68      4.594    1472.72  0.000e+00
      16.65      4.718    1472.72  0.000e+00
      16.56      4.660    1472.72  0.000e+00
      16.48      4.660    1472.72  0.000e+00
      16.46      4.718    1472.72  0.000e+00
      16.46      4.783    1472.72  0.000e+00
      16.46      4.783    1472.72  0.000e+00
      16.48      4.783    1472.72  0.000e+00
      16.46      4.841    1472.72  0.000e+00
      16.34      4.841    1472.72  0.000e+00
      16.26      4.849    1472.72  0.000e+00
      16.26      4.906    1472.72  0.000e+00
      16.26      4.906    1472.73  0.000e+00
      16.26      4.964    1472.73  0.000e+00
      16.21      4.964    1472.73  0.000e+00
      16.12      4.964    1472.73  0.000e+00
      16.07      4.906    1472.72  0.000e+00
      16.07      5.021    1472.73  0.000e+00
      16.09      5.087    1472.73  0.000e+00
      16.07      5.021    1472.73  0.000e+00
      16.00      5.021    1472.73  0.000e+00
      15.95      5.087    1472.73  0.000e+00
      15.92      5.095    1472.73  0.000e+00
      15.92      5.087    1472.73  0.000e+00
      15.92      5.087    1472.73  0.000e+00
      15.92      5.145    1472.73  0.000e+00
      15.85      5.145    1472.73  0.000e+00
      15.78      5.145    1472.73  0.000e+00
      15.75      5.145    1472.73  0.000e+00
      15.78      5.087    1472.73  0.000e+00
      15.78      5.210    1472.73  0.000e+00
      15.78      5.145    1472.73  0.000e+00
      15.70      5.210    1472.73  0.000e+00
      15.63      5.145    1472.73  0.000e+00
      15.63      5.144    1472.73  0.000e+00
      15.63      5.153    1472.73  0.000e+00
      15.63      5.144    1472.73  0.000e+00
      15.63      5.144    1472.73  0.000e+00
      15.60      5.210    1472.73  0.000e+00
      15.56      5.144    1472.73  0.000e+00
      15.56      5.087    1472.73  0.000e+00
      15.56      5.144    1472.73  0.000e+00
      15.56      5.087    1472.73  0.000e+00
      15.56      5.087    1472.73  0.000e+00
      15.53      5.087    1472.73  0.000e+00
      15.53      5.087    1472.73  0.000e+00
      15.53      5.087    1472.73  0.000e+00
      15.53      5.037    1472.73  0.000e+00
      15.53      5.021    1472.73  0.000e+00
      15.53      5.021    1472.73  0.000e+00
      15.53      4.963    1472.73  0.000e+00
      15.53      5.021    1472.73  0.000e+00
      15.51      4.963    1472.73  0.000e+00
      15.48      4.963    1472.73  0.000e+00
      15.48      4.906    1472.73  0.000e+00
      15.48      4.963    1472.73  0.000e+00
      15.48      4.840    1472.73  0.000e+00
      15.48      4.906    1472.73  0.000e+00
      15.53      4.840    1472.73  0.000e+00
      15.60      4.914    1472.73  0.000e+00
      15.60      4.782    1472.73  0.000e+00
      15.60      4.782    1472.73  0.000e+00
      15.58      4.782    1472.72  0.000e+00
      15.63      4.782    1472.73  0.000e+00
      15.68      4.782    1472.73  0.000e+00
      15.70      4.717    1472.73  0.000e+00
      15.73      4.717    1472.73  0.000e+00
      15.70      4.717    1472.73  0.000e+00
      15.70      4.659    1472.72  0.000e+00
      15.73      4.717    1472.73  0.000e+00
      15.80      4.659    1472.72  0.000e+00
      15.85      4.667    1472.72  0.000e+00
      15.82      4.593    1472.72  0.000e+00
      15.82      4.659    1472.73  0.000e+00
      15.82      4.593    1472.72  0.000e+00
      15.87      4.593    1472.72  0.000e+00
      15.97      4.593    1472.72  0.000e+00
      16.04      4.593    1472.72  0.000e+00
      16.02      4.536    1472.72  0.000e+00
      16.04      4.593    1472.72  0.000e+00
      16.04      4.478    1472.72  0.000e+00
