test_casts/EN695_007_test.cnv
* Sea-Bird SBE 9 Data File:
* FileName = D:\ctd\raw\EN695_007.hdr
* Software Version Seasave V 7.26.7.121
* Temperature SN = 4333
* Conductivity SN = 2459
* Number of Bytes Per Scan = 40
* Number of Voltage Words = 5
* Number of Scans Averaged by the Deck Unit = 1
* NMEA Latitude = 40 15.53 N
* NMEA Longitude = 070 52.99 W
* NMEA UTC (Time) = Jan 12 2023  22:43:05
* NMEA baud rate = 4800
** Ship: R/V Endeavor
** Cruise: EN695
** Principal Investigator: Heidi Sosik
** Chief Scientist: Heidi Sosik
** Project: NES-LTER Transect 12 Winter
** Cruise Start Date: 11 Jan 2023
** Ports: Senesco Shipyard to Senesco Shipyard, North Kingstown, Rhode Island
** Station:  L7
** Bottom Depth: 120m
** Operator:
# nquan = 4
# nvalues = 28781                                 
# units = specified
# name 0 = altM: Altimeter [m]
# name 1 = depSM: Depth [salt water, m]
# name 2 = svCM: Sound Velocity [Chen-Millero, m/s]
# name 3 = flag:  0.000e+00
# span 0 =       0.00,     100.00                 
# span 1 =      4.017,    114.977                 
# span 2 =    1493.20,    1514.84                 
# span 3 = 0.0000e+00, 0.0000e+00                 
# interval = seconds: 0.0416667
# start_time = Jan 12 2023 22:43:07 [System UTC, header]
# bad_flag = -9.990e-29
*END*
[from data line 1067]
       0.51     10.099    1493.81  0.000e+00
       0.44     10.156    1493.81  0.000e+00
       0.29     10.099    1493.81  0.000e+00
       0.27     10.140    1493.81  0.000e+00
       0.27     10.156    1493.81  0.000e+00
       0.27     10.222    1493.81  0.000e+00
       0.27     10.156    1493.81  0.000e+00
       0.27     10.222    1493.81  0.000e+00
       0.32     10.156    1493.81  0.000e+00
       0.32     10.263    1493.81  0.000e+00
       0.32     10.280    1493.81  0.000e+00
       0.32     10.280    1493.81  0.000e+00
       0.32     10.280    1493.81  0.000e+00
       0.32     10.280    1493.81  0.000e+00
       0.32     10.337    1493.81  0.000e+00
       0.32     10.378    1493.81  0.000e+00
       0.29     10.403    1493.81  0.000e+00
       0.32     10.403    1493.81  0.000e+00
       0.32     10.403    1493.81  0.000e+00
       0.32     10.460    1493.81  0.000e+00
       0.32     10.460    1493.81  0.000e+00
       0.32     10.502    1493.81  0.000e+00
       0.32     10.460    1493.81  0.000e+00
       0.32     10.526    1493.81  0.000e+00
       0.32     10.584    1493.82  0.000e+00
       0.32     10.526    1493.81  0.000e+00
       0.29     10.584    1493.81  0.000e+00
       0.29     10.625    1493.82  0.000e+00
       0.29     10.707    1493.82  0.000e+00
       0.29     10.641    1493.81  0.000e+00
       0.29     10.765    1493.82  0.000e+00
       0.29     10.707    1493.82  0.000e+00
       0.32     10.830    1493.82  0.000e+00
       0.32     10.748    1493.81  0.000e+00
       0.32     10.830    1493.82  0.000e+00
       0.32     10.888    1493.82  0.000e+00
       0.32     10.888    1493.82  0.000e+00
       0.29     10.945    1493.82  0.000e+00
       0.27     10.945    1493.82  0.000e+00
       0.24     10.986    1493.82  0.000e+00
       0.24     11.069    1493.82  0.000e+00
       0.24     11.069    1493.82  0.000e+00
       0.24     11.069    1493.82  0.000e+00
       0.27     11.069    1493.82  0.000e+00
       0.29     11.110    1493.82  0.000e+00
       0.32     11.192    1493.82  0.000e+00
       0.32     11.192    1493.82  0.000e+00
       0.32     11.258    1493.82  0.000e+00
       0.32     11.258    1493.82  0.000e+00
       0.39     11.315    1493.82  0.000e+00
       0.73     11.356    1493.82  0.000e+00
       0.90     11.315    1493.82  0.000e+00
       0.90     11.438    1493.82  0.000e+00
       0.88     11.438    1493.82  0.000e+00
       0.88     11.438    1493.82  0.000e+00
       0.78     11.480    1493.82  0.000e+00
       0.44     11.562    1493.82  0.000e+00
       0.34     11.496    1493.82  0.000e+00
       0.34     11.619    1493.82  0.000e+00
       0.34     11.562    1493.82  0.000e+00
       0.34     11.562    1493.82  0.000e+00
       0.37     11.718    1493.82  0.000e+00
       0.34     11.677    1493.82  0.000e+00
       0.34     11.743    1493.82  0.000e+00
       0.34     11.743    1493.82  0.000e+00
       0.34     11.743    1493.82  0.000e+00
       0.34     11.784    1493.82  0.000e+00
      23.81     11.800    1493.82  0.000e+00
      82.27     11.866    1493.82  0.000e+00
     100.00     11.866    1493.82  0.000e+00
     100.00     11.866    1493.82  0.000e+00
     100.00     11.907    1493.83  0.000e+00
     100.00     11.923    1493.82  0.000e+00
      75.75     11.989    1493.83  0.000e+00
      17.39     11.989    1493.83  0.000e+00
       0.00     11.989    1493.83  0.000e+00
       0.00     11.964    1493.83  0.000e+00
       0.00     12.104    1493.83  0.000e+00
       0.00     12.047    1493.83  0.000e+00
      24.42     12.104    1493.83  0.000e+00
      82.76     12.104    1493.83  0.000e+00
     100.00     12.088    1493.83  0.000e+00
     100.00     12.170    1493.83  0.000e+00
     100.00     12.170    1493.83  0.000e+00
     100.00     12.170    1493.83  0.000e+00
      78.83     12.170    1493.83  0.000e+00
      19.46     12.211    1493.83  0.000e+00
       0.00     12.227    1493.84  0.000e+00
       0.00     12.227    1493.84  0.000e+00
       0.00     12.227    1493.84  0.000e+00
       0.15     12.293    1493.85  0.000e+00
      26.94     12.269    1493.85  0.000e+00
      84.13     12.293    1493.85  0.000e+00
     100.00     12.293    1493.85  0.000e+00
     100.00     12.351    1493.85  0.000e+00
     100.00     12.351    1493.84  0.000e+00
     100.00     12.392    1493.84  0.000e+00
      73.87     12.351    1493.84  0.000e+00
      16.41     12.408    1493.84  0.000e+00
       0.00     12.408    1493.84  0.000e+00
       0.00     12.408    1493.85  0.000e+00
       0.00     12.392    1493.85  0.000e+00
       0.12     12.474    1493.85  0.000e+00
       0.29     12.408    1493.85  0.000e+00
       0.32     12.474    1493.86  0.000e+00
       0.29     12.408    1493.86  0.000e+00
       0.29     12.515    1493.87  0.000e+00
       0.29     12.474    1493.87  0.000e+00
       0.29     12.474    1493.87  0.000e+00
      25.89     12.532    1493.86  0.000e+00
      83.52     12.449    1493.86  0.000e+00
     100.00     12.531    1493.86  0.000e+00
     100.00     12.531    1493.86  0.000e+00
     100.00     12.474    1493.86  0.000e+00
     100.00     12.597    1493.86  0.000e+00
      76.31     12.515    1493.86  0.000e+00
      17.88     12.531    1493.87  0.000e+00
       0.00     12.531    1493.87  0.000e+00
       0.00     12.597    1493.87  0.000e+00
       0.00     12.597    1493.86  0.000e+00
       0.12     12.573    1493.86  0.000e+00
      26.37     12.597    1493.86  0.000e+00
      83.81     12.597    1493.86  0.000e+00
     100.00     12.597    1493.86  0.000e+00
     100.00     12.597    1493.86  0.000e+00
     100.00     12.573    1493.85  0.000e+00
     100.00     12.655    1493.86  0.000e+00
      73.97     12.597    1493.85  0.000e+00
      16.53     12.655    1493.86  0.000e+00
       0.00     12.597    1493.85  0.000e+00
       0.00     12.638    1493.85  0.000e+00
       0.00     12.655    1493.86  0.000e+00
       0.20     12.655    1493.86  0.000e+00
       0.32     12.655    1493.86  0.000e+00
       0.29     12.638    1493.85  0.000e+00
       0.27     12.720    1493.86  0.000e+00
       0.27     12.655    1493.85  0.000e+00
       0.27     12.720    1493.86  0.000e+00
       0.27     12.720    1493.86  0.000e+00
       0.27     12.696    1493.86  0.000e+00
       0.27     12.778    1493.86  0.000e+00
       0.27     12.720    1493.85  0.000e+00
       0.27     12.778    1493.86  0.000e+00
       0.27     12.720    1493.86  0.000e+00
       0.27     12.819    1493.86  0.000e+00
       0.29     12.720    1493.86  0.000e+00
       0.29     12.835    1493.86  0.000e+00
       0.29     12.778    1493.86  0.000e+00
       0.29     12.835    1493.86  0.000e+00
       0.29     12.819    1493.86  0.000e+00
       0.29     12.835    1493.86  0.000e+00
       0.29     12.835    1493.86  0.000e+00
       0.32     12.835    1493.86  0.000e+00
       0.32     12.877    1493.86  0.000e+00
       0.32     12.901    1493.86  0.000e+00
       0.32     12.901    1493.86  0.000e+00
       0.32     12.901    1493.85  0.000e+00
       0.29     13.024    1493.85  0.000e+00
       0.27     12.942    1493.85  0.000e+00
       0.24     12.959    1493.85  0.000e+00
       0.24     13.024    1493.86  0.000e+00
       0.27     13.024    1493.86  0.000e+00
       0.24     13.082    1493.86  0.000e+00
       0.27     13.057    1493.86  0.000e+00
       0.29     13.024    1493.85  0.000e+00
       0.29     13.082    1493.85  0.000e+00
       0.29     13.140    1493.86  0.000e+00
       0.29     13.123    1493.86  0.000e+00
       0.29     13.140    1493.86  0.000e+00
       0.37     13.140    1493.86  0.000e+00
       0.59     13.205    1493.86  0.000e+00
       0.68     13.205    1493.86  0.000e+00
       0.68     13.246    1493.86  0.000e+00
       0.68     13.263    1493.86  0.000e+00
       0.66     13.329    1493.86  0.000e+00
       0.63     13.329    1493.86  0.000e+00
       0.51     13.304    1493.87  0.000e+00
       0.46     13.386    1493.87  0.000e+00
       0.46     13.386    1493.87  0.000e+00
       0.46     13.452    1493.86  0.000e+00
       0.46     13.452    1493.86  0.000e+00
       0.44     13.485    1493.86  0.000e+00
       0.37     13.509    1493.86  0.000e+00
       0.34     13.509    1493.86  0.000e+00
       0.34     13.509    1493.86  0.000e+00
       0.34     13.550    1493.86  0.000e+00
       0.34     13.567    1493.86  0.000e+00
      26.98     13.633    1493.86  0.000e+00
      84.10     13.633    1493.86  0.000e+00
     100.00     13.674    1493.86  0.000e+00
     100.00     13.690    1493.86  0.000e+00
     100.00     13.690    1493.86  0.000e+00
     100.00     13.690    1493.86  0.000e+00
      76.04     13.813    1493.86  0.000e+00
      17.66     13.789    1493.86  0.000e+00
       0.00     13.756    1493.86  0.000e+00
       0.00     13.871    1493.86  0.000e+00
       0.00     13.871    1493.86  0.000e+00
       0.10     13.854    1493.86  0.000e+00
       0.32     13.937    1493.86  0.000e+00
       0.46     13.871    1493.86  0.000e+00
       0.51     13.994    1493.86  0.000e+00
       0.49     13.978    1493.86  0.000e+00
       0.49     13.937    1493.86  0.000e+00
       0.49     14.060    1493.87  0.000e+00
       0.42     13.994    1493.87  0.000e+00
       0.29     14.035    1493.87  0.000e+00
       0.27     14.060    1493.87  0.000e+00
       0.27     14.118    1493.87  0.000e+00
       0.27     14.118    1493.87  0.000e+00
       0.27     14.118    1493.87  0.000e+00
       0.27     14.159    1493.87  0.000e+00
       0.27     14.118    1493.87  0.000e+00
       0.27     14.241    1493.87  0.000e+00
       0.24     14.183    1493.87  0.000e+00
       0.27     14.282    1493.87  0.000e+00
       0.27     14.183    1493.87  0.000e+00
       0.27     14.298    1493.87  0.000e+00
       0.32     14.241    1493.87  0.000e+00
       0.34     14.282    1493.87  0.000e+00
       0.34     14.298    1493.87  0.000e+00
       0.34     14.298    1493.87  0.000e+00
       0.34     14.298    1493.87  0.000e+00
       0.32     14.282    1493.87  0.000e+00
       0.29     14.364    1493.87  0.000e+00
       0.27     14.364    1493.87  0.000e+00
       0.27     14.364    1493.87  0.000e+00
       0.27     14.397    1493.87  0.000e+00
       0.27     14.364    1493.87  0.000e+00
       0.27     14.422    1493.87  0.000e+00
       0.29     14.364    1493.86  0.000e+00
       0.29     14.463    1493.86  0.000e+00
       0.29     14.422    1493.86  0.000e+00
       0.29     14.487    1493.86  0.000e+00
       0.29     14.545    1493.86  0.000e+00
       0.32     14.463    1493.86  0.000e+00
       0.39     14.487    1493.86  0.000e+00
       0.39     14.545    1493.86  0.000e+00
       0.42     14.487    1493.87  0.000e+00
       0.42     14.520    1493.87  0.000e+00
       0.39     14.545    1493.87  0.000e+00
       0.39     14.602    1493.87  0.000e+00
       0.32     14.545    1493.86  0.000e+00
       0.32     14.586    1493.86  0.000e+00
       0.32     14.602    1493.86  0.000e+00
       0.32     14.602    1493.86  0.000e+00
       0.32     14.668    1493.86  0.000e+00
       0.29     14.586    1493.85  0.000e+00
       0.27     14.726    1493.85  0.000e+00
       0.27     14.668    1493.85  0.000e+00
       0.27     14.726    1493.85  0.000e+00
       0.27     14.701    1493.85  0.000e+00
       0.27     14.726    1493.85  0.000e+00
       0.34     14.791    1493.85  0.000e+00
       0.68     14.791    1493.85  0.000e+00
       0.88     14.824    1493.85  0.000e+00
       0.88     14.791    1493.85  0.000e+00
       0.85     14.849    1493.86  0.000e+00
       0.85     14.849    1493.86  0.000e+00
       0.68     14.890    1493.86  0.000e+00
       0.34     14.906    1493.87  0.000e+00
       0.24     14.906    1493.87  0.000e+00
       0.27     14.972    1493.87  0.000e+00
       0.27     15.013    1493.87  0.000e+00
       0.27     15.030    1493.86  0.000e+00
       0.27     15.030    1493.86  0.000e+00
       0.29     15.030    1493.86  0.000e+00
       0.29     15.128    1493.87  0.000e+00
       0.29     15.096    1493.87  0.000e+00
       0.29     15.153    1493.87  0.000e+00
       0.29     15.153    1493.87  0.000e+00
       0.32     15.194    1493.87  0.000e+00
       0.39     15.276    1493.87  0.000e+00
       0.44     15.276    1493.87  0.000e+00
       0.44     15.276    1493.87  0.000e+00
       0.44     15.317    1493.87  0.000e+00
       0.44     15.400    1493.88  0.000e+00
       0.44     15.334    1493.88  0.000e+00
       0.46     15.400    1493.88  0.000e+00
       0.46     15.432    1493.88  0.000e+00
       0.46     15.457    1493.88  0.000e+00
       0.46     15.523    1493.88  0.000e+00
       0.46     15.498    1493.88  0.000e+00
       0.49     15.580    1493.88  0.000e+00
       0.49     15.580    1493.88  0.000e+00
       0.49     15.638    1493.88  0.000e+00
       0.49     15.621    1493.88  0.000e+00
       0.49     15.761    1493.89  0.000e+00
       0.49     15.704    1493.89  0.000e+00
       0.51     15.761    1493.88  0.000e+00
       0.59     15.802    1493.88  0.000e+00
       0.61     15.827    1493.89  0.000e+00
       0.61     15.884    1493.89  0.000e+00
       0.61     15.860    1493.89  0.000e+00
       0.61     15.884    1493.89  0.000e+00
      23.32     15.950    1493.89  0.000e+00
      81.88     16.008    1493.88  0.000e+00
     100.00     15.983    1493.88  0.000e+00
     100.00     16.008    1493.88  0.000e+00
     100.00     16.065    1493.88  0.000e+00
     100.00     16.065    1493.88  0.000e+00
      76.73     16.106    1493.88  0.000e+00
      18.12     16.131    1493.88  0.000e+00
       0.00     16.189    1493.88  0.000e+00
       0.00     16.164    1493.88  0.000e+00
       0.00     16.254    1493.88  0.000e+00
       0.12     16.254    1493.88  0.000e+00
       0.29     16.254    1493.88  0.000e+00
       0.32     16.287    1493.88  0.000e+00
       0.32     16.312    1493.88  0.000e+00
       0.29     16.369    1493.88  0.000e+00
       0.29     16.353    1493.88  0.000e+00
       0.29     16.369    1493.89  0.000e+00
       0.29     16.369    1493.89  0.000e+00
       0.34     16.435    1493.89  0.000e+00
       0.34     16.410    1493.88  0.000e+00
       0.34     16.369    1493.88  0.000e+00
       0.34     16.493    1493.88  0.000e+00
       0.34     16.410    1493.88  0.000e+00
       0.34     16.493    1493.88  0.000e+00
       0.29     16.435    1493.88  0.000e+00
       0.27     16.493    1493.88  0.000e+00
       0.29     16.534    1493.88  0.000e+00
       0.29     16.493    1493.88  0.000e+00
       0.29     16.558    1493.89  0.000e+00
       0.34     16.534    1493.88  0.000e+00
       0.61     16.558    1493.88  0.000e+00
       0.71     16.558    1493.89  0.000e+00
       0.71     16.558    1493.89  0.000e+00
       0.71     16.591    1493.89  0.000e+00
       0.71     16.616    1493.89  0.000e+00
      30.94     16.558    1493.89  0.000e+00
      86.08     16.591    1493.89  0.000e+00
     100.00     16.682    1493.89  0.000e+00
     100.00     16.558    1493.89  0.000e+00
     100.00     16.616    1493.89  0.000e+00
     100.00     16.657    1493.89  0.000e+00
      83.98     16.682    1493.89  0.000e+00
      23.08     16.682    1493.89  0.000e+00
       0.00     16.657    1493.89  0.000e+00
       0.00     16.739    1493.89  0.000e+00
       0.00     16.682    1493.89  0.000e+00
       0.00     16.739    1493.89  0.000e+00
       0.24     16.714    1493.89  0.000e+00
       0.29     16.797    1493.89  0.000e+00
       0.27     16.797    1493.89  0.000e+00
       0.27     16.772    1493.89  0.000e+00
       0.27     16.797    1493.89  0.000e+00
       0.27     16.862    1493.89  0.000e+00
       0.27     16.862    1493.89  0.000e+00
       0.29     16.838    1493.89  0.000e+00
       0.29     16.862    1493.89  0.000e+00
       0.29     16.920    1493.89  0.000e+00
       0.29     16.895    1493.89  0.000e+00
       0.29     16.920    1493.89  0.000e+00
