test_casts/EN695_016_test.cnv
* Sea-Bird SBE 9 Data File:
* FileName = D:\ctd\raw\EN695_016.hdr
* Software Version Seasave V 7.26.7.121
* Temperature SN = 4333
* Conductivity SN = 2459
* Number of Bytes Per Scan = 40
* Number of Voltage Words = 5
* Number of Scans Averaged by the Deck Unit = 1
* NMEA Latitude = 41 18.74 N
* NMEA Longitude = 070 34.75 W
* NMEA UTC (Time) = Jan 14 2023  20:39:27
* NMEA baud rate = 4800
** Ship: R/V Endeavor
** Cruise: EN695
** Principal Investigator: Heidi Sosik
** Chief Scientist: Heidi Sosik
** Project: NES-LTER Transect 12 Winter
** Cruise Start Date: 11 Jan 2023
** Ports: Senesco Shipyard to Senesco Shipyard, North Kingstown, Rhode Island
** Station:  mvco
** Bottom Depth: 20 m
** Operator:
# nquan = 4
# nvalues = 7194                                  
# units = specified
# name 0 = altM: Altimeter [m]
# name 1 = depSM: Depth [salt water, m]
# name 2 = svCM: Sound Velocity [Chen-Millero, m/s]
# name 3 = flag:  0.000e+00
# span 0 =       5.01,      18.58                 
# span 1 =      2.122,     15.310                 
# span 2 =    1470.53,    1470.78                 
# span 3 = 0.0000e+00, 0.0000e+00                 
# interval = seconds: 0.0416667
# start_time = Jan 14 2023 20:39:30 [System UTC, header]
# bad_flag = -9.990e-29
*END*
[from data line 6756]
      17.26      3.283    1470.55  0.000e+00
      17.29      3.356    1470.56  0.000e+00
      17.29      3.159    1470.55  0.000e+00
      17.29      3.282    1470.55  0.000e+00
      17.29      3.225    1470.55  0.000e+00
      17.29      3.282    1470.56  0.000e+00
      17.31      3.225    1470.55  0.000e+00
      17.34      3.159    1470.55  0.000e+00
      17.36      3.225    1470.55  0.000e+00
      17.34      3.159    1470.55  0.000e+00
      17.34      3.167    1470.55  0.000e+00
      17.34      3.225    1470.55  0.000e+00
      17.41      3.159    1470.55  0.000e+00
      17.51      3.159    1470.55  0.000e+00
      17.51      3.159    1470.55  0.000e+00
      17.51      3.159    1470.55  0.000e+00
      17.51      3.159    1470.55  0.000e+00
      17.48      3.159    1470.55  0.000e+00
      17.51      3.167    1470.55  0.000e+00
      17.46      3.159    1470.55  0.000e+00
      17.44      3.159    1470.55  0.000e+00
      17.46      3.159    1470.55  0.000e+00
      17.46      3.159    1470.55  0.000e+00
      17.46      3.159    1470.55  0.000e+00
      17.48      3.101    1470.55  0.000e+00
      17.53      3.159    1470.55  0.000e+00
      17.56      3.159    1470.55  0.000e+00
      17.56      3.167    1470.55  0.000e+00
      17.56      3.159    1470.55  0.000e+00
      17.56      3.101    1470.55  0.000e+00
      17.53      3.159    1470.55  0.000e+00
      17.51      3.159    1470.55  0.000e+00
      17.53      3.101    1470.55  0.000e+00
      17.53      3.101    1470.55  0.000e+00
      17.53      3.159    1470.55  0.000e+00
      17.51      3.110    1470.55  0.000e+00
      17.56      3.101    1470.55  0.000e+00
      17.63      3.101    1470.55  0.000e+00
      17.66      3.101    1470.55  0.000e+00
      17.66      3.101    1470.55  0.000e+00
      17.63      3.101    1470.55  0.000e+00
      17.63      3.036    1470.55  0.000e+00
      17.63      3.101    1470.55  0.000e+00
      17.63      3.044    1470.55  0.000e+00
      17.61      3.036    1470.55  0.000e+00
      17.63      3.101    1470.55  0.000e+00
      17.61      3.035    1470.55  0.000e+00
      17.61      3.035    1470.55  0.000e+00
      17.61      3.035    1470.55  0.000e+00
      17.63      3.035    1470.55  0.000e+00
      17.66      3.035    1470.55  0.000e+00
      17.66      3.044    1470.55  0.000e+00
      17.63      2.978    1470.55  0.000e+00
      17.63      3.035    1470.55  0.000e+00
      17.63      3.035    1470.55  0.000e+00
      17.61      2.978    1470.55  0.000e+00
      17.58      2.978    1470.55  0.000e+00
      17.61      3.035    1470.55  0.000e+00
      17.58      3.035    1470.55  0.000e+00
      17.58      2.978    1470.55  0.000e+00
      17.58      2.986    1470.55  0.000e+00
      17.61      2.978    1470.55  0.000e+00
      17.61      3.035    1470.55  0.000e+00
      17.68      2.978    1470.55  0.000e+00
      17.70      2.978    1470.55  0.000e+00
      17.73      3.035    1470.55  0.000e+00
      17.70      2.978    1470.55  0.000e+00
      17.68      3.035    1470.55  0.000e+00
      17.70      2.986    1470.55  0.000e+00
      17.73      3.035    1470.55  0.000e+00
      17.73      3.035    1470.55  0.000e+00
      17.73      3.035    1470.55  0.000e+00
      17.73      3.035    1470.55  0.000e+00
      17.73      3.101    1470.55  0.000e+00
      17.73      3.035    1470.55  0.000e+00
      17.73      3.101    1470.55  0.000e+00
      17.75      3.109    1470.55  0.000e+00
      17.85      3.035    1470.55  0.000e+00
      17.85      3.158    1470.55  0.000e+00
      17.85      3.101    1470.55  0.000e+00
      17.88      3.158    1470.55  0.000e+00
      17.85      3.101    1470.55  0.000e+00
      17.88      3.101    1470.55  0.000e+00
      17.97      3.158    1470.55  0.000e+00
      18.00      3.167    1470.55  0.000e+00
      17.97      3.158    1470.55  0.000e+00
      17.97      3.158    1470.55  0.000e+00
      17.97      3.158    1470.55  0.000e+00
      18.00      3.158    1470.55  0.000e+00
      17.92      3.158    1470.55  0.000e+00
      17.88      3.224    1470.55  0.000e+00
      17.90      3.158    1470.55  0.000e+00
      17.90      3.158    1470.55  0.000e+00
      17.90      3.166    1470.55  0.000e+00
      17.92      3.158    1470.55  0.000e+00
      18.02      3.224    1470.55  0.000e+00
      18.07      3.101    1470.55  0.000e+00
      18.10      3.158    1470.55  0.000e+00
      18.07      3.158    1470.55  0.000e+00
      18.07      3.158    1470.55  0.000e+00
      18.07      3.158    1470.55  0.000e+00
      18.10      3.109    1470.55  0.000e+00
      18.07      3.101    1470.55  0.000e+00
      17.92      3.101    1470.55  0.000e+00
      17.88      3.101    1470.55  0.000e+00
      17.85      3.101    1470.55  0.000e+00
      17.85      3.101    1470.55  0.000e+00
      17.85      3.035    1470.55  0.000e+00
      17.85      3.035    1470.55  0.000e+00
      17.83      3.043    1470.55  0.000e+00
      17.85      3.035    1470.55  0.000e+00
      17.83      2.977    1470.55  0.000e+00
      17.83      3.035    1470.55  0.000e+00
      17.83      2.977    1470.55  0.000e+00
      17.83      2.977    1470.55  0.000e+00
      17.80      2.977    1470.55  0.000e+00
      17.73      2.977    1470.55  0.000e+00
      17.73      2.985    1470.55  0.000e+00
      17.73      2.911    1470.55  0.000e+00
      17.73      2.911    1470.55  0.000e+00
      17.70      2.911    1470.55  0.000e+00
      17.78      2.911    1470.55  0.000e+00
      17.83      2.911    1470.55  0.000e+00
      17.85      2.854    1470.55  0.000e+00
      17.83      2.911    1470.55  0.000e+00
      17.83      2.739    1470.54  0.000e+00
      17.83      2.977    1470.55  0.000e+00
      17.83      2.854    1470.55  0.000e+00
      17.80      2.911    1470.55  0.000e+00
      17.80      2.854    1470.55  0.000e+00
      17.83      2.911    1470.55  0.000e+00
      17.80      2.911    1470.55  0.000e+00
      17.80      2.911    1470.55  0.000e+00
      17.83      2.928    1470.55  0.000e+00
      17.83      3.034    1470.55  0.000e+00
      17.80      3.034    1470.55  0.000e+00
      17.83      2.977    1470.55  0.000e+00
      17.80      3.100    1470.55  0.000e+00
      17.83      3.100    1470.55  0.000e+00
      17.88      3.158    1470.55  0.000e+00
      17.88      3.158    1470.55  0.000e+00
      17.90      3.158    1470.55  0.000e+00
      17.88      3.166    1470.55  0.000e+00
      17.88      3.223    1470.55  0.000e+00
      17.92      3.338    1470.55  0.000e+00
      18.02      3.281    1470.55  0.000e+00
      18.07      3.338    1470.56  0.000e+00
      18.05      3.338    1470.56  0.000e+00
      18.05      3.462    1470.56  0.000e+00
      18.05      3.462    1470.56  0.000e+00
      18.00      3.536    1470.56  0.000e+00
      17.95      3.585    1470.56  0.000e+00
      17.95      3.404    1470.56  0.000e+00
      17.92      3.527    1470.56  0.000e+00
      17.92      3.404    1470.56  0.000e+00
      17.92      3.462    1470.56  0.000e+00
      17.90      3.527    1470.56  0.000e+00
      17.85      3.585    1470.56  0.000e+00
      17.83      3.585    1470.56  0.000e+00
      17.83      3.593    1470.56  0.000e+00
      17.83      3.585    1470.56  0.000e+00
      17.83      3.527    1470.56  0.000e+00
      17.83      3.527    1470.56  0.000e+00
      17.78      3.527    1470.56  0.000e+00
      17.75      3.585    1470.56  0.000e+00
      17.78      3.642    1470.56  0.000e+00
      17.75      3.708    1470.56  0.000e+00
      17.75      3.585    1470.56  0.000e+00
      17.83      3.593    1470.56  0.000e+00
      17.95      3.585    1470.56  0.000e+00
      17.97      3.527    1470.56  0.000e+00
      17.97      3.642    1470.56  0.000e+00
      17.97      3.585    1470.56  0.000e+00
      17.95      3.642    1470.56  0.000e+00
      17.90      3.585    1470.56  0.000e+00
      17.75      3.585    1470.56  0.000e+00
      17.73      3.527    1470.56  0.000e+00
      17.73      3.593    1470.56  0.000e+00
      17.73      3.585    1470.56  0.000e+00
      17.73      3.585    1470.56  0.000e+00
      17.73      3.527    1470.56  0.000e+00
      17.68      3.584    1470.56  0.000e+00
      17.66      3.527    1470.56  0.000e+00
      17.66      3.527    1470.56  0.000e+00
      17.66      3.527    1470.56  0.000e+00
      17.66      3.527    1470.56  0.000e+00
      17.61      3.535    1470.56  0.000e+00
      17.56      3.527    1470.56  0.000e+00
      17.53      3.461    1470.56  0.000e+00
      17.53      3.527    1470.56  0.000e+00
      17.53      3.461    1470.56  0.000e+00
      17.53      3.461    1470.56  0.000e+00
      17.53      3.461    1470.56  0.000e+00
      17.51      3.461    1470.56  0.000e+00
      17.53      3.403    1470.56  0.000e+00
      17.53      3.469    1470.56  0.000e+00
      17.51      3.403    1470.56  0.000e+00
      17.51      3.403    1470.56  0.000e+00
      17.48      3.403    1470.56  0.000e+00
      17.41      3.461    1470.56  0.000e+00
      17.41      3.338    1470.56  0.000e+00
      17.41      3.461    1470.56  0.000e+00
      17.41      3.403    1470.56  0.000e+00
      17.39      3.403    1470.56  0.000e+00
      17.36      3.412    1470.56  0.000e+00
      17.31      3.403    1470.56  0.000e+00
      17.31      3.403    1470.56  0.000e+00
      17.31      3.338    1470.56  0.000e+00
      17.29      3.461    1470.56  0.000e+00
      17.29      3.403    1470.56  0.000e+00
      17.31      3.403    1470.56  0.000e+00
      17.34      3.403    1470.56  0.000e+00
      17.36      3.403    1470.56  0.000e+00
      17.34      3.411    1470.56  0.000e+00
      17.34      3.403    1470.56  0.000e+00
      17.34      3.403    1470.56  0.000e+00
      17.31      3.403    1470.56  0.000e+00
      17.29      3.403    1470.56  0.000e+00
      17.31      3.337    1470.56  0.000e+00
      17.29      3.403    1470.56  0.000e+00
      17.31      3.403    1470.56  0.000e+00
      17.29      3.411    1470.56  0.000e+00
      17.31      3.403    1470.56  0.000e+00
      17.31      3.403    1470.56  0.000e+00
      17.31      3.337    1470.56  0.000e+00
      17.31      3.461    1470.56  0.000e+00
      17.31      3.337    1470.55  0.000e+00
      17.31      3.403    1470.56  0.000e+00
      17.31      3.403    1470.56  0.000e+00
      17.31      3.403    1470.56  0.000e+00
      17.31      3.411    1470.56  0.000e+00
      17.31      3.403    1470.56  0.000e+00
      17.31      3.403    1470.56  0.000e+00
      17.31      3.403    1470.56  0.000e+00
      17.29      3.403    1470.56  0.000e+00
      17.26      3.403    1470.56  0.000e+00
      17.24      3.337    1470.56  0.000e+00
      17.24      3.403    1470.56  0.000e+00
      17.26      3.403    1470.56  0.000e+00
      17.26      3.411    1470.56  0.000e+00
      17.31      3.403    1470.56  0.000e+00
      17.39      3.403    1470.56  0.000e+00
      17.41      3.403    1470.56  0.000e+00
      17.41      3.337    1470.56  0.000e+00
      17.41      3.403    1470.56  0.000e+00
      17.41      3.403    1470.56  0.000e+00
      17.48      3.337    1470.56  0.000e+00
      17.63      3.353    1470.56  0.000e+00
      17.66      3.403    1470.56  0.000e+00
      17.66      3.403    1470.56  0.000e+00
      17.66      3.337    1470.56  0.000e+00
      17.66      3.337    1470.56  0.000e+00
      17.58      3.403    1470.56  0.000e+00
      17.51      3.337    1470.56  0.000e+00
      17.46      3.403    1470.56  0.000e+00
      17.46      3.337    1470.56  0.000e+00
      17.48      3.353    1470.56  0.000e+00
      17.46      3.337    1470.56  0.000e+00
      17.46      3.403    1470.56  0.000e+00
      17.31      3.279    1470.56  0.000e+00
      17.29      3.403    1470.56  0.000e+00
      17.26      3.337    1470.56  0.000e+00
      17.26      3.279    1470.55  0.000e+00
      17.26      3.403    1470.56  0.000e+00
      17.24      3.279    1470.56  0.000e+00
      17.19      3.353    1470.56  0.000e+00
      17.19      3.279    1470.56  0.000e+00
      17.19      3.279    1470.56  0.000e+00
      17.19      3.337    1470.56  0.000e+00
      17.19      3.279    1470.56  0.000e+00
      17.19      3.279    1470.56  0.000e+00
      17.14      3.156    1470.55  0.000e+00
      17.14      3.222    1470.55  0.000e+00
      17.17      3.164    1470.55  0.000e+00
      17.14      3.222    1470.55  0.000e+00
      17.14      3.156    1470.55  0.000e+00
      17.17      3.156    1470.55  0.000e+00
      17.19      3.098    1470.55  0.000e+00
      17.19      3.098    1470.55  0.000e+00
      17.19      3.098    1470.55  0.000e+00
      17.19      3.032    1470.55  0.000e+00
      17.19      3.032    1470.55  0.000e+00
      17.19      3.041    1470.55  0.000e+00
      17.17      2.975    1470.55  0.000e+00
      17.17      3.032    1470.55  0.000e+00
      17.17      2.975    1470.55  0.000e+00
      17.17      3.032    1470.55  0.000e+00
      17.14      2.975    1470.55  0.000e+00
      17.17      3.032    1470.55  0.000e+00
      17.24      3.032    1470.55  0.000e+00
      17.31      2.983    1470.55  0.000e+00
      17.31      2.975    1470.55  0.000e+00
      17.29      3.032    1470.55  0.000e+00
      17.29      2.975    1470.55  0.000e+00
      17.31      3.032    1470.55  0.000e+00
      17.34      3.032    1470.55  0.000e+00
      17.34      3.098    1470.56  0.000e+00
      17.34      3.032    1470.56  0.000e+00
      17.34      3.040    1470.56  0.000e+00
      17.34      3.098    1470.56  0.000e+00
      17.34      3.098    1470.56  0.000e+00
      17.31      3.032    1470.56  0.000e+00
      17.26      3.098    1470.57  0.000e+00
      17.26      3.098    1470.57  0.000e+00
      17.26      3.155    1470.57  0.000e+00
      17.26      3.155    1470.57  0.000e+00
      17.29      3.106    1470.57  0.000e+00
      17.44      3.155    1470.57  0.000e+00
      17.48      3.098    1470.57  0.000e+00
      17.48      3.155    1470.57  0.000e+00
      17.48      3.155    1470.57  0.000e+00
      17.48      3.155    1470.57  0.000e+00
      17.46      3.098    1470.57  0.000e+00
      17.44      3.155    1470.56  0.000e+00
      17.46      3.221    1470.57  0.000e+00
      17.44      3.106    1470.56  0.000e+00
      17.44      3.155    1470.56  0.000e+00
      17.44      3.155    1470.56  0.000e+00
      17.41      3.098    1470.56  0.000e+00
      17.36      3.155    1470.56  0.000e+00
      17.36      3.098    1470.56  0.000e+00
      17.36      3.098    1470.56  0.000e+00
      17.36      3.098    1470.56  0.000e+00
      17.36      3.106    1470.56  0.000e+00
      17.36      3.098    1470.55  0.000e+00
      17.41      3.098    1470.55  0.000e+00
      17.39      3.032    1470.55  0.000e+00
      17.39      3.032    1470.55  0.000e+00
      17.39      3.032    1470.55  0.000e+00
      17.36      3.032    1470.55  0.000e+00
      17.39      2.974    1470.55  0.000e+00
      17.44      3.040    1470.55  0.000e+00
      17.41      2.908    1470.55  0.000e+00
      17.41      2.908    1470.55  0.000e+00
      17.44      2.974    1470.55  0.000e+00
      17.44      2.908    1470.55  0.000e+00
      17.44      2.908    1470.55  0.000e+00
      17.44      2.851    1470.55  0.000e+00
      17.46      2.851    1470.55  0.000e+00
      17.46      2.801    1470.55  0.000e+00
      17.46      2.851    1470.55  0.000e+00
      17.46      2.793    1470.55  0.000e+00
      17.46      2.793    1470.55  0.000e+00
      17.51      2.793    1470.55  0.000e+00
      17.51      2.793    1470.55  0.000e+00
      17.51      2.727    1470.55  0.000e+00
      17.51      2.793    1470.55  0.000e+00
      17.51      2.736    1470.54  0.000e+00
      17.51      2.727    1470.55  0.000e+00
      17.58      2.727    1470.55  0.000e+00
      17.58      2.793    1470.55  0.000e+00
      17.56      2.793    1470.55  0.000e+00
      17.58      2.793    1470.55  0.000e+00
      17.56      2.793    1470.55  0.000e+00
      17.58      2.851    1470.55  0.000e+00
