test_casts/EN695_004_test.cnv
* Sea-Bird SBE 9 Data File:
* FileName = D:\ctd\raw\EN695_004.hdr
* Software Version Seasave V 7.26.7.121
* Temperature SN = 4333
* Conductivity SN = 2459
* Number of Bytes Per Scan = 40
* Number of Voltage Words = 5
* Number of Scans Averaged by the Deck Unit = 1
* NMEA Latitude = 39 56.56 N
* NMEA Longitude = 070 52.75 W
* NMEA UTC (Time) = Jan 12 2023  09:17:41
* NMEA baud rate = 4800
** Ship: R/V Endeavor
** Cruise: EN695
** Principal Investigator: Heidi Sosik
** Chief Scientist: Heidi Sosik
** Project: NES-LTER Transect 12 Winter
** Cruise Start Date: 11 Jan 2023
** Ports: Senesco Shipyard to Senesco Shipyard, North Kingstown, Rhode Island
** Station:  L10
** Bottom Depth:  m
** Operator:
# nquan = 4
# nvalues = 66011                                 
# units = specified
# name 0 = altM: Altimeter [m]
# name 1 = depSM: Depth [salt water, m]
# name 2 = svCM: Sound Velocity [Chen-Millero, m/s]
# name 3 = flag:  0.000e+00
# span 0 =       0.00,     100.00                 
# span 1 =      2.447,    425.793                 
# span 2 =    1487.52,    1515.38                 
# span 3 = 0.0000e+00, 0.0000e+00                 
# interval = seconds: 0.0416667
# start_time = Jan 12 2023 09:17:43 [System UTC, header]
# bad_flag = -9.990e-29
*END*
[from data line 56178]
       0.27     70.070    1509.51  0.000e+00
       0.24     70.070    1509.52  0.000e+00
       0.24     70.070    1509.52  0.000e+00
       0.27     70.070    1509.52  0.000e+00
       0.27     70.070    1509.52  0.000e+00
       0.27     70.070    1509.52  0.000e+00
       0.27     70.070    1509.52  0.000e+00
       0.27     70.070    1509.51  0.000e+00
       0.34     70.128    1509.51  0.000e+00
       0.56     70.070    1509.51  0.000e+00
       0.63     70.070    1509.51  0.000e+00
       0.63     70.070    1509.51  0.000e+00
       0.63     70.070    1509.51  0.000e+00
       0.61     70.128    1509.52  0.000e+00
       0.49     70.070    1509.52  0.000e+00
       0.29     70.070    1509.52  0.000e+00
       0.27     70.127    1509.52  0.000e+00
       0.27     70.070    1509.52  0.000e+00
       0.27     70.127    1509.52  0.000e+00
       0.27     70.070    1509.52  0.000e+00
       0.37     70.127    1509.52  0.000e+00
       0.63     70.127    1509.52  0.000e+00
       0.71     70.070    1509.52  0.000e+00
       0.71     70.127    1509.53  0.000e+00
       0.71     70.127    1509.53  0.000e+00
       0.71     70.127    1509.53  0.000e+00
       0.56     70.127    1509.52  0.000e+00
       0.37     70.127    1509.52  0.000e+00
       0.32     70.127    1509.52  0.000e+00
       0.32     70.127    1509.52  0.000e+00
       0.32     70.193    1509.52  0.000e+00
       0.32     70.127    1509.52  0.000e+00
       0.37     70.127    1509.52  0.000e+00
       0.44     70.193    1509.53  0.000e+00
       0.49     70.127    1509.53  0.000e+00
       0.49     70.193    1509.53  0.000e+00
       0.49     70.193    1509.53  0.000e+00
       0.49     70.127    1509.54  0.000e+00
       0.39     70.193    1509.54  0.000e+00
       0.29     70.192    1509.54  0.000e+00
       0.27     70.127    1509.54  0.000e+00
       0.27     70.192    1509.54  0.000e+00
       0.27     70.192    1509.54  0.000e+00
       0.27     70.192    1509.54  0.000e+00
       0.27     70.192    1509.54  0.000e+00
       0.27     70.192    1509.54  0.000e+00
       0.27     70.250    1509.54  0.000e+00
       0.27     70.192    1509.54  0.000e+00
       0.27     70.126    1509.54  0.000e+00
       0.27     70.250    1509.54  0.000e+00
       0.29     70.250    1509.54  0.000e+00
       0.32     70.126    1509.54  0.000e+00
       0.32     70.250    1509.55  0.000e+00
       0.32     70.192    1509.55  0.000e+00
       0.32     70.192    1509.55  0.000e+00
       0.32     70.192    1509.55  0.000e+00
       0.34     70.249    1509.55  0.000e+00
       0.39     70.192    1509.54  0.000e+00
       0.39     70.249    1509.54  0.000e+00
       0.42     70.192    1509.54  0.000e+00
       0.39     70.192    1509.54  0.000e+00
       0.39     70.192    1509.55  0.000e+00
       0.34     70.249    1509.55  0.000e+00
       0.27     70.192    1509.54  0.000e+00
       0.24     70.192    1509.54  0.000e+00
       0.24     70.192    1509.54  0.000e+00
       0.24     70.249    1509.54  0.000e+00
       0.24     70.192    1509.54  0.000e+00
       0.27     70.192    1509.54  0.000e+00
       0.34     70.249    1509.54  0.000e+00
       0.37     70.191    1509.54  0.000e+00
       0.34     70.191    1509.54  0.000e+00
       0.34     70.191    1509.54  0.000e+00
       0.34     70.249    1509.54  0.000e+00
       0.37     70.125    1509.53  0.000e+00
       0.42     70.249    1509.52  0.000e+00
       0.42     70.191    1509.52  0.000e+00
       0.42     70.191    1509.51  0.000e+00
       0.42     70.191    1509.51  0.000e+00
       0.42     70.191    1509.51  0.000e+00
       0.46     70.191    1509.51  0.000e+00
       0.59     70.191    1509.51  0.000e+00
       0.61     70.191    1509.51  0.000e+00
       0.61     70.191    1509.51  0.000e+00
       0.61     70.191    1509.51  0.000e+00
       0.61     70.191    1509.51  0.000e+00
       0.51     70.191    1509.51  0.000e+00
       0.32     70.191    1509.52  0.000e+00
       0.27     70.191    1509.52  0.000e+00
       0.27     70.191    1509.52  0.000e+00
       0.27     70.191    1509.51  0.000e+00
       0.27     70.191    1509.51  0.000e+00
       0.27     70.191    1509.51  0.000e+00
       0.27     70.191    1509.50  0.000e+00
       0.27     70.191    1509.50  0.000e+00
       0.27     70.248    1509.50  0.000e+00
       0.27     70.190    1509.50  0.000e+00
       0.27     70.190    1509.50  0.000e+00
       0.29     70.190    1509.51  0.000e+00
       0.29     70.190    1509.51  0.000e+00
       0.29     70.248    1509.51  0.000e+00
       0.29     70.190    1509.51  0.000e+00
       0.29     70.190    1509.51  0.000e+00
       0.27     70.248    1509.51  0.000e+00
       0.27     70.190    1509.51  0.000e+00
       0.29     70.190    1509.51  0.000e+00
       0.29     70.248    1509.51  0.000e+00
       0.32     70.190    1509.52  0.000e+00
       0.29     70.305    1509.52  0.000e+00
       0.29     70.248    1509.52  0.000e+00
       0.29     70.190    1509.52  0.000e+00
       0.29     70.248    1509.52  0.000e+00
       0.27     70.313    1509.52  0.000e+00
       0.27     70.247    1509.52  0.000e+00
       0.27     70.247    1509.51  0.000e+00
       0.27     70.313    1509.51  0.000e+00
       0.27     70.247    1509.51  0.000e+00
       0.29     70.305    1509.51  0.000e+00
       0.29     70.247    1509.51  0.000e+00
       0.29     70.313    1509.51  0.000e+00
       0.29     70.305    1509.51  0.000e+00
       0.27     70.313    1509.51  0.000e+00
       0.29     70.313    1509.51  0.000e+00
       0.32     70.371    1509.52  0.000e+00
       0.34     70.313    1509.52  0.000e+00
       0.34     70.313    1509.52  0.000e+00
       0.34     70.305    1509.52  0.000e+00
       0.34     70.370    1509.52  0.000e+00
       0.46     70.370    1509.52  0.000e+00
       0.76     70.305    1509.52  0.000e+00
       0.83     70.370    1509.52  0.000e+00
       0.83     70.370    1509.52  0.000e+00
       0.81     70.370    1509.52  0.000e+00
       0.81     70.370    1509.52  0.000e+00
       0.68     70.370    1509.52  0.000e+00
       0.42     70.370    1509.52  0.000e+00
       0.34     70.370    1509.52  0.000e+00
       0.34     70.370    1509.51  0.000e+00
       0.34     70.370    1509.51  0.000e+00
       0.37     70.428    1509.51  0.000e+00
       0.34     70.312    1509.51  0.000e+00
       0.29     70.370    1509.51  0.000e+00
       0.29     70.370    1509.51  0.000e+00
       0.29     70.370    1509.51  0.000e+00
       0.29     70.370    1509.51  0.000e+00
       0.29     70.370    1509.51  0.000e+00
      32.99     70.370    1509.51  0.000e+00
      87.23     70.370    1509.51  0.000e+00
     100.00     70.370    1509.51  0.000e+00
     100.00     70.312    1509.51  0.000e+00
     100.00     70.304    1509.51  0.000e+00
     100.00     70.370    1509.51  0.000e+00
      70.84     70.312    1509.51  0.000e+00
      14.80     70.370    1509.51  0.000e+00
       0.00     70.246    1509.51  0.000e+00
       0.00     70.312    1509.51  0.000e+00
       0.00     70.369    1509.51  0.000e+00
       0.22     70.246    1509.51  0.000e+00
       0.37     70.312    1509.51  0.000e+00
       0.34     70.246    1509.51  0.000e+00
       0.32     70.246    1509.50  0.000e+00
       0.32     70.246    1509.51  0.000e+00
       0.32     70.246    1509.50  0.000e+00
       0.32     70.246    1509.51  0.000e+00
       0.34     70.188    1509.51  0.000e+00
       0.42     70.246    1509.51  0.000e+00
       0.44     70.188    1509.51  0.000e+00
       0.44     70.188    1509.51  0.000e+00
       0.44     70.188    1509.51  0.000e+00
       0.44     70.188    1509.50  0.000e+00
       0.46     70.122    1509.50  0.000e+00
       0.51     70.188    1509.50  0.000e+00
       0.56     70.122    1509.50  0.000e+00
       0.56     70.122    1509.50  0.000e+00
       0.56     70.065    1509.50  0.000e+00
       0.54     70.122    1509.50  0.000e+00
       0.46     70.064    1509.50  0.000e+00
       0.32     70.122    1509.51  0.000e+00
       0.29     70.064    1509.50  0.000e+00
       0.29     70.064    1509.50  0.000e+00
       0.29     70.064    1509.50  0.000e+00
       0.29     70.064    1509.51  0.000e+00
       0.42     69.998    1509.51  0.000e+00
       0.78     69.998    1509.51  0.000e+00
       0.93     70.064    1509.51  0.000e+00
       0.93     69.998    1509.51  0.000e+00
       0.90     69.998    1509.51  0.000e+00
       0.88     69.941    1509.50  0.000e+00
       0.63     69.998    1509.50  0.000e+00
       0.32     69.998    1509.50  0.000e+00
       0.24     69.941    1509.50  0.000e+00
       0.24     69.998    1509.50  0.000e+00
       0.27     69.941    1509.50  0.000e+00
       0.27     69.940    1509.50  0.000e+00
       0.37     69.998    1509.50  0.000e+00
       0.73     69.940    1509.50  0.000e+00
       0.90     69.940    1509.50  0.000e+00
       0.90     69.940    1509.50  0.000e+00
       0.88     69.940    1509.50  0.000e+00
       0.85     69.940    1509.50  0.000e+00
       0.68     69.940    1509.50  0.000e+00
       0.59     69.940    1509.50  0.000e+00
       0.59     69.940    1509.50  0.000e+00
       0.59     69.940    1509.50  0.000e+00
       0.59     69.940    1509.50  0.000e+00
       0.59     69.940    1509.50  0.000e+00
       0.59     69.940    1509.50  0.000e+00
       0.81     69.940    1509.50  0.000e+00
       0.98     69.940    1509.50  0.000e+00
       1.00     69.940    1509.50  0.000e+00
       1.00     69.940    1509.50  0.000e+00
       1.00     69.997    1509.50  0.000e+00
       0.73     69.940    1509.50  0.000e+00
       0.39     69.997    1509.50  0.000e+00
       0.32     69.940    1509.50  0.000e+00
       0.32     69.940    1509.50  0.000e+00
       0.32     69.997    1509.50  0.000e+00
       0.32     69.997    1509.50  0.000e+00
       0.32     69.997    1509.50  0.000e+00
       0.32     69.940    1509.50  0.000e+00
       0.29     70.063    1509.50  0.000e+00
       0.32     69.997    1509.50  0.000e+00
       0.29     69.997    1509.50  0.000e+00
       0.29     69.997    1509.50  0.000e+00
       0.37     70.063    1509.50  0.000e+00
       0.51     70.063    1509.50  0.000e+00
       0.59     70.063    1509.50  0.000e+00
       0.59     70.063    1509.51  0.000e+00
       0.59     70.063    1509.51  0.000e+00
       0.59     70.063    1509.51  0.000e+00
       0.46     70.120    1509.51  0.000e+00
       0.34     70.063    1509.51  0.000e+00
       0.32     70.120    1509.51  0.000e+00
       0.32     70.120    1509.51  0.000e+00
       0.32     70.186    1509.51  0.000e+00
       0.32     70.120    1509.51  0.000e+00
       0.29     70.120    1509.51  0.000e+00
       0.29     70.120    1509.51  0.000e+00
       0.29     70.243    1509.51  0.000e+00
       0.27     70.186    1509.51  0.000e+00
       0.27     70.186    1509.51  0.000e+00
       0.27     70.186    1509.52  0.000e+00
       0.32     70.243    1509.52  0.000e+00
       0.42     70.186    1509.52  0.000e+00
       0.46     70.185    1509.52  0.000e+00
       0.46     70.309    1509.52  0.000e+00
       0.46     70.185    1509.52  0.000e+00
       0.46     70.243    1509.52  0.000e+00
       0.46     70.309    1509.52  0.000e+00
       0.44     70.243    1509.52  0.000e+00
       0.44     70.243    1509.52  0.000e+00
       0.44     70.309    1509.52  0.000e+00
       0.44     70.309    1509.52  0.000e+00
       0.44     70.300    1509.52  0.000e+00
       0.39     70.309    1509.52  0.000e+00
       0.32     70.308    1509.53  0.000e+00
       0.29     70.366    1509.53  0.000e+00
       0.29     70.308    1509.53  0.000e+00
       0.29     70.308    1509.54  0.000e+00
       0.29     70.366    1509.54  0.000e+00
       0.32     70.308    1509.54  0.000e+00
       0.32     70.366    1509.53  0.000e+00
       0.29     70.423    1509.53  0.000e+00
       0.32     70.308    1509.52  0.000e+00
       0.32     70.366    1509.52  0.000e+00
       0.32     70.366    1509.52  0.000e+00
       0.32     70.366    1509.52  0.000e+00
       0.29     70.423    1509.52  0.000e+00
       0.29     70.366    1509.52  0.000e+00
       0.29     70.366    1509.52  0.000e+00
       0.29     70.423    1509.52  0.000e+00
       0.29     70.365    1509.51  0.000e+00
       0.39     70.423    1509.51  0.000e+00
       0.73     70.365    1509.51  0.000e+00
       0.85     70.423    1509.51  0.000e+00
       0.88     70.365    1509.51  0.000e+00
       0.83     70.423    1509.51  0.000e+00
       0.85     70.423    1509.51  0.000e+00
       0.63     70.423    1509.51  0.000e+00
       0.29     70.423    1509.51  0.000e+00
       0.20     70.365    1509.51  0.000e+00
       0.20     70.423    1509.51  0.000e+00
       0.22     70.423    1509.51  0.000e+00
       0.22     70.423    1509.51  0.000e+00
       0.29     70.423    1509.52  0.000e+00
       0.54     70.365    1509.52  0.000e+00
       0.66     70.488    1509.52  0.000e+00
       0.66     70.422    1509.52  0.000e+00
       0.63     70.422    1509.52  0.000e+00
       0.63     70.422    1509.52  0.000e+00
       0.61     70.422    1509.52  0.000e+00
       0.56     70.422    1509.52  0.000e+00
       0.54     70.422    1509.52  0.000e+00
       0.54     70.422    1509.52  0.000e+00
       0.54     70.422    1509.52  0.000e+00
       0.54     70.422    1509.52  0.000e+00
       0.49     70.422    1509.51  0.000e+00
       0.39     70.422    1509.51  0.000e+00
       0.37     70.422    1509.51  0.000e+00
       0.37     70.422    1509.51  0.000e+00
       0.39     70.422    1509.51  0.000e+00
       0.37     70.422    1509.51  0.000e+00
       0.34     70.364    1509.51  0.000e+00
       0.29     70.422    1509.51  0.000e+00
       0.27     70.422    1509.51  0.000e+00
       0.27     70.364    1509.51  0.000e+00
       0.27     70.422    1509.52  0.000e+00
       0.27     70.364    1509.52  0.000e+00
       0.29     70.422    1509.52  0.000e+00
       0.39     70.364    1509.52  0.000e+00
       0.42     70.422    1509.52  0.000e+00
       0.39     70.298    1509.52  0.000e+00
       0.42     70.421    1509.52  0.000e+00
       0.39     70.364    1509.52  0.000e+00
       0.37     70.298    1509.52  0.000e+00
       0.32     70.421    1509.52  0.000e+00
       0.29     70.306    1509.52  0.000e+00
       0.29     70.364    1509.52  0.000e+00
       0.29     70.306    1509.52  0.000e+00
       0.29     70.364    1509.52  0.000e+00
       0.32     70.240    1509.52  0.000e+00
       0.37     70.364    1509.53  0.000e+00
       0.39     70.240    1509.53  0.000e+00
       0.39     70.298    1509.53  0.000e+00
       0.39     70.306    1509.53  0.000e+00
       0.39     70.240    1509.53  0.000e+00
       0.42     70.297    1509.53  0.000e+00
       0.46     70.240    1509.53  0.000e+00
       0.49     70.240    1509.53  0.000e+00
       0.49     70.240    1509.54  0.000e+00
       0.49     70.182    1509.54  0.000e+00
       0.49     70.240    1509.54  0.000e+00
       0.44     70.182    1509.54  0.000e+00
       0.37     70.182    1509.54  0.000e+00
       0.37     70.182    1509.54  0.000e+00
       0.34     70.182    1509.54  0.000e+00
       0.37     70.182    1509.54  0.000e+00
       0.37     70.116    1509.53  0.000e+00
       0.37     70.116    1509.53  0.000e+00
       0.39     70.182    1509.53  0.000e+00
       0.39     70.116    1509.53  0.000e+00
       0.39     70.116    1509.53  0.000e+00
       0.39     70.116    1509.53  0.000e+00
       0.39     70.058    1509.53  0.000e+00
       0.37     70.116    1509.53  0.000e+00
       0.32     70.058    1509.53  0.000e+00
       0.29     70.058    1509.53  0.000e+00
       0.29     70.116    1509.53  0.000e+00
       0.29     69.992    1509.53  0.000e+00
       0.29     70.058    1509.53  0.000e+00
       0.32     70.058    1509.53  0.000e+00
       0.34     69.992    1509.53  0.000e+00
       0.34     70.058    1509.53  0.000e+00
       0.34     69.992    1509.53  0.000e+00
       0.34     69.992    1509.53  0.000e+00
