test_casts/EN695_015_test.cnv
* Sea-Bird SBE 9 Data File:
* FileName = D:\ctd\raw\EN695_015.hdr
* Software Version Seasave V 7.26.7.121
* Temperature SN = 4333
* Conductivity SN = 2459
* Number of Bytes Per Scan = 40
* Number of Voltage Words = 5
* Number of Scans Averaged by the Deck Unit = 1
* NMEA Latitude = 41 11.95 N
* NMEA Longitude = 070 53.14 W
* NMEA UTC (Time) = Jan 14 2023  17:36:36
* NMEA baud rate = 4800
** Ship: R/V Endeavor
** Cruise: EN695
** Principal Investigator: Heidi Sosik
** Chief Scientist: Heidi Sosik
** Project: NES-LTER Transect 12 Winter
** Cruise Start Date: 11 Jan 2023
** Ports: Senesco Shipyard to Senesco Shipyard, North Kingstown, Rhode Island
** Station:  L1
** Bottom Depth: 21 m
** Operator:
# nquan = 4
# nvalues = 13824                                 
# units = specified
# name 0 = altM: Altimeter [m]
# name 1 = depSM: Depth [salt water, m]
# name 2 = svCM: Sound Velocity [Chen-Millero, m/s]
# name 3 = flag:  0.000e+00
# span 0 =       4.96,      19.83                 
# span 1 =      2.442,     16.237                 
# span 2 =    1472.62,    1472.91                 
# span 3 = 0.0000e+00, 0.0000e+00                 
# interval = seconds: 0.0416667
# start_time = Jan 14 2023 17:36:38 [System UTC, header]
# bad_flag = -9.990e-29
*END*
[from data line 4267]
       6.45     15.299    1472.86  0.000e+00
       6.45     15.365    1472.86  0.000e+00
       6.45     15.299    1472.86  0.000e+00
       6.45     15.299    1472.86  0.000e+00
       6.50     15.365    1472.86  0.000e+00
       6.52     15.299    1472.86  0.000e+00
       6.54     15.348    1472.86  0.000e+00
       6.54     15.299    1472.86  0.000e+00
       6.54     15.299    1472.86  0.000e+00
       6.54     15.299    1472.86  0.000e+00
       6.54     15.299    1472.86  0.000e+00
       6.54     15.242    1472.86  0.000e+00
       6.54     15.299    1472.86  0.000e+00
       6.54     15.299    1472.86  0.000e+00
       6.54     15.283    1472.86  0.000e+00
       6.54     15.365    1472.86  0.000e+00
       6.62     15.242    1472.86  0.000e+00
       6.64     15.299    1472.86  0.000e+00
       6.64     15.299    1472.86  0.000e+00
       6.64     15.299    1472.86  0.000e+00
       6.64     15.242    1472.86  0.000e+00
       6.62     15.299    1472.86  0.000e+00
       6.64     15.365    1472.86  0.000e+00
       6.64     15.225    1472.86  0.000e+00
       6.62     15.299    1472.86  0.000e+00
       6.62     15.299    1472.86  0.000e+00
       6.59     15.299    1472.86  0.000e+00
       6.62     15.365    1472.86  0.000e+00
       6.62     15.299    1472.86  0.000e+00
       6.59     15.299    1472.86  0.000e+00
       6.62     15.365    1472.86  0.000e+00
       6.59     15.283    1472.86  0.000e+00
       6.59     15.365    1472.86  0.000e+00
       6.59     15.365    1472.86  0.000e+00
       6.59     15.299    1472.86  0.000e+00
       6.59     15.365    1472.86  0.000e+00
       6.57     15.365    1472.86  0.000e+00
       6.54     15.422    1472.86  0.000e+00
       6.57     15.299    1472.86  0.000e+00
       6.54     15.406    1472.86  0.000e+00
       6.54     15.422    1472.86  0.000e+00
       6.57     15.422    1472.86  0.000e+00
       6.54     15.422    1472.86  0.000e+00
       6.54     15.422    1472.86  0.000e+00
       6.54     15.422    1472.86  0.000e+00
       6.54     15.422    1472.86  0.000e+00
       6.52     15.488    1472.86  0.000e+00
       6.52     15.529    1472.86  0.000e+00
       6.52     15.422    1472.86  0.000e+00
       6.52     15.488    1472.86  0.000e+00
       6.52     15.546    1472.86  0.000e+00
       6.52     15.546    1472.86  0.000e+00
       6.52     15.546    1472.86  0.000e+00
       6.52     15.603    1472.86  0.000e+00
       6.45     15.546    1472.86  0.000e+00
       6.42     15.587    1472.87  0.000e+00
       6.40     15.603    1472.87  0.000e+00
       6.42     15.603    1472.87  0.000e+00
       6.40     15.669    1472.87  0.000e+00
       6.42     15.669    1472.87  0.000e+00
       6.37     15.603    1472.87  0.000e+00
       6.35     15.727    1472.87  0.000e+00
       6.35     15.669    1472.87  0.000e+00
       6.35     15.768    1472.87  0.000e+00
       6.32     15.727    1472.87  0.000e+00
       6.32     15.727    1472.87  0.000e+00
       6.30     15.792    1472.87  0.000e+00
       6.28     15.727    1472.87  0.000e+00
       6.25     15.850    1472.87  0.000e+00
       6.25     15.850    1472.87  0.000e+00
       6.28     15.792    1472.86  0.000e+00
       6.25     15.833    1472.86  0.000e+00
       6.13     15.850    1472.86  0.000e+00
       6.06     15.850    1472.86  0.000e+00
       6.06     15.915    1472.87  0.000e+00
       6.06     15.915    1472.87  0.000e+00
       6.06     15.915    1472.87  0.000e+00
       6.06     15.915    1472.87  0.000e+00
       6.01     15.957    1472.87  0.000e+00
       5.98     15.915    1472.87  0.000e+00
       5.96     15.973    1472.87  0.000e+00
       5.96     15.973    1472.87  0.000e+00
       5.96     16.031    1472.87  0.000e+00
       5.98     15.973    1472.87  0.000e+00
       5.96     15.973    1472.87  0.000e+00
       5.89     16.031    1472.87  0.000e+00
       5.91     16.014    1472.87  0.000e+00
       5.89     16.031    1472.87  0.000e+00
       5.91     16.031    1472.87  0.000e+00
       5.91     16.031    1472.87  0.000e+00
       5.86     16.031    1472.87  0.000e+00
       5.84     16.031    1472.87  0.000e+00
       5.81     16.031    1472.87  0.000e+00
       5.81     16.014    1472.87  0.000e+00
       5.81     16.031    1472.87  0.000e+00
       5.84     16.031    1472.87  0.000e+00
       5.81     16.096    1472.87  0.000e+00
       5.74     15.973    1472.87  0.000e+00
       5.71     16.030    1472.87  0.000e+00
       5.71     16.030    1472.87  0.000e+00
       5.71     15.915    1472.87  0.000e+00
       5.71     16.080    1472.87  0.000e+00
       5.74     16.030    1472.87  0.000e+00
       5.74     15.973    1472.87  0.000e+00
       5.74     15.973    1472.87  0.000e+00
       5.74     15.973    1472.87  0.000e+00
       5.74     15.973    1472.86  0.000e+00
       5.74     15.915    1472.86  0.000e+00
       5.76     15.956    1472.86  0.000e+00
       5.79     15.973    1472.86  0.000e+00
       5.79     15.850    1472.86  0.000e+00
       5.79     15.915    1472.86  0.000e+00
       5.79     15.850    1472.86  0.000e+00
       5.79     15.915    1472.86  0.000e+00
       5.81     15.850    1472.86  0.000e+00
       5.81     15.792    1472.86  0.000e+00
       5.81     15.956    1472.86  0.000e+00
       5.81     15.792    1472.85  0.000e+00
       5.81     15.792    1472.85  0.000e+00
       5.81     15.792    1472.85  0.000e+00
       5.86     15.792    1472.85  0.000e+00
       5.89     15.792    1472.85  0.000e+00
       5.89     15.726    1472.85  0.000e+00
       5.89     15.767    1472.86  0.000e+00
       5.89     15.669    1472.86  0.000e+00
       5.89     15.726    1472.86  0.000e+00
       5.91     15.669    1472.86  0.000e+00
       5.96     15.669    1472.86  0.000e+00
       5.96     15.726    1472.86  0.000e+00
       5.96     15.603    1472.86  0.000e+00
       5.96     15.669    1472.86  0.000e+00
       5.91     15.652    1472.86  0.000e+00
       5.32     15.603    1472.86  0.000e+00
       4.98     15.603    1472.86  0.000e+00
       4.96     15.545    1472.86  0.000e+00
       4.96     15.603    1472.86  0.000e+00
       4.98     15.603    1472.86  0.000e+00
       4.98     15.545    1472.86  0.000e+00
       5.03     15.545    1472.86  0.000e+00
       5.05     15.529    1472.86  0.000e+00
       5.05     15.545    1472.86  0.000e+00
       5.05     15.488    1472.86  0.000e+00
       5.05     15.545    1472.86  0.000e+00
       5.08     15.488    1472.85  0.000e+00
       5.10     15.545    1472.86  0.000e+00
       5.13     15.488    1472.85  0.000e+00
       5.13     15.488    1472.85  0.000e+00
       5.13     15.463    1472.85  0.000e+00
       5.13     15.488    1472.86  0.000e+00
       5.13     15.488    1472.86  0.000e+00
       5.15     15.488    1472.86  0.000e+00
       5.15     15.488    1472.86  0.000e+00
       5.15     15.488    1472.85  0.000e+00
       5.15     15.488    1472.85  0.000e+00
       5.15     15.488    1472.86  0.000e+00
       5.15     15.463    1472.85  0.000e+00
       5.15     15.488    1472.86  0.000e+00
       5.18     15.488    1472.86  0.000e+00
       5.15     15.488    1472.86  0.000e+00
       5.15     15.545    1472.86  0.000e+00
       5.18     15.488    1472.86  0.000e+00
       5.15     15.488    1472.86  0.000e+00
       5.18     15.545    1472.86  0.000e+00
       5.18     15.463    1472.85  0.000e+00
       5.18     15.545    1472.86  0.000e+00
       5.18     15.545    1472.85  0.000e+00
       5.18     15.545    1472.85  0.000e+00
       5.18     15.488    1472.85  0.000e+00
       5.18     15.545    1472.85  0.000e+00
       5.18     15.545    1472.85  0.000e+00
       5.18     15.603    1472.85  0.000e+00
       5.18     15.529    1472.85  0.000e+00
       5.15     15.603    1472.85  0.000e+00
       5.18     15.545    1472.85  0.000e+00
       5.15     15.603    1472.85  0.000e+00
       5.10     15.603    1472.85  0.000e+00
       5.10     15.603    1472.85  0.000e+00
       5.13     15.603    1472.85  0.000e+00
       5.13     15.603    1472.85  0.000e+00
       5.10     15.652    1472.85  0.000e+00
       5.13     15.668    1472.85  0.000e+00
       5.13     15.603    1472.85  0.000e+00
       5.15     15.668    1472.85  0.000e+00
       5.15     15.668    1472.85  0.000e+00
       5.15     15.668    1472.85  0.000e+00
       5.15     15.668    1472.85  0.000e+00
       5.10     15.726    1472.85  0.000e+00
       5.08     15.652    1472.85  0.000e+00
       5.08     15.726    1472.85  0.000e+00
       5.08     15.668    1472.85  0.000e+00
       5.08     15.792    1472.85  0.000e+00
       5.08     15.726    1472.85  0.000e+00
       5.05     15.668    1472.85  0.000e+00
       5.03     15.792    1472.85  0.000e+00
       5.03     15.710    1472.85  0.000e+00
       5.03     15.726    1472.85  0.000e+00
       5.03     15.792    1472.85  0.000e+00
       5.03     15.726    1472.85  0.000e+00
       5.35     15.792    1472.85  0.000e+00
       5.57     15.792    1472.85  0.000e+00
       5.62     15.792    1472.85  0.000e+00
       5.59     15.792    1472.85  0.000e+00
       5.57     15.767    1472.85  0.000e+00
       5.59     15.792    1472.85  0.000e+00
       5.57     15.792    1472.85  0.000e+00
       5.57     15.792    1472.85  0.000e+00
       5.59     15.849    1472.85  0.000e+00
       5.57     15.792    1472.85  0.000e+00
       5.59     15.792    1472.85  0.000e+00
       5.59     15.792    1472.85  0.000e+00
       5.59     15.833    1472.85  0.000e+00
       5.57     15.849    1472.85  0.000e+00
       5.59     15.849    1472.85  0.000e+00
       5.54     15.792    1472.85  0.000e+00
       5.54     15.792    1472.85  0.000e+00
       5.54     15.849    1472.85  0.000e+00
       5.54     15.792    1472.85  0.000e+00
       5.54     15.833    1472.86  0.000e+00
       5.54     15.792    1472.85  0.000e+00
       5.57     15.792    1472.85  0.000e+00
       5.57     15.849    1472.85  0.000e+00
       5.57     15.792    1472.85  0.000e+00
       5.57     15.849    1472.85  0.000e+00
       5.57     15.726    1472.85  0.000e+00
       5.57     15.849    1472.85  0.000e+00
       5.54     15.767    1472.85  0.000e+00
       5.57     15.792    1472.85  0.000e+00
       5.54     15.792    1472.85  0.000e+00
       5.57     15.792    1472.85  0.000e+00
       5.57     15.792    1472.85  0.000e+00
       5.62     15.726    1472.85  0.000e+00
       5.62     15.791    1472.85  0.000e+00
       5.62     15.726    1472.85  0.000e+00
       5.59     15.767    1472.85  0.000e+00
       5.59     15.726    1472.85  0.000e+00
       5.62     15.726    1472.85  0.000e+00
       5.62     15.726    1472.85  0.000e+00
       5.62     15.791    1472.85  0.000e+00
       5.62     15.726    1472.85  0.000e+00
       5.64     15.668    1472.85  0.000e+00
       5.67     15.726    1472.85  0.000e+00
       5.64     15.709    1472.85  0.000e+00
       5.64     15.726    1472.85  0.000e+00
       5.64     15.668    1472.85  0.000e+00
       5.71     15.726    1472.85  0.000e+00
       5.76     15.668    1472.85  0.000e+00
       5.76     15.668    1472.85  0.000e+00
       5.74     15.726    1472.85  0.000e+00
       5.76     15.652    1472.85  0.000e+00
       5.76     15.668    1472.85  0.000e+00
       5.71     15.668    1472.85  0.000e+00
       5.67     15.668    1472.85  0.000e+00
       5.64     15.602    1472.85  0.000e+00
       5.67     15.668    1472.85  0.000e+00
       5.64     15.602    1472.85  0.000e+00
       5.67     15.668    1472.85  0.000e+00
       5.71     15.652    1472.85  0.000e+00
       5.76     15.602    1472.85  0.000e+00
       5.76     15.602    1472.85  0.000e+00
       5.76     15.602    1472.85  0.000e+00
       5.76     15.602    1472.85  0.000e+00
       5.74     15.602    1472.85  0.000e+00
       5.76     15.602    1472.85  0.000e+00
       5.76     15.545    1472.85  0.000e+00
       5.74     15.586    1472.85  0.000e+00
       5.74     15.602    1472.85  0.000e+00
       5.74     15.602    1472.85  0.000e+00
       5.71     15.545    1472.85  0.000e+00
       5.71     15.602    1472.85  0.000e+00
       5.74     15.545    1472.85  0.000e+00
       5.79     15.545    1472.85  0.000e+00
       5.81     15.545    1472.85  0.000e+00
       5.79     15.586    1472.85  0.000e+00
       5.79     15.545    1472.85  0.000e+00
       5.79     15.545    1472.85  0.000e+00
       5.84     15.602    1472.85  0.000e+00
       5.86     15.545    1472.85  0.000e+00
       5.86     15.545    1472.85  0.000e+00
       5.84     15.545    1472.85  0.000e+00
       5.84     15.545    1472.85  0.000e+00
       5.86     15.528    1472.85  0.000e+00
       5.86     15.545    1472.85  0.000e+00
       5.89     15.545    1472.85  0.000e+00
       5.89     15.545    1472.85  0.000e+00
       5.89     15.602    1472.85  0.000e+00
       5.89     15.487    1472.85  0.000e+00
       5.89     15.602    1472.85  0.000e+00
       5.89     15.545    1472.85  0.000e+00
       5.89     15.528    1472.85  0.000e+00
       5.89     15.545    1472.85  0.000e+00
       5.89     15.544    1472.85  0.000e+00
       5.89     15.602    1472.86  0.000e+00
       5.89     15.544    1472.86  0.000e+00
       5.89     15.544    1472.86  0.000e+00
       5.91     15.602    1472.86  0.000e+00
       5.89     15.544    1472.86  0.000e+00
       5.91     15.586    1472.86  0.000e+00
       5.91     15.602    1472.85  0.000e+00
       5.89     15.602    1472.86  0.000e+00
       5.91     15.544    1472.86  0.000e+00
       5.91     15.668    1472.86  0.000e+00
       5.91     15.544    1472.85  0.000e+00
       5.91     15.668    1472.85  0.000e+00
       5.91     15.602    1472.85  0.000e+00
       5.91     15.651    1472.85  0.000e+00
       5.91     15.602    1472.85  0.000e+00
       5.89     15.668    1472.85  0.000e+00
       5.89     15.668    1472.85  0.000e+00
       5.91     15.668    1472.85  0.000e+00
       5.89     15.602    1472.85  0.000e+00
       5.89     15.725    1472.85  0.000e+00
       5.86     15.668    1472.85  0.000e+00
       5.81     15.709    1472.85  0.000e+00
       5.79     15.725    1472.85  0.000e+00
       5.79     15.668    1472.85  0.000e+00
       5.79     15.725    1472.85  0.000e+00
       5.81     15.725    1472.85  0.000e+00
       5.79     15.725    1472.85  0.000e+00
       5.74     15.725    1472.85  0.000e+00
       5.74     15.766    1472.85  0.000e+00
       5.74     15.725    1472.85  0.000e+00
       5.74     15.791    1472.85  0.000e+00
       5.74     15.725    1472.85  0.000e+00
       5.76     15.791    1472.85  0.000e+00
       5.81     15.791    1472.85  0.000e+00
       5.81     15.791    1472.85  0.000e+00
       5.81     15.791    1472.85  0.000e+00
       5.81     15.766    1472.85  0.000e+00
       5.81     15.791    1472.85  0.000e+00
       5.79     15.791    1472.85  0.000e+00
       5.79     15.791    1472.85  0.000e+00
       5.79     15.848    1472.85  0.000e+00
       5.79     15.791    1472.85  0.000e+00
       5.79     15.848    1472.85  0.000e+00
       5.79     15.791    1472.85  0.000e+00
       5.76     15.766    1472.85  0.000e+00
       5.74     15.848    1472.85  0.000e+00
       5.74     15.848    1472.85  0.000e+00
       5.74     15.791    1472.85  0.000e+00
       5.74     15.791    1472.85  0.000e+00
       5.74     15.848    1472.85  0.000e+00
       5.79     15.848    1472.85  0.000e+00
       5.81     15.766    1472.85  0.000e+00
       5.81     15.848    1472.85  0.000e+00
       5.81     15.848    1472.85  0.000e+00
       5.81     15.791    1472.85  0.000e+00
       5.81     15.848    1472.85  0.000e+00
       5.81     15.791    1472.85  0.000e+00
       5.81     15.791    1472.85  0.000e+00
       5.84     15.848    1472.86  0.000e+00
       5.84     15.766    1472.86  0.000e+00
       5.84     15.848    1472.86  0.000e+00
       5.81     15.791    1472.86  0.000e+00
       5.84     15.791    1472.86  0.000e+00
       5.86     15.791    1472.86  0.000e+00
