test_casts/EN695_004_test.cnv
* Sea-Bird SBE 9 Data File:
* FileName = D:\ctd\raw\EN695_004.hdr
* Software Version Seasave V 7.26.7.121
* Temperature SN = 4333
* Conductivity SN = 2459
* Number of Bytes Per Scan = 40
* Number of Voltage Words = 5
* Number of Scans Averaged by the Deck Unit = 1
* NMEA Latitude = 39 56.56 N
* NMEA Longitude = 070 52.75 W
* NMEA UTC (Time) = Jan 12 2023  09:17:41
* NMEA baud rate = 4800
** Ship: R/V Endeavor
** Cruise: EN695
** Principal Investigator: Heidi Sosik
** Chief Scientist: Heidi Sosik
** Project: NES-LTER Transect 12 Winter
** Cruise Start Date: 11 Jan 2023
** Ports: Senesco Shipyard to Senesco Shipyard, North Kingstown, Rhode Island
** Station:  L10
** Bottom Depth:  m
** Operator:
# nquan = 4
# nvalues = 66011                                 
# units = specified
# name 0 = altM: Altimeter [m]
# name 1 = depSM: Depth [salt water, m]
# name 2 = svCM: Sound Velocity [Chen-Millero, m/s]
# name 3 = flag:  0.000e+00
# span 0 =       0.00,     100.00                 
# span 1 =      2.447,    425.793                 
# span 2 =    1487.52,    1515.38                 
# span 3 = 0.0000e+00, 0.0000e+00                 
# interval = seconds: 0.0416667
# start_time = Jan 12 2023 09:17:43 [System UTC, header]
# bad_flag = -9.990e-29
*END*
[from data line 55112]
     100.00     70.236    1509.48  0.000e+00
     100.00     70.236    1509.48  0.000e+00
     100.00     70.170    1509.48  0.000e+00
      75.60     70.170    1509.48  0.000e+00
      17.26     70.170    1509.48  0.000e+00
       0.00     70.170    1509.48  0.000e+00
       0.00     70.170    1509.48  0.000e+00
       0.00     70.170    1509.49  0.000e+00
       0.07     70.170    1509.49  0.000e+00
       0.27     70.113    1509.49  0.000e+00
       6.67     70.170    1509.48  0.000e+00
      68.11     70.170    1509.48  0.000e+00
      99.83     70.112    1509.47  0.000e+00
     100.00     70.112    1509.47  0.000e+00
     100.00     70.112    1509.46  0.000e+00
     100.00     70.112    1509.46  0.000e+00
      47.18     70.170    1509.46  0.000e+00
       4.57     70.112    1509.45  0.000e+00
       0.00     70.112    1509.45  0.000e+00
       0.00     70.112    1509.45  0.000e+00
       0.00     70.112    1509.45  0.000e+00
       0.22     70.112    1509.45  0.000e+00
       0.37     70.112    1509.45  0.000e+00
       0.44     70.112    1509.45  0.000e+00
       0.44     70.112    1509.45  0.000e+00
       0.44     70.112    1509.45  0.000e+00
       0.44     70.170    1509.45  0.000e+00
       0.44     70.112    1509.45  0.000e+00
       0.44     70.112    1509.45  0.000e+00
       0.46     70.112    1509.45  0.000e+00
       0.46     70.169    1509.45  0.000e+00
       0.46     70.112    1509.45  0.000e+00
       0.46     70.169    1509.45  0.000e+00
       0.46     70.112    1509.46  0.000e+00
       0.63     70.169    1509.46  0.000e+00
       0.81     70.169    1509.46  0.000e+00
       0.85     70.169    1509.46  0.000e+00
       0.83     70.169    1509.46  0.000e+00
       0.83     70.169    1509.46  0.000e+00
       0.83     70.112    1509.46  0.000e+00
       0.59     70.293    1509.46  0.000e+00
       0.39     70.169    1509.46  0.000e+00
       0.34     70.169    1509.46  0.000e+00
       0.37     70.235    1509.46  0.000e+00
       0.37     70.235    1509.46  0.000e+00
       0.37     70.235    1509.46  0.000e+00
       0.42     70.235    1509.46  0.000e+00
       0.49     70.292    1509.46  0.000e+00
       0.51     70.235    1509.46  0.000e+00
       0.51     70.292    1509.46  0.000e+00
       0.49     70.292    1509.46  0.000e+00
       0.49     70.235    1509.46  0.000e+00
       0.51     70.292    1509.46  0.000e+00
       0.51     70.292    1509.46  0.000e+00
       0.51     70.358    1509.46  0.000e+00
       0.51     70.292    1509.47  0.000e+00
       0.51     70.358    1509.47  0.000e+00
      22.20     70.292    1509.47  0.000e+00
      81.25     70.350    1509.47  0.000e+00
     100.00     70.358    1509.48  0.000e+00
     100.00     70.292    1509.47  0.000e+00
     100.00     70.415    1509.48  0.000e+00
     100.00     70.292    1509.48  0.000e+00
      99.88     70.415    1509.48  0.000e+00
      93.87     70.349    1509.48  0.000e+00
      32.63     70.358    1509.48  0.000e+00
       0.68     70.415    1509.48  0.000e+00
       0.00     70.349    1509.48  0.000e+00
       0.00     70.357    1509.48  0.000e+00
       0.07     70.415    1509.48  0.000e+00
       0.32     70.349    1509.47  0.000e+00
       0.37     70.415    1509.47  0.000e+00
       0.37     70.357    1509.47  0.000e+00
       0.34     70.415    1509.47  0.000e+00
       0.34     70.357    1509.46  0.000e+00
       0.34     70.415    1509.46  0.000e+00
      50.65     70.291    1509.46  0.000e+00
      94.55     70.415    1509.47  0.000e+00
     100.00     70.357    1509.47  0.000e+00
     100.00     70.349    1509.47  0.000e+00
     100.00     70.415    1509.47  0.000e+00
      99.95     70.357    1509.47  0.000e+00
      55.53     70.357    1509.46  0.000e+00
       7.57     70.291    1509.46  0.000e+00
       0.00     70.357    1509.46  0.000e+00
       0.00     70.357    1509.46  0.000e+00
       0.00     70.291    1509.46  0.000e+00
       0.15     70.414    1509.46  0.000e+00
       0.29     70.291    1509.46  0.000e+00
       0.37     70.291    1509.46  0.000e+00
       0.37     70.357    1509.46  0.000e+00
       0.37     70.291    1509.46  0.000e+00
       0.37     70.233    1509.46  0.000e+00
       0.34     70.357    1509.46  0.000e+00
       0.32     70.233    1509.46  0.000e+00
       0.27     70.291    1509.46  0.000e+00
       0.27     70.291    1509.46  0.000e+00
       0.27     70.233    1509.46  0.000e+00
       0.27     70.233    1509.46  0.000e+00
       0.27     70.233    1509.46  0.000e+00
       0.27     70.290    1509.47  0.000e+00
       0.29     70.233    1509.47  0.000e+00
       0.29     70.167    1509.46  0.000e+00
       0.29     70.233    1509.46  0.000e+00
       0.29     70.233    1509.46  0.000e+00
       0.29     70.167    1509.46  0.000e+00
       0.34     70.167    1509.46  0.000e+00
       0.44     70.233    1509.46  0.000e+00
       0.46     70.167    1509.46  0.000e+00
       0.46     70.167    1509.46  0.000e+00
       0.46     70.167    1509.46  0.000e+00
       0.44     70.167    1509.46  0.000e+00
       0.44     70.109    1509.46  0.000e+00
       0.42     70.167    1509.46  0.000e+00
       0.42     70.167    1509.46  0.000e+00
       0.42     70.109    1509.45  0.000e+00
       0.42     70.167    1509.46  0.000e+00
       0.42     70.109    1509.46  0.000e+00
       0.42     70.166    1509.46  0.000e+00
       0.34     70.109    1509.46  0.000e+00
       0.32     70.166    1509.46  0.000e+00
       0.32     70.109    1509.46  0.000e+00
       0.32     70.109    1509.46  0.000e+00
       0.32     70.109    1509.46  0.000e+00
       0.29     70.166    1509.46  0.000e+00
       0.29     70.109    1509.46  0.000e+00
       0.27     70.109    1509.46  0.000e+00
       0.29     70.109    1509.46  0.000e+00
       0.29     70.166    1509.46  0.000e+00
       0.27     70.108    1509.46  0.000e+00
       0.39     70.108    1509.46  0.000e+00
       0.56     70.108    1509.46  0.000e+00
       0.61     70.166    1509.46  0.000e+00
       0.61     70.166    1509.46  0.000e+00
       0.61     70.108    1509.46  0.000e+00
       0.61     70.166    1509.46  0.000e+00
       0.46     70.108    1509.46  0.000e+00
       0.32     70.166    1509.46  0.000e+00
       0.29     70.108    1509.46  0.000e+00
       0.29     70.231    1509.46  0.000e+00
       0.32     70.108    1509.46  0.000e+00
       0.29     70.166    1509.46  0.000e+00
       0.39     70.108    1509.46  0.000e+00
       0.49     70.165    1509.47  0.000e+00
       0.51     70.231    1509.47  0.000e+00
       0.51     70.108    1509.47  0.000e+00
       0.51     70.231    1509.47  0.000e+00
       0.51     70.165    1509.47  0.000e+00
       0.46     70.165    1509.47  0.000e+00
       0.42     70.165    1509.47  0.000e+00
       0.39     70.165    1509.47  0.000e+00
       0.39     70.165    1509.48  0.000e+00
       0.42     70.231    1509.48  0.000e+00
       0.42     70.231    1509.48  0.000e+00
       0.46     70.165    1509.47  0.000e+00
       0.46     70.231    1509.47  0.000e+00
       0.46     70.165    1509.47  0.000e+00
       0.46     70.231    1509.47  0.000e+00
       0.46     70.165    1509.47  0.000e+00
       0.46     70.231    1509.47  0.000e+00
       0.46     70.165    1509.47  0.000e+00
       0.34     70.231    1509.47  0.000e+00
       0.32     70.230    1509.47  0.000e+00
       0.29     70.165    1509.47  0.000e+00
       0.29     70.230    1509.47  0.000e+00
       0.32     70.230    1509.47  0.000e+00
       0.39     70.164    1509.46  0.000e+00
       0.46     70.230    1509.46  0.000e+00
       0.49     70.164    1509.46  0.000e+00
       0.49     70.230    1509.46  0.000e+00
       0.49     70.164    1509.46  0.000e+00
       0.49     70.230    1509.46  0.000e+00
       0.39     70.164    1509.46  0.000e+00
       0.32     70.164    1509.46  0.000e+00
       0.32     70.230    1509.46  0.000e+00
       0.32     70.164    1509.46  0.000e+00
       0.32     70.164    1509.46  0.000e+00
       0.32     70.164    1509.46  0.000e+00
       0.39     70.164    1509.46  0.000e+00
       0.49     70.164    1509.46  0.000e+00
       0.51     70.164    1509.46  0.000e+00
       0.51     70.164    1509.46  0.000e+00
       0.49     70.164    1509.47  0.000e+00
       0.51     70.164    1509.47  0.000e+00
       0.54     70.106    1509.47  0.000e+00
       0.59     70.164    1509.47  0.000e+00
       0.59     70.164    1509.47  0.000e+00
       0.59     70.106    1509.47  0.000e+00
       0.59     70.164    1509.47  0.000e+00
       0.59     70.106    1509.47  0.000e+00
       0.44     70.163    1509.47  0.000e+00
       0.37     70.106    1509.47  0.000e+00
       0.34     70.106    1509.47  0.000e+00
       0.34     70.106    1509.47  0.000e+00
       0.34     70.106    1509.46  0.000e+00
       0.34     70.106    1509.47  0.000e+00
      45.52     70.163    1509.47  0.000e+00
      92.65     70.106    1509.47  0.000e+00
     100.00     70.040    1509.47  0.000e+00
     100.00     70.105    1509.47  0.000e+00
     100.00     70.105    1509.47  0.000e+00
     100.00     70.105    1509.47  0.000e+00
      52.58     70.040    1509.47  0.000e+00
       6.59     70.105    1509.47  0.000e+00
       0.00     70.105    1509.47  0.000e+00
       0.00     70.105    1509.47  0.000e+00
       0.00     69.982    1509.47  0.000e+00
       0.29     70.163    1509.47  0.000e+00
      50.45     70.105    1509.47  0.000e+00
      94.48     70.039    1509.47  0.000e+00
     100.00     70.105    1509.47  0.000e+00
     100.00     70.039    1509.47  0.000e+00
     100.00     70.105    1509.47  0.000e+00
      99.95     70.105    1509.47  0.000e+00
      99.88     70.039    1509.47  0.000e+00
      99.95     70.162    1509.47  0.000e+00
      99.98     70.039    1509.47  0.000e+00
      99.98     70.039    1509.47  0.000e+00
      99.95     70.162    1509.47  0.000e+00
      99.93     70.039    1509.47  0.000e+00
      51.18     70.105    1509.47  0.000e+00
       6.45     70.162    1509.47  0.000e+00
       0.00     70.104    1509.47  0.000e+00
       0.00     70.039    1509.47  0.000e+00
       0.27     70.162    1509.47  0.000e+00
       0.76     70.104    1509.47  0.000e+00
       0.56     70.104    1509.47  0.000e+00
       0.29     70.162    1509.47  0.000e+00
       0.24     70.104    1509.47  0.000e+00
       0.24     70.162    1509.47  0.000e+00
       0.24     70.162    1509.47  0.000e+00
       0.24     70.162    1509.47  0.000e+00
       0.54     70.162    1509.47  0.000e+00
       1.03     70.162    1509.47  0.000e+00
       1.17     70.038    1509.46  0.000e+00
       1.12     70.285    1509.47  0.000e+00
       1.10     70.227    1509.47  0.000e+00
       1.12     70.161    1509.47  0.000e+00
       0.73     70.227    1509.46  0.000e+00
       0.39     70.227    1509.46  0.000e+00
       0.32     70.227    1509.46  0.000e+00
       0.32     70.227    1509.46  0.000e+00
       0.34     70.227    1509.46  0.000e+00
       0.34     70.285    1509.46  0.000e+00
       0.32     70.227    1509.46  0.000e+00
       0.29     70.285    1509.47  0.000e+00
       0.29     70.285    1509.47  0.000e+00
       0.29     70.284    1509.47  0.000e+00
       0.29     70.284    1509.47  0.000e+00
       0.29     70.284    1509.47  0.000e+00
       0.32     70.284    1509.47  0.000e+00
       0.39     70.350    1509.47  0.000e+00
       0.42     70.284    1509.47  0.000e+00
       0.39     70.342    1509.48  0.000e+00
       0.39     70.350    1509.48  0.000e+00
       0.39     70.350    1509.48  0.000e+00
      50.74     70.342    1509.48  0.000e+00
      94.55     70.350    1509.48  0.000e+00
     100.00     70.407    1509.48  0.000e+00
     100.00     70.342    1509.48  0.000e+00
     100.00     70.407    1509.48  0.000e+00
      99.95     70.350    1509.47  0.000e+00
      58.10     70.465    1509.48  0.000e+00
       8.60     70.350    1509.48  0.000e+00
       0.00     70.407    1509.47  0.000e+00
       0.00     70.465    1509.48  0.000e+00
       0.00     70.407    1509.47  0.000e+00
       0.12     70.407    1509.47  0.000e+00
       0.27     70.407    1509.47  0.000e+00
       0.32     70.407    1509.47  0.000e+00
       0.32     70.465    1509.47  0.000e+00
       0.32     70.465    1509.47  0.000e+00
       0.32     70.407    1509.47  0.000e+00
       0.32     70.464    1509.47  0.000e+00
      47.18     70.464    1509.47  0.000e+00
      93.28     70.407    1509.47  0.000e+00
     100.00     70.464    1509.47  0.000e+00
     100.00     70.464    1509.47  0.000e+00
     100.00     70.464    1509.46  0.000e+00
      99.98     70.464    1509.46  0.000e+00
      54.24     70.464    1509.46  0.000e+00
       7.11     70.464    1509.47  0.000e+00
       0.00     70.407    1509.47  0.000e+00
       0.00     70.530    1509.47  0.000e+00
       0.00     70.464    1509.47  0.000e+00
       0.20     70.406    1509.47  0.000e+00
       0.34     70.530    1509.47  0.000e+00
       0.37     70.406    1509.47  0.000e+00
       0.37     70.530    1509.47  0.000e+00
       0.37     70.464    1509.47  0.000e+00
       0.37     70.406    1509.47  0.000e+00
       0.37     70.464    1509.47  0.000e+00
       0.32     70.464    1509.47  0.000e+00
       0.29     70.464    1509.47  0.000e+00
       0.27     70.464    1509.47  0.000e+00
       0.27     70.464    1509.47  0.000e+00
       0.27     70.406    1509.47  0.000e+00
       0.27     70.406    1509.47  0.000e+00
       0.27     70.463    1509.47  0.000e+00
       0.27     70.406    1509.47  0.000e+00
       0.27     70.463    1509.47  0.000e+00
       0.27     70.463    1509.47  0.000e+00
       0.27     70.340    1509.47  0.000e+00
       0.27     70.463    1509.47  0.000e+00
       0.29     70.406    1509.47  0.000e+00
       0.32     70.340    1509.47  0.000e+00
       0.32     70.463    1509.47  0.000e+00
       0.32     70.348    1509.46  0.000e+00
       0.32     70.406    1509.46  0.000e+00
       0.32     70.405    1509.47  0.000e+00
       0.34     70.348    1509.47  0.000e+00
       0.34     70.340    1509.47  0.000e+00
       0.34     70.348    1509.47  0.000e+00
       0.34     70.348    1509.47  0.000e+00
       0.34     70.339    1509.47  0.000e+00
       0.34     70.348    1509.47  0.000e+00
       0.34     70.282    1509.47  0.000e+00
       0.34     70.282    1509.47  0.000e+00
       0.34     70.348    1509.47  0.000e+00
       0.34     70.282    1509.47  0.000e+00
       0.34     70.224    1509.47  0.000e+00
       0.34     70.282    1509.47  0.000e+00
       0.34     70.282    1509.46  0.000e+00
       0.34     70.282    1509.46  0.000e+00
      28.57     70.224    1509.46  0.000e+00
      56.43     70.224    1509.46  0.000e+00
      62.59     70.224    1509.46  0.000e+00
      61.56     70.224    1509.46  0.000e+00
      60.51     70.224    1509.46  0.000e+00
      60.27     70.158    1509.46  0.000e+00
      60.29     70.224    1509.46  0.000e+00
      81.07     70.158    1509.46  0.000e+00
      98.07     70.224    1509.46  0.000e+00
     100.00     70.158    1509.46  0.000e+00
     100.00     70.158    1509.46  0.000e+00
     100.00     70.158    1509.46  0.000e+00
      66.03     70.100    1509.46  0.000e+00
      12.50     70.158    1509.46  0.000e+00
       0.00     70.100    1509.46  0.000e+00
       0.00     70.158    1509.46  0.000e+00
       0.00     70.100    1509.46  0.000e+00
       0.42     70.158    1509.46  0.000e+00
       0.51     70.100    1509.46  0.000e+00
       0.34     70.100    1509.46  0.000e+00
       0.29     70.100    1509.46  0.000e+00
       0.29     70.100    1509.46  0.000e+00
       0.29     70.100    1509.46  0.000e+00
       0.29     70.100    1509.46  0.000e+00
       0.34     70.100    1509.46  0.000e+00
       0.49     70.100    1509.46  0.000e+00
       0.54     70.100    1509.46  0.000e+00
       0.54     70.034    1509.46  0.000e+00
       0.54     70.034    1509.46  0.000e+00
       0.54     70.100    1509.46  0.000e+00
