test_casts/EN695_004_test.cnv
* Sea-Bird SBE 9 Data File:
* FileName = D:\ctd\raw\EN695_004.hdr
* Software Version Seasave V 7.26.7.121
* Temperature SN = 4333
* Conductivity SN = 2459
* Number of Bytes Per Scan = 40
* Number of Voltage Words = 5
* Number of Scans Averaged by the Deck Unit = 1
* NMEA Latitude = 39 56.56 N
* NMEA Longitude = 070 52.75 W
* NMEA UTC (Time) = Jan 12 2023  09:17:41
* NMEA baud rate = 4800
** Ship: R/V Endeavor
** Cruise: EN695
** Principal Investigator: Heidi Sosik
** Chief Scientist: Heidi Sosik
** Project: NES-LTER Transect 12 Winter
** Cruise Start Date: 11 Jan 2023
** Ports: Senesco Shipyard to Senesco Shipyard, North Kingstown, Rhode Island
** Station:  L10
** Bottom Depth:  m
** Operator:
# nquan = 4
# nvalues = 66011                                 
# units = specified
# name 0 = altM: Altimeter [m]
# name 1 = depSM: Depth [salt water, m]
# name 2 = svCM: Sound Velocity [Chen-Millero, m/s]
# name 3 = flag:  0.000e+00
# span 0 =       0.00,     100.00                 
# span 1 =      2.447,    425.793                 
# span 2 =    1487.52,    1515.38                 
# span 3 = 0.0000e+00, 0.0000e+00                 
# interval = seconds: 0.0416667
# start_time = Jan 12 2023 09:17:43 [System UTC, header]
# bad_flag = -9.990e-29
*END*
[from data line 22401]
      64.91    369.250    1490.80  0.000e+00
      64.91    369.192    1490.80  0.000e+00
      64.86    369.126    1490.80  0.000e+00
      64.88    369.093    1490.80  0.000e+00
      65.13    369.069    1490.80  0.000e+00
      65.25    368.945    1490.80  0.000e+00
      65.25    369.002    1490.80  0.000e+00
      65.27    368.945    1490.80  0.000e+00
      65.23    368.912    1490.80  0.000e+00
      65.25    368.879    1490.80  0.000e+00
      65.59    368.821    1490.80  0.000e+00
      65.76    368.755    1490.80  0.000e+00
      65.79    368.697    1490.80  0.000e+00
      65.79    368.788    1490.80  0.000e+00
      65.74    368.631    1490.80  0.000e+00
      65.74    368.631    1490.79  0.000e+00
      65.71    368.631    1490.80  0.000e+00
      65.69    368.540    1490.80  0.000e+00
      65.69    368.515    1490.80  0.000e+00
      65.69    368.449    1490.80  0.000e+00
      65.67    368.449    1490.80  0.000e+00
      65.64    368.391    1490.80  0.000e+00
      65.42    368.268    1490.80  0.000e+00
      65.30    368.416    1490.80  0.000e+00
      65.30    368.325    1490.80  0.000e+00
      65.30    368.201    1490.80  0.000e+00
      65.30    368.201    1490.80  0.000e+00
      65.32    368.201    1490.80  0.000e+00
      65.79    368.111    1490.80  0.000e+00
      66.03    368.078    1490.80  0.000e+00
      66.08    368.020    1490.79  0.000e+00
      66.06    368.078    1490.79  0.000e+00
      66.03    367.954    1490.79  0.000e+00
      66.06    367.929    1490.79  0.000e+00
      66.13    367.896    1490.79  0.000e+00
      66.18    367.838    1490.79  0.000e+00
      66.20    367.838    1490.79  0.000e+00
      66.20    367.772    1490.79  0.000e+00
      66.15    367.739    1490.79  0.000e+00
      66.15    367.714    1490.79  0.000e+00
      66.01    367.648    1490.79  0.000e+00
      65.93    367.648    1490.79  0.000e+00
      65.91    367.590    1490.80  0.000e+00
      65.93    367.524    1490.79  0.000e+00
      65.89    367.499    1490.79  0.000e+00
      65.96    367.466    1490.80  0.000e+00
      66.52    367.400    1490.80  0.000e+00
      66.84    367.400    1490.80  0.000e+00
      66.89    367.343    1490.80  0.000e+00
      66.86    367.310    1490.80  0.000e+00
      66.84    367.219    1490.80  0.000e+00
      66.84    367.219    1490.80  0.000e+00
      66.76    367.219    1490.80  0.000e+00
      66.72    367.161    1490.80  0.000e+00
      66.72    367.037    1490.80  0.000e+00
      66.72    367.070    1490.80  0.000e+00
      66.69    366.971    1490.80  0.000e+00
      66.72    366.971    1490.80  0.000e+00
      67.16    366.913    1490.80  0.000e+00
      67.37    366.847    1490.80  0.000e+00
      67.40    366.847    1490.80  0.000e+00
      67.37    366.822    1490.80  0.000e+00
      67.35    366.723    1490.80  0.000e+00
      67.35    366.665    1490.80  0.000e+00
      67.42    366.665    1490.80  0.000e+00
      67.45    366.608    1490.80  0.000e+00
      67.47    366.608    1490.80  0.000e+00
      67.47    366.517    1490.80  0.000e+00
      67.42    366.484    1490.80  0.000e+00
      67.45    366.418    1490.79  0.000e+00
      67.57    366.360    1490.79  0.000e+00
      67.64    366.360    1490.79  0.000e+00
      67.67    366.294    1490.79  0.000e+00
      67.64    366.269    1490.79  0.000e+00
      67.62    366.236    1490.79  0.000e+00
      67.62    366.170    1490.80  0.000e+00
      67.81    366.112    1490.80  0.000e+00
      67.94    366.112    1490.80  0.000e+00
      67.94    365.988    1490.80  0.000e+00
      67.94    365.988    1490.80  0.000e+00
      67.89    365.964    1490.80  0.000e+00
      67.94    365.864    1490.79  0.000e+00
      68.25    365.864    1490.79  0.000e+00
      68.42    365.741    1490.79  0.000e+00
      68.42    365.807    1490.79  0.000e+00
      68.42    365.683    1490.79  0.000e+00
      68.40    365.683    1490.79  0.000e+00
      68.45    365.650    1490.79  0.000e+00
      68.99    365.559    1490.79  0.000e+00
      69.28    365.493    1490.79  0.000e+00
      69.33    365.493    1490.79  0.000e+00
      69.28    365.435    1490.79  0.000e+00
      69.26    365.435    1490.79  0.000e+00
      69.21    365.311    1490.79  0.000e+00
      68.77    365.286    1490.80  0.000e+00
      68.52    365.311    1490.80  0.000e+00
      68.47    365.187    1490.80  0.000e+00
      68.50    365.187    1490.80  0.000e+00
      68.47    365.130    1490.79  0.000e+00
      68.50    365.063    1490.79  0.000e+00
      68.57    365.063    1490.79  0.000e+00
      68.62    365.039    1490.80  0.000e+00
      68.62    364.940    1490.79  0.000e+00
      68.62    364.940    1490.79  0.000e+00
      68.57    364.816    1490.79  0.000e+00
      68.62    364.882    1490.79  0.000e+00
      69.04    364.758    1490.79  0.000e+00
      69.26    364.758    1490.79  0.000e+00
      69.28    364.758    1490.79  0.000e+00
      69.28    364.667    1490.79  0.000e+00
      69.23    364.634    1490.79  0.000e+00
      69.28    364.576    1490.79  0.000e+00
      69.57    364.576    1490.79  0.000e+00
      69.72    364.510    1490.79  0.000e+00
      69.74    364.510    1490.79  0.000e+00
      69.72    364.452    1490.79  0.000e+00
      69.69    364.386    1490.79  0.000e+00
      69.72    364.386    1490.79  0.000e+00
      69.96    364.296    1490.79  0.000e+00
      70.11    364.329    1490.79  0.000e+00
      70.11    364.262    1490.79  0.000e+00
      70.13    364.205    1490.79  0.000e+00
      70.09    364.205    1490.80  0.000e+00
      70.09    364.139    1490.79  0.000e+00
      70.28    364.081    1490.79  0.000e+00
      70.35    364.081    1490.79  0.000e+00
      70.38    364.056    1490.79  0.000e+00
      70.35    363.957    1490.79  0.000e+00
      70.33    363.957    1490.79  0.000e+00
      70.33    363.957    1490.79  0.000e+00
      70.40    363.833    1490.78  0.000e+00
      70.45    363.899    1490.78  0.000e+00
      70.45    363.833    1490.78  0.000e+00
      70.43    363.775    1490.78  0.000e+00
      70.40    363.709    1490.78  0.000e+00
      70.43    363.651    1490.78  0.000e+00
      70.60    363.742    1490.79  0.000e+00
      70.67    363.651    1490.79  0.000e+00
      70.70    363.585    1490.79  0.000e+00
      70.67    363.585    1490.79  0.000e+00
      70.65    363.527    1490.80  0.000e+00
      70.67    363.461    1490.80  0.000e+00
      70.74    363.527    1490.80  0.000e+00
      70.77    363.404    1490.80  0.000e+00
      70.79    363.404    1490.80  0.000e+00
      70.79    363.313    1490.80  0.000e+00
      70.74    363.346    1490.80  0.000e+00
      70.77    363.280    1490.80  0.000e+00
      71.26    363.222    1490.80  0.000e+00
      71.55    363.222    1490.79  0.000e+00
      71.60    363.156    1490.79  0.000e+00
      71.58    363.156    1490.79  0.000e+00
      71.55    363.098    1490.79  0.000e+00
      71.50    363.032    1490.78  0.000e+00
      71.01    363.098    1490.79  0.000e+00
      70.72    362.974    1490.79  0.000e+00
      70.70    362.949    1490.79  0.000e+00
      70.72    362.908    1490.80  0.000e+00
      70.67    362.908    1490.80  0.000e+00
      70.74    362.850    1490.79  0.000e+00
      71.60    362.784    1490.79  0.000e+00
      72.06    362.784    1490.79  0.000e+00
      72.11    362.726    1490.79  0.000e+00
      72.11    362.726    1490.79  0.000e+00
      72.06    362.669    1490.78  0.000e+00
      72.06    362.669    1490.77  0.000e+00
      71.97    362.545    1490.77  0.000e+00
      71.92    362.578    1490.77  0.000e+00
      71.92    362.545    1490.77  0.000e+00
      71.92    362.479    1490.77  0.000e+00
      71.89    362.479    1490.77  0.000e+00
      71.87    362.421    1490.77  0.000e+00
      71.84    362.355    1490.76  0.000e+00
      71.79    362.355    1490.76  0.000e+00
      71.79    362.355    1490.77  0.000e+00
      71.79    362.297    1490.78  0.000e+00
      71.77    362.231    1490.78  0.000e+00
      71.79    362.231    1490.79  0.000e+00
      71.92    362.173    1490.79  0.000e+00
      71.99    362.115    1490.79  0.000e+00
      71.99    362.148    1490.79  0.000e+00
      71.97    362.049    1490.79  0.000e+00
      71.97    362.049    1490.79  0.000e+00
      71.97    361.991    1490.79  0.000e+00
      72.14    361.991    1490.79  0.000e+00
      72.23    361.868    1490.79  0.000e+00
      72.26    361.991    1490.79  0.000e+00
      72.23    361.802    1490.79  0.000e+00
      72.21    361.868    1490.79  0.000e+00
      72.21    361.744    1490.79  0.000e+00
      72.16    361.802    1490.79  0.000e+00
      72.16    361.678    1490.80  0.000e+00
      72.14    361.678    1490.80  0.000e+00
      72.16    361.620    1490.80  0.000e+00
      72.14    361.620    1490.80  0.000e+00
      72.19    361.595    1490.80  0.000e+00
      72.55    361.554    1490.80  0.000e+00
      72.70    361.496    1490.80  0.000e+00
      72.72    361.438    1490.80  0.000e+00
      72.70    361.438    1490.80  0.000e+00
      72.67    361.372    1490.80  0.000e+00
      72.67    361.372    1490.81  0.000e+00
      72.70    361.314    1490.81  0.000e+00
      72.70    361.248    1490.81  0.000e+00
      72.70    361.248    1490.81  0.000e+00
      72.70    361.190    1490.81  0.000e+00
      72.67    361.190    1490.81  0.000e+00
      72.72    361.124    1490.80  0.000e+00
      73.31    361.067    1490.80  0.000e+00
      73.60    361.067    1490.80  0.000e+00
      73.65    361.000    1490.80  0.000e+00
      73.63    361.000    1490.80  0.000e+00
      73.58    360.918    1490.80  0.000e+00
      73.58    360.877    1490.80  0.000e+00
      73.68    360.877    1490.80  0.000e+00
      73.72    360.819    1490.80  0.000e+00
      73.75    360.761    1490.80  0.000e+00
      73.75    360.761    1490.80  0.000e+00
      73.72    360.695    1490.80  0.000e+00
      73.72    360.695    1490.80  0.000e+00
      73.70    360.637    1490.80  0.000e+00
      73.70    360.571    1490.80  0.000e+00
      73.70    360.571    1490.81  0.000e+00
      73.70    360.513    1490.81  0.000e+00
      73.68    360.513    1490.81  0.000e+00
      73.65    360.389    1490.81  0.000e+00
      73.68    360.447    1490.81  0.000e+00
      73.70    360.323    1490.81  0.000e+00
      73.68    360.389    1490.81  0.000e+00
      73.68    360.266    1490.82  0.000e+00
      73.68    360.265    1490.82  0.000e+00
      73.68    360.208    1490.82  0.000e+00
      73.72    360.208    1490.82  0.000e+00
      73.75    360.084    1490.82  0.000e+00
      73.75    360.084    1490.83  0.000e+00
      73.75    360.142    1490.84  0.000e+00
      73.70    359.993    1490.84  0.000e+00
      73.75    360.018    1490.84  0.000e+00
      74.04    359.960    1490.84  0.000e+00
      74.19    359.894    1490.84  0.000e+00
      74.21    359.894    1490.83  0.000e+00
      74.24    359.894    1490.84  0.000e+00
      74.16    359.770    1490.84  0.000e+00
      74.21    359.770    1490.85  0.000e+00
      74.58    359.770    1490.84  0.000e+00
      74.80    359.712    1490.84  0.000e+00
      74.82    359.646    1490.85  0.000e+00
      74.80    359.646    1490.87  0.000e+00
      74.75    359.588    1490.87  0.000e+00
      74.77    359.588    1490.85  0.000e+00
      74.82    359.531    1490.84  0.000e+00
      74.87    359.531    1490.83  0.000e+00
      74.87    359.464    1490.83  0.000e+00
      74.87    359.464    1490.82  0.000e+00
      74.85    359.407    1490.82  0.000e+00
      74.82    359.341    1490.82  0.000e+00
      74.75    359.341    1490.81  0.000e+00
      74.73    359.283    1490.81  0.000e+00
      74.73    359.341    1490.81  0.000e+00
      74.73    359.159    1490.79  0.000e+00
      74.70    359.283    1490.79  0.000e+00
      74.70    359.159    1490.78  0.000e+00
      75.09    359.093    1490.77  0.000e+00
      75.36    359.159    1490.78  0.000e+00
      75.41    359.035    1490.82  0.000e+00
      75.38    359.035    1490.87  0.000e+00
      75.36    358.977    1490.89  0.000e+00
      75.34    358.977    1490.90  0.000e+00
      75.24    358.977    1490.90  0.000e+00
      75.19    358.853    1490.89  0.000e+00
      75.19    358.911    1490.89  0.000e+00
      75.19    358.787    1490.89  0.000e+00
      75.16    358.787    1490.90  0.000e+00
      75.19    358.787    1490.91  0.000e+00
      75.31    358.663    1490.91  0.000e+00
      75.41    358.663    1490.91  0.000e+00
      75.41    358.663    1490.91  0.000e+00
      75.38    358.606    1490.92  0.000e+00
      75.36    358.540    1490.93  0.000e+00
      75.38    358.482    1490.95  0.000e+00
      75.60    358.482    1490.96  0.000e+00
      75.73    358.482    1490.98  0.000e+00
      75.75    358.358    1490.98  0.000e+00
      75.75    358.416    1490.99  0.000e+00
      75.73    358.300    1490.99  0.000e+00
      75.73    358.234    1490.99  0.000e+00
      75.82    358.300    1490.99  0.000e+00
      75.90    358.176    1490.98  0.000e+00
      75.92    358.176    1490.97  0.000e+00
      75.92    358.110    1490.96  0.000e+00
      75.90    358.052    1490.95  0.000e+00
      75.95    357.986    1490.94  0.000e+00
      76.53    357.986    1490.93  0.000e+00
      76.85    357.928    1490.93  0.000e+00
      76.87    357.928    1490.92  0.000e+00
      76.85    357.862    1490.92  0.000e+00
      76.83    357.739    1490.91  0.000e+00
      76.78    357.805    1490.92  0.000e+00
      76.19    357.681    1490.94  0.000e+00
      75.87    357.681    1490.95  0.000e+00
      75.85    357.623    1490.97  0.000e+00
      75.85    357.557    1490.98  0.000e+00
      75.85    357.499    1490.98  0.000e+00
      75.92    357.499    1490.97  0.000e+00
      76.63    357.433    1490.96  0.000e+00
      77.00    357.375    1490.94  0.000e+00
      77.05    357.309    1490.93  0.000e+00
      77.02    357.251    1490.94  0.000e+00
      76.97    357.251    1490.95  0.000e+00
      76.97    357.185    1490.96  0.000e+00
      77.24    357.128    1490.98  0.000e+00
      77.41    357.070    1490.99  0.000e+00
      77.44    357.004    1490.98  0.000e+00
      77.41    357.004    1490.97  0.000e+00
      77.39    356.946    1490.97  0.000e+00
      77.41    356.880    1490.97  0.000e+00
      77.63    356.822    1490.97  0.000e+00
      77.73    356.756    1490.98  0.000e+00
      77.75    356.822    1490.97  0.000e+00
      77.73    356.632    1490.96  0.000e+00
      77.70    356.632    1490.95  0.000e+00
      77.68    356.632    1490.96  0.000e+00
      77.70    356.508    1490.96  0.000e+00
      77.68    356.508    1490.97  0.000e+00
      77.68    356.450    1490.97  0.000e+00
      77.66    356.409    1490.99  0.000e+00
      77.63    356.327    1490.99  0.000e+00
      77.70    356.327    1490.99  0.000e+00
      78.10    356.269    1491.00  0.000e+00
      78.32    356.269    1491.01  0.000e+00
      78.34    356.145    1491.02  0.000e+00
      78.32    356.145    1491.02  0.000e+00
      78.27    356.079    1491.03  0.000e+00
      78.27    356.021    1491.03  0.000e+00
      78.22    355.955    1491.04  0.000e+00
      78.17    355.955    1491.04  0.000e+00
      78.19    355.955    1491.04  0.000e+00
      78.19    355.839    1491.04  0.000e+00
      78.17    355.839    1491.05  0.000e+00
      78.17    355.773    1491.06  0.000e+00
      78.46    355.773    1491.07  0.000e+00
      78.63    355.649    1491.08  0.000e+00
      78.66    355.649    1491.08  0.000e+00
      78.63    355.649    1491.07  0.000e+00
      78.61    355.526    1491.07  0.000e+00
      78.61    355.526    1491.07  0.000e+00
      78.46    355.484    1491.07  0.000e+00
      78.34    355.402    1491.08  0.000e+00
      78.32    355.402    1491.09  0.000e+00
      78.34    355.344    1491.09  0.000e+00
      78.32    355.344    1491.09  0.000e+00
      78.36    355.220    1491.08  0.000e+00
      78.78    355.278    1491.08  0.000e+00
      78.97    355.162    1491.08  0.000e+00
