test_casts/EN695_006_test.cnv
* Sea-Bird SBE 9 Data File:
* FileName = D:\ctd\raw\EN695_006.hdr
* Software Version Seasave V 7.26.7.121
* Temperature SN = 4333
* Conductivity SN = 2459
* Number of Bytes Per Scan = 40
* Number of Voltage Words = 5
* Number of Scans Averaged by the Deck Unit = 1
* NMEA Latitude = 40 09.11 N
* NMEA Longitude = 070 52.98 W
* NMEA UTC (Time) = Jan 12 2023  20:21:05
* NMEA baud rate = 4800
** Ship: R/V Endeavor
** Cruise: EN695
** Principal Investigator: Heidi Sosik
** Chief Scientist: Heidi Sosik
** Project: NES-LTER Transect 12 Winter
** Cruise Start Date: 11 Jan 2023
** Ports: Senesco Shipyard to Senesco Shipyard, North Kingstown, Rhode Island
** Station:  L8
** Bottom Depth: 136 m
** Operator:
# nquan = 4
# nvalues = 32444                                 
# units = specified
# name 0 = altM: Altimeter [m]
# name 1 = depSM: Depth [salt water, m]
# name 2 = svCM: Sound Velocity [Chen-Millero, m/s]
# name 3 = flag:  0.000e+00
# span 0 =       0.00,     100.00                 
# span 1 =      4.189,    130.653                 
# span 2 =    1492.65,    1515.20                 
# span 3 = 0.0000e+00, 0.0000e+00                 
# interval = seconds: 0.0416667
# start_time = Jan 12 2023 20:21:08 [System UTC, header]
# bad_flag = -9.990e-29
*END*
[from data line 26312]
       0.73     33.418    1500.01  0.000e+00
       0.49     33.443    1500.03  0.000e+00
       0.44     33.418    1500.07  0.000e+00
       0.46     33.443    1500.10  0.000e+00
       0.46     33.500    1500.11  0.000e+00
       0.46     33.418    1500.12  0.000e+00
       0.59     33.500    1500.12  0.000e+00
       0.68     33.418    1500.12  0.000e+00
       0.68     33.500    1500.12  0.000e+00
       0.68     33.500    1500.12  0.000e+00
       0.68     33.475    1500.12  0.000e+00
       0.68     33.442    1500.12  0.000e+00
       0.49     33.541    1500.13  0.000e+00
       0.34     33.442    1500.16  0.000e+00
       0.32     33.500    1500.18  0.000e+00
       0.32     33.475    1500.19  0.000e+00
       0.34     33.500    1500.18  0.000e+00
       0.32     33.500    1500.18  0.000e+00
       0.49     33.475    1500.18  0.000e+00
       0.71     33.500    1500.18  0.000e+00
       0.76     33.475    1500.17  0.000e+00
       0.73     33.500    1500.18  0.000e+00
       0.73     33.500    1500.20  0.000e+00
       0.73     33.475    1500.20  0.000e+00
       0.51     33.500    1500.20  0.000e+00
       0.34     33.417    1500.20  0.000e+00
       0.32     33.500    1500.20  0.000e+00
       0.34     33.499    1500.21  0.000e+00
       0.34     33.417    1500.20  0.000e+00
       0.34     33.499    1500.19  0.000e+00
       1.03     33.442    1500.18  0.000e+00
       1.56     33.417    1500.17  0.000e+00
       1.68     33.442    1500.16  0.000e+00
       1.66     33.417    1500.16  0.000e+00
       1.64     33.442    1500.16  0.000e+00
       1.64     33.442    1500.16  0.000e+00
       0.83     33.417    1500.17  0.000e+00
       0.34     33.318    1500.17  0.000e+00
       0.29     33.417    1500.17  0.000e+00
       0.29     33.376    1500.13  0.000e+00
       0.32     33.318    1500.08  0.000e+00
       0.32     33.351    1500.04  0.000e+00
       0.39     33.376    1500.02  0.000e+00
       0.51     33.294    1499.99  0.000e+00
       0.54     33.261    1499.96  0.000e+00
       0.54     33.318    1499.94  0.000e+00
       0.54     33.236    1499.93  0.000e+00
       0.54     33.318    1499.92  0.000e+00
       0.54     33.236    1499.91  0.000e+00
       0.54     33.195    1499.87  0.000e+00
       0.54     33.260    1499.82  0.000e+00
       0.54     33.236    1499.78  0.000e+00
       0.54     33.137    1499.74  0.000e+00
       0.54     33.195    1499.70  0.000e+00
       0.42     33.170    1499.64  0.000e+00
       0.32     33.137    1499.60  0.000e+00
       0.32     33.170    1499.58  0.000e+00
       0.32     33.137    1499.56  0.000e+00
       0.32     33.071    1499.54  0.000e+00
       0.32     33.112    1499.51  0.000e+00
       0.29     33.071    1499.47  0.000e+00
       0.27     33.112    1499.44  0.000e+00
       0.27     33.071    1499.43  0.000e+00
       0.27     33.013    1499.43  0.000e+00
       0.27     33.046    1499.43  0.000e+00
       0.27     33.013    1499.44  0.000e+00
       0.46     33.046    1499.42  0.000e+00
       0.71     33.013    1499.39  0.000e+00
       0.78     33.013    1499.37  0.000e+00
       0.76     33.046    1499.35  0.000e+00
       0.76     33.013    1499.34  0.000e+00
       0.73     32.989    1499.34  0.000e+00
       0.93     32.956    1499.33  0.000e+00
       1.07     32.890    1499.32  0.000e+00
       1.10     32.923    1499.31  0.000e+00
       1.12     32.890    1499.30  0.000e+00
       1.10     32.865    1499.30  0.000e+00
       1.10     32.890    1499.30  0.000e+00
       0.88     32.766    1499.30  0.000e+00
       0.71     32.865    1499.30  0.000e+00
       0.66     32.832    1499.30  0.000e+00
       0.66     32.865    1499.32  0.000e+00
       0.66     32.832    1499.32  0.000e+00
       0.66     32.832    1499.33  0.000e+00
       0.66     32.807    1499.33  0.000e+00
       0.63     32.832    1499.35  0.000e+00
       0.63     32.865    1499.36  0.000e+00
       0.63     32.832    1499.37  0.000e+00
       0.63     32.832    1499.38  0.000e+00
       0.63     32.807    1499.38  0.000e+00
       0.54     32.832    1499.39  0.000e+00
       0.44     32.807    1499.39  0.000e+00
       0.44     32.832    1499.40  0.000e+00
       0.44     32.766    1499.40  0.000e+00
       0.44     32.741    1499.40  0.000e+00
       0.44     32.832    1499.40  0.000e+00
       0.42     32.741    1499.40  0.000e+00
       0.42     32.766    1499.41  0.000e+00
       0.39     32.832    1499.41  0.000e+00
       0.39     32.807    1499.41  0.000e+00
       0.39     32.766    1499.41  0.000e+00
       0.39     32.807    1499.41  0.000e+00
       0.42     32.889    1499.41  0.000e+00
       0.42     32.832    1499.42  0.000e+00
       0.42     32.807    1499.42  0.000e+00
       0.42     32.831    1499.42  0.000e+00
       0.42     32.864    1499.43  0.000e+00
       0.44     32.831    1499.42  0.000e+00
       0.51     32.831    1499.40  0.000e+00
       0.63     32.807    1499.40  0.000e+00
       0.66     32.831    1499.38  0.000e+00
       0.66     32.864    1499.36  0.000e+00
       0.66     32.889    1499.33  0.000e+00
       0.66     32.831    1499.30  0.000e+00
       0.49     32.864    1499.28  0.000e+00
       0.39     32.831    1499.26  0.000e+00
       0.39     32.922    1499.25  0.000e+00
       0.39     32.889    1499.25  0.000e+00
       0.39     32.889    1499.24  0.000e+00
       0.39     32.922    1499.25  0.000e+00
       0.32     32.889    1499.26  0.000e+00
       0.27     32.864    1499.27  0.000e+00
       0.27     32.954    1499.27  0.000e+00
       0.27     32.889    1499.26  0.000e+00
       0.27     32.921    1499.26  0.000e+00
       0.27     32.889    1499.26  0.000e+00
       0.59     32.921    1499.26  0.000e+00
       0.98     32.954    1499.25  0.000e+00
       1.07     32.954    1499.24  0.000e+00
       1.05     32.921    1499.23  0.000e+00
       1.03     32.954    1499.23  0.000e+00
       1.03     32.921    1499.23  0.000e+00
       0.90     32.954    1499.23  0.000e+00
       0.81     32.888    1499.23  0.000e+00
       0.81     32.921    1499.22  0.000e+00
       0.78     32.954    1499.21  0.000e+00
       0.81     32.987    1499.20  0.000e+00
       0.81     32.888    1499.18  0.000e+00
       0.56     32.888    1499.16  0.000e+00
       0.37     32.921    1499.15  0.000e+00
       0.34     32.954    1499.15  0.000e+00
       0.34     32.921    1499.15  0.000e+00
       0.34     32.888    1499.15  0.000e+00
       0.34     32.888    1499.16  0.000e+00
       0.32     32.921    1499.18  0.000e+00
       0.32     32.888    1499.18  0.000e+00
       0.32     32.921    1499.17  0.000e+00
       0.32     32.831    1499.17  0.000e+00
       0.32     32.888    1499.17  0.000e+00
       0.32     32.863    1499.18  0.000e+00
       0.34     32.830    1499.18  0.000e+00
       0.37     32.863    1499.18  0.000e+00
       0.37     32.888    1499.19  0.000e+00
       0.37     32.765    1499.19  0.000e+00
       0.37     32.806    1499.19  0.000e+00
       0.37     32.830    1499.18  0.000e+00
       0.39     32.806    1499.17  0.000e+00
       0.44     32.765    1499.16  0.000e+00
       0.44     32.765    1499.16  0.000e+00
       0.44     32.740    1499.15  0.000e+00
       0.44     32.707    1499.15  0.000e+00
       0.44     32.740    1499.16  0.000e+00
       0.39     32.707    1499.16  0.000e+00
       0.37     32.707    1499.15  0.000e+00
       0.34     32.682    1499.13  0.000e+00
       0.37     32.583    1499.13  0.000e+00
       0.37     32.682    1499.13  0.000e+00
       0.37     32.641    1499.14  0.000e+00
       0.46     32.583    1499.14  0.000e+00
       0.56     32.616    1499.15  0.000e+00
       0.59     32.583    1499.15  0.000e+00
       0.59     32.559    1499.14  0.000e+00
       0.59     32.526    1499.12  0.000e+00
       0.59     32.526    1499.10  0.000e+00
       0.46     32.493    1499.08  0.000e+00
       0.39     32.460    1499.06  0.000e+00
       0.37     32.493    1499.04  0.000e+00
       0.37     32.460    1499.02  0.000e+00
       0.37     32.435    1499.01  0.000e+00
       0.37     32.402    1499.01  0.000e+00
       0.29     32.402    1499.01  0.000e+00
       0.24     32.378    1499.00  0.000e+00
       0.24     32.336    1499.00  0.000e+00
       0.24     32.377    1498.99  0.000e+00
       0.24     32.279    1498.99  0.000e+00
       0.24     32.279    1498.99  0.000e+00
       0.27     32.312    1499.00  0.000e+00
       0.29     32.279    1499.01  0.000e+00
       0.29     32.254    1499.01  0.000e+00
       0.29     32.221    1499.01  0.000e+00
       0.29     32.221    1499.01  0.000e+00
       0.29     32.188    1499.01  0.000e+00
       0.44     32.155    1499.01  0.000e+00
       0.59     32.188    1499.02  0.000e+00
       0.63     32.098    1499.02  0.000e+00
       0.61     32.073    1499.03  0.000e+00
       0.61     32.098    1499.04  0.000e+00
       0.61     32.032    1499.03  0.000e+00
       0.51     32.073    1499.03  0.000e+00
       0.42     32.032    1499.02  0.000e+00
       0.42     32.007    1499.02  0.000e+00
       0.42     31.974    1499.02  0.000e+00
       0.42     32.032    1499.02  0.000e+00
       0.42     31.884    1499.02  0.000e+00
       0.49     31.974    1499.02  0.000e+00
       0.54     31.884    1499.02  0.000e+00
       0.54     31.908    1499.01  0.000e+00
       0.54     31.884    1499.01  0.000e+00
       0.54     31.851    1499.00  0.000e+00
       0.54     31.851    1498.99  0.000e+00
       0.46     31.826    1498.98  0.000e+00
       0.37     31.793    1498.98  0.000e+00
       0.37     31.760    1498.97  0.000e+00
       0.39     31.793    1498.97  0.000e+00
       0.39     31.727    1498.96  0.000e+00
       0.39     31.760    1498.96  0.000e+00
       0.32     31.727    1498.96  0.000e+00
       0.27     31.703    1498.96  0.000e+00
       0.24     31.727    1498.96  0.000e+00
       0.24     31.703    1498.96  0.000e+00
       0.24     31.670    1498.95  0.000e+00
       0.24     31.670    1498.95  0.000e+00
       0.66     31.645    1498.95  0.000e+00
       1.12     31.670    1498.95  0.000e+00
       1.22     31.645    1498.95  0.000e+00
       1.17     31.604    1498.95  0.000e+00
       1.17     31.579    1498.95  0.000e+00
       1.17     31.604    1498.95  0.000e+00
       1.32     31.604    1498.95  0.000e+00
       1.49     31.579    1498.95  0.000e+00
       1.51     31.546    1498.95  0.000e+00
       1.51     31.579    1498.95  0.000e+00
       1.51     31.546    1498.95  0.000e+00
       1.51     31.521    1498.95  0.000e+00
       1.17     31.546    1498.96  0.000e+00
       0.90     31.546    1498.96  0.000e+00
       0.85     31.521    1498.96  0.000e+00
       0.85     31.546    1498.96  0.000e+00
       0.88     31.455    1498.97  0.000e+00
       0.88     31.488    1498.98  0.000e+00
       0.90     31.521    1498.98  0.000e+00
       0.88     31.422    1498.99  0.000e+00
       0.90     31.488    1498.99  0.000e+00
       0.90     31.398    1498.99  0.000e+00
       0.88     31.488    1498.99  0.000e+00
       0.90     31.455    1498.99  0.000e+00
       0.78     31.422    1498.99  0.000e+00
       0.66     31.398    1499.00  0.000e+00
       0.63     31.422    1499.01  0.000e+00
       0.63     31.422    1499.02  0.000e+00
       0.63     31.398    1499.02  0.000e+00
       0.63     31.422    1499.01  0.000e+00
       0.51     31.398    1499.01  0.000e+00
       0.42     31.365    1499.00  0.000e+00
       0.39     31.398    1498.99  0.000e+00
       0.39     31.365    1498.99  0.000e+00
       0.39     31.365    1498.99  0.000e+00
       0.39     31.340    1498.99  0.000e+00
       0.39     31.299    1498.99  0.000e+00
       0.39     31.274    1498.99  0.000e+00
       0.39     31.299    1499.00  0.000e+00
       0.39     31.340    1499.01  0.000e+00
       0.37     31.299    1499.01  0.000e+00
       0.39     31.241    1499.01  0.000e+00
      50.70     31.274    1499.01  0.000e+00
      94.55     31.241    1499.00  0.000e+00
     100.00     31.216    1499.00  0.000e+00
     100.00     31.241    1498.99  0.000e+00
     100.00     31.216    1498.99  0.000e+00
      99.95     31.184    1498.99  0.000e+00
      48.30     31.118    1498.99  0.000e+00
       5.05     31.151    1498.99  0.000e+00
       0.00     31.184    1498.99  0.000e+00
       0.00     31.093    1498.99  0.000e+00
       0.00     31.118    1498.99  0.000e+00
       0.27     31.093    1498.99  0.000e+00
       0.44     31.118    1498.98  0.000e+00
       0.51     31.060    1498.98  0.000e+00
       0.51     31.027    1498.98  0.000e+00
       0.51     31.060    1498.97  0.000e+00
       0.51     31.027    1498.97  0.000e+00
       0.51     30.994    1498.97  0.000e+00
       0.46     30.970    1498.96  0.000e+00
       0.44     30.994    1498.95  0.000e+00
       0.42     30.969    1498.95  0.000e+00
       0.42     30.937    1498.93  0.000e+00
       0.42     30.871    1498.91  0.000e+00
       0.44     30.912    1498.90  0.000e+00
       0.49     30.871    1498.89  0.000e+00
       0.51     30.846    1498.89  0.000e+00
       0.51     30.871    1498.88  0.000e+00
       0.49     30.846    1498.87  0.000e+00
       0.51     30.813    1498.87  0.000e+00
       0.49     30.788    1498.86  0.000e+00
       0.51     30.755    1498.86  0.000e+00
       0.56     30.813    1498.85  0.000e+00
       0.59     30.723    1498.86  0.000e+00
       0.59     30.690    1498.86  0.000e+00
       0.59     30.722    1498.87  0.000e+00
       0.59     30.632    1498.87  0.000e+00
       0.54     30.665    1498.87  0.000e+00
       0.51     30.632    1498.87  0.000e+00
       0.51     30.632    1498.86  0.000e+00
       0.51     30.541    1498.85  0.000e+00
       0.49     30.632    1498.85  0.000e+00
       0.51     30.541    1498.83  0.000e+00
       0.59     30.566    1498.81  0.000e+00
       0.68     30.541    1498.81  0.000e+00
       0.68     30.509    1498.79  0.000e+00
       0.68     30.484    1498.77  0.000e+00
       0.68     30.451    1498.76  0.000e+00
       0.68     30.541    1498.75  0.000e+00
       0.95     30.385    1498.74  0.000e+00
       1.20     30.385    1498.75  0.000e+00
       1.25     30.418    1498.76  0.000e+00
       1.22     30.385    1498.76  0.000e+00
       1.22     30.360    1498.77  0.000e+00
       1.20     30.262    1498.78  0.000e+00
       0.81     30.360    1498.79  0.000e+00
       0.49     30.327    1498.80  0.000e+00
       0.44     30.237    1498.80  0.000e+00
       0.44     30.262    1498.79  0.000e+00
       0.46     30.261    1498.79  0.000e+00
       0.46     30.237    1498.79  0.000e+00
       0.61     30.138    1498.78  0.000e+00
       0.78     30.179    1498.78  0.000e+00
       0.81     30.204    1498.77  0.000e+00
       0.81     30.113    1498.77  0.000e+00
       0.81     30.080    1498.76  0.000e+00
       0.78     30.056    1498.76  0.000e+00
       0.76     30.080    1498.76  0.000e+00
       0.71     30.056    1498.76  0.000e+00
       0.68     30.023    1498.76  0.000e+00
       0.68     30.023    1498.76  0.000e+00
       0.71     29.990    1498.76  0.000e+00
       0.68     30.023    1498.77  0.000e+00
       0.44     29.932    1498.77  0.000e+00
       0.32     29.957    1498.77  0.000e+00
       0.29     29.932    1498.76  0.000e+00
       0.29     29.899    1498.76  0.000e+00
       0.29     29.932    1498.76  0.000e+00
       0.29     29.899    1498.75  0.000e+00
       0.32     29.809    1498.74  0.000e+00
       0.32     29.899    1498.74  0.000e+00
       0.32     29.685    1498.73  0.000e+00
       0.32     29.957    1498.73  0.000e+00
       0.32     29.776    1498.71  0.000e+00
       0.29     29.809    1498.70  0.000e+00
       0.59     29.776    1498.70  0.000e+00
       0.95     29.751    1498.68  0.000e+00
       1.03     29.718    1498.68  0.000e+00
       1.00     29.751    1498.69  0.000e+00
       0.98     29.718    1498.69  0.000e+00
       1.00     29.685    1498.69  0.000e+00
