test_casts/EN695_010_test.cnv
* Sea-Bird SBE 9 Data File:
* FileName = D:\ctd\raw\EN695_010.hdr
* Software Version Seasave V 7.26.7.121
* Temperature SN = 4333
* Conductivity SN = 2459
* Number of Bytes Per Scan = 40
* Number of Voltage Words = 5
* Number of Scans Averaged by the Deck Unit = 1
* NMEA Latitude = 40 51.76 N
* NMEA Longitude = 070 52.98 W
* NMEA UTC (Time) = Jan 13 2023  07:06:07
* NMEA baud rate = 4800
** Ship: R/V Endeavor
** Cruise: EN695
** Principal Investigator: Heidi Sosik
** Chief Scientist: Heidi Sosik
** Project: NES-LTER Transect 12 Winter
** Cruise Start Date: 11 Jan 2023
** Ports: Senesco Shipyard to Senesco Shipyard, North Kingstown, Rhode Island
** Station:  L3
** Bottom Depth: 55m
** Operator:  tc
# nquan = 4
# nvalues = 15186                                 
# units = specified
# name 0 = altM: Altimeter [m]
# name 1 = depSM: Depth [salt water, m]
# name 2 = svCM: Sound Velocity [Chen-Millero, m/s]
# name 3 = flag:  0.000e+00
# span 0 =       3.49,      52.58                 
# span 1 =      4.188,     51.423                 
# span 2 =    1485.60,    1486.33                 
# span 3 = 0.0000e+00, 0.0000e+00                 
# interval = seconds: 0.0416667
# start_time = Jan 13 2023 07:06:10 [System UTC, header]
# bad_flag = -9.990e-29
*END*
[from data line 11734]
      36.14     20.192    1485.83  0.000e+00
      36.14     20.068    1485.83  0.000e+00
      36.00     20.167    1485.83  0.000e+00
      35.90     20.134    1485.83  0.000e+00
      35.87     20.192    1485.83  0.000e+00
      35.90     20.109    1485.83  0.000e+00
      35.87     20.192    1485.83  0.000e+00
      35.87     20.167    1485.83  0.000e+00
      35.85     20.134    1485.83  0.000e+00
      35.85     20.134    1485.83  0.000e+00
      35.85     20.224    1485.84  0.000e+00
      35.85     20.134    1485.83  0.000e+00
      35.85     20.192    1485.83  0.000e+00
      35.85     20.224    1485.83  0.000e+00
      35.82     20.192    1485.83  0.000e+00
      35.75     20.192    1485.83  0.000e+00
      35.70     20.167    1485.83  0.000e+00
      35.70     20.192    1485.83  0.000e+00
      35.70     20.224    1485.84  0.000e+00
      35.70     20.192    1485.83  0.000e+00
      35.65     20.257    1485.84  0.000e+00
      35.58     20.224    1485.83  0.000e+00
      35.58     20.192    1485.83  0.000e+00
      35.58     20.257    1485.84  0.000e+00
      35.56     20.224    1485.83  0.000e+00
      35.58     20.257    1485.84  0.000e+00
      35.56     20.257    1485.83  0.000e+00
      35.53     20.224    1485.83  0.000e+00
      35.53     20.315    1485.84  0.000e+00
      35.53     20.224    1485.83  0.000e+00
      35.51     20.257    1485.84  0.000e+00
      35.51     20.315    1485.84  0.000e+00
      35.53     20.290    1485.84  0.000e+00
      35.53     20.257    1485.84  0.000e+00
      35.53     20.315    1485.84  0.000e+00
      35.53     20.290    1485.84  0.000e+00
      35.51     20.315    1485.84  0.000e+00
      35.51     20.290    1485.84  0.000e+00
      35.48     20.381    1485.84  0.000e+00
      35.46     20.257    1485.84  0.000e+00
      35.46     20.348    1485.84  0.000e+00
      35.43     20.315    1485.84  0.000e+00
      35.43     20.381    1485.84  0.000e+00
      35.41     20.290    1485.84  0.000e+00
      35.53     20.380    1485.84  0.000e+00
      35.58     20.380    1485.84  0.000e+00
      35.60     20.348    1485.84  0.000e+00
      35.60     20.315    1485.83  0.000e+00
      35.58     20.348    1485.84  0.000e+00
      35.58     20.380    1485.84  0.000e+00
      35.48     20.380    1485.83  0.000e+00
      35.43     20.348    1485.84  0.000e+00
      35.41     20.380    1485.84  0.000e+00
      35.43     20.315    1485.83  0.000e+00
      35.41     20.413    1485.84  0.000e+00
      35.41     20.315    1485.83  0.000e+00
      35.46     20.413    1485.84  0.000e+00
      35.51     20.315    1485.83  0.000e+00
      35.51     20.380    1485.84  0.000e+00
      35.53     20.348    1485.83  0.000e+00
      35.48     20.380    1485.84  0.000e+00
      35.51     20.380    1485.84  0.000e+00
      35.46     20.290    1485.83  0.000e+00
      35.46     20.380    1485.84  0.000e+00
      35.43     20.348    1485.84  0.000e+00
      35.43     20.315    1485.83  0.000e+00
      35.43     20.315    1485.84  0.000e+00
      35.41     20.348    1485.84  0.000e+00
      35.36     20.315    1485.84  0.000e+00
      35.34     20.315    1485.84  0.000e+00
      35.34     20.290    1485.83  0.000e+00
      35.36     20.257    1485.83  0.000e+00
      35.34     20.315    1485.83  0.000e+00
      35.31     20.224    1485.83  0.000e+00
      35.38     20.257    1485.83  0.000e+00
      35.46     20.224    1485.83  0.000e+00
      35.46     20.257    1485.83  0.000e+00
      35.46     20.191    1485.83  0.000e+00
      35.46     20.224    1485.83  0.000e+00
      35.43     20.191    1485.83  0.000e+00
      35.53     20.134    1485.83  0.000e+00
      35.58     20.167    1485.83  0.000e+00
      35.58     20.134    1485.83  0.000e+00
      35.58     20.167    1485.83  0.000e+00
      35.58     20.134    1485.83  0.000e+00
      35.58     20.134    1485.83  0.000e+00
      35.58     20.043    1485.83  0.000e+00
      35.58     20.068    1485.83  0.000e+00
      35.60     20.068    1485.83  0.000e+00
      35.60     20.043    1485.83  0.000e+00
      35.58     20.068    1485.83  0.000e+00
      35.58     19.953    1485.83  0.000e+00
      35.75     20.043    1485.83  0.000e+00
      35.82     20.010    1485.83  0.000e+00
      35.85     19.920    1485.83  0.000e+00
      35.85     20.010    1485.83  0.000e+00
      35.85     19.953    1485.83  0.000e+00
      35.85     19.920    1485.83  0.000e+00
      35.95     19.887    1485.83  0.000e+00
      36.00     19.953    1485.83  0.000e+00
      36.02     19.862    1485.83  0.000e+00
      36.02     19.887    1485.83  0.000e+00
      36.02     19.830    1485.83  0.000e+00
      36.00     19.862    1485.83  0.000e+00
      35.97     19.830    1485.83  0.000e+00
      35.95     19.829    1485.83  0.000e+00
      35.95     19.805    1485.83  0.000e+00
      35.95     19.764    1485.83  0.000e+00
      35.95     19.739    1485.83  0.000e+00
      35.95     19.829    1485.83  0.000e+00
      36.09     19.706    1485.83  0.000e+00
      36.19     19.739    1485.83  0.000e+00
      36.21     19.706    1485.83  0.000e+00
      36.21     19.706    1485.83  0.000e+00
      36.19     19.739    1485.83  0.000e+00
      36.19     19.640    1485.83  0.000e+00
      36.26     19.706    1485.83  0.000e+00
      36.34     19.681    1485.83  0.000e+00
      36.34     19.640    1485.83  0.000e+00
      36.34     19.640    1485.82  0.000e+00
      36.31     19.616    1485.82  0.000e+00
      36.31     19.640    1485.83  0.000e+00
      36.34     19.616    1485.82  0.000e+00
      36.31     19.640    1485.83  0.000e+00
      36.29     19.583    1485.82  0.000e+00
      36.29     19.616    1485.82  0.000e+00
      36.29     19.640    1485.83  0.000e+00
      36.29     19.583    1485.82  0.000e+00
      36.31     19.616    1485.82  0.000e+00
      36.34     19.583    1485.82  0.000e+00
      36.34     19.583    1485.82  0.000e+00
      36.31     19.616    1485.82  0.000e+00
      36.31     19.583    1485.82  0.000e+00
      36.31     19.583    1485.82  0.000e+00
      36.39     19.558    1485.82  0.000e+00
      36.41     19.640    1485.83  0.000e+00
      36.41     19.558    1485.82  0.000e+00
      36.43     19.583    1485.82  0.000e+00
      36.41     19.640    1485.82  0.000e+00
      36.41     19.616    1485.82  0.000e+00
      36.41     19.583    1485.82  0.000e+00
      36.43     19.640    1485.83  0.000e+00
      36.43     19.616    1485.82  0.000e+00
      36.43     19.640    1485.83  0.000e+00
      36.43     19.640    1485.83  0.000e+00
      36.41     19.681    1485.83  0.000e+00
      36.43     19.640    1485.82  0.000e+00
      36.43     19.640    1485.82  0.000e+00
      36.46     19.681    1485.83  0.000e+00
      36.46     19.706    1485.83  0.000e+00
      36.43     19.681    1485.82  0.000e+00
      36.43     19.763    1485.83  0.000e+00
      36.39     19.706    1485.83  0.000e+00
      36.34     19.739    1485.83  0.000e+00
      36.34     19.829    1485.83  0.000e+00
      36.34     19.763    1485.83  0.000e+00
      36.34     19.805    1485.83  0.000e+00
      36.31     19.829    1485.83  0.000e+00
      36.36     19.829    1485.83  0.000e+00
      36.39     19.862    1485.83  0.000e+00
      36.41     19.952    1485.83  0.000e+00
      36.41     19.887    1485.83  0.000e+00
      36.41     19.920    1485.83  0.000e+00
      36.41     19.952    1485.83  0.000e+00
      36.17     19.920    1485.83  0.000e+00
      35.95     20.010    1485.83  0.000e+00
      35.92     20.010    1485.83  0.000e+00
      35.95     20.043    1485.83  0.000e+00
      35.95     20.010    1485.83  0.000e+00
      35.95     20.068    1485.83  0.000e+00
      35.95     20.043    1485.83  0.000e+00
      35.90     20.133    1485.83  0.000e+00
      35.90     20.133    1485.83  0.000e+00
      35.90     20.109    1485.83  0.000e+00
      35.90     20.191    1485.83  0.000e+00
      35.87     20.224    1485.83  0.000e+00
      35.90     20.191    1485.83  0.000e+00
      35.90     20.257    1485.83  0.000e+00
      35.92     20.224    1485.83  0.000e+00
      35.90     20.314    1485.83  0.000e+00
      35.90     20.314    1485.84  0.000e+00
      35.90     20.289    1485.84  0.000e+00
      35.92     20.380    1485.84  0.000e+00
      35.95     20.289    1485.84  0.000e+00
      35.95     20.437    1485.84  0.000e+00
      35.95     20.380    1485.84  0.000e+00
      35.95     20.470    1485.84  0.000e+00
      35.95     20.437    1485.84  0.000e+00
      35.92     20.437    1485.84  0.000e+00
      35.90     20.470    1485.84  0.000e+00
      35.87     20.495    1485.84  0.000e+00
      35.87     20.495    1485.84  0.000e+00
      35.87     20.594    1485.84  0.000e+00
      35.87     20.561    1485.84  0.000e+00
      35.63     20.528    1485.84  0.000e+00
      35.43     20.618    1485.84  0.000e+00
      35.38     20.561    1485.84  0.000e+00
      35.41     20.594    1485.84  0.000e+00
      35.38     20.618    1485.84  0.000e+00
      35.38     20.618    1485.84  0.000e+00
      35.31     20.593    1485.84  0.000e+00
      35.26     20.618    1485.84  0.000e+00
      35.24     20.593    1485.84  0.000e+00
      35.24     20.618    1485.84  0.000e+00
      35.24     20.618    1485.84  0.000e+00
      35.24     20.651    1485.84  0.000e+00
      35.16     20.561    1485.84  0.000e+00
      35.12     20.618    1485.84  0.000e+00
      35.12     20.593    1485.84  0.000e+00
      35.12     20.618    1485.84  0.000e+00
      35.12     20.528    1485.84  0.000e+00
      35.12     20.618    1485.84  0.000e+00
      35.02     20.561    1485.84  0.000e+00
      34.95     20.528    1485.84  0.000e+00
      34.92     20.495    1485.84  0.000e+00
      34.95     20.561    1485.84  0.000e+00
      34.95     20.470    1485.84  0.000e+00
      34.92     20.495    1485.84  0.000e+00
      34.99     20.470    1485.84  0.000e+00
      35.04     20.437    1485.84  0.000e+00
      35.07     20.437    1485.84  0.000e+00
      35.07     20.413    1485.84  0.000e+00
      35.04     20.380    1485.84  0.000e+00
      35.04     20.314    1485.84  0.000e+00
      35.07     20.413    1485.84  0.000e+00
      35.09     20.314    1485.84  0.000e+00
      35.09     20.289    1485.84  0.000e+00
      35.12     20.256    1485.84  0.000e+00
      35.09     20.256    1485.84  0.000e+00
      35.09     20.223    1485.83  0.000e+00
      35.43     20.133    1485.83  0.000e+00
      35.65     20.191    1485.83  0.000e+00
      35.68     20.166    1485.83  0.000e+00
      35.68     20.133    1485.83  0.000e+00
      35.68     20.043    1485.83  0.000e+00
      35.65     20.067    1485.83  0.000e+00
      35.65     20.067    1485.83  0.000e+00
      35.65     20.043    1485.83  0.000e+00
      35.65     20.010    1485.83  0.000e+00
      35.63     20.010    1485.83  0.000e+00
      35.63     19.985    1485.83  0.000e+00
      35.63     19.886    1485.83  0.000e+00
      35.65     19.952    1485.83  0.000e+00
      35.68     19.919    1485.83  0.000e+00
      35.68     19.886    1485.83  0.000e+00
      35.68     19.952    1485.83  0.000e+00
      35.65     19.804    1485.83  0.000e+00
      35.65     19.886    1485.83  0.000e+00
      35.82     19.804    1485.83  0.000e+00
      35.95     19.829    1485.83  0.000e+00
      35.97     19.829    1485.83  0.000e+00
      35.97     19.804    1485.83  0.000e+00
      35.95     19.763    1485.83  0.000e+00
      35.95     19.763    1485.83  0.000e+00
      35.97     19.804    1485.83  0.000e+00
      36.00     19.705    1485.83  0.000e+00
      36.02     19.763    1485.83  0.000e+00
      36.02     19.738    1485.83  0.000e+00
      36.02     19.705    1485.83  0.000e+00
      36.00     19.681    1485.83  0.000e+00
      36.09     19.705    1485.83  0.000e+00
      36.17     19.705    1485.83  0.000e+00
      36.17     19.681    1485.83  0.000e+00
      36.17     19.705    1485.83  0.000e+00
      36.17     19.705    1485.83  0.000e+00
      36.17     19.681    1485.83  0.000e+00
      36.26     19.705    1485.83  0.000e+00
      36.34     19.640    1485.83  0.000e+00
      36.36     19.738    1485.83  0.000e+00
      36.36     19.640    1485.83  0.000e+00
      36.34     19.705    1485.83  0.000e+00
      36.34     19.681    1485.83  0.000e+00
      36.36     19.705    1485.83  0.000e+00
      36.39     19.681    1485.83  0.000e+00
      36.39     19.705    1485.83  0.000e+00
      36.39     19.705    1485.83  0.000e+00
      36.36     19.738    1485.83  0.000e+00
      36.39     19.705    1485.83  0.000e+00
      36.36     19.763    1485.83  0.000e+00
      36.36     19.738    1485.83  0.000e+00
      36.36     19.763    1485.83  0.000e+00
      36.34     19.705    1485.83  0.000e+00
      36.36     19.804    1485.83  0.000e+00
      36.36     19.763    1485.83  0.000e+00
      36.36     19.763    1485.83  0.000e+00
      36.41     19.861    1485.83  0.000e+00
      36.41     19.763    1485.83  0.000e+00
      36.41     19.861    1485.83  0.000e+00
      36.41     19.829    1485.83  0.000e+00
      36.39     19.829    1485.83  0.000e+00
      36.41     19.919    1485.83  0.000e+00
      36.41     19.886    1485.83  0.000e+00
      36.41     19.886    1485.83  0.000e+00
      36.39     19.919    1485.83  0.000e+00
      36.39     19.952    1485.83  0.000e+00
      36.39     19.952    1485.83  0.000e+00
      36.34     19.919    1485.83  0.000e+00
      36.19     20.009    1485.83  0.000e+00
      36.19     19.985    1485.83  0.000e+00
      36.17     20.009    1485.83  0.000e+00
      36.17     20.009    1485.83  0.000e+00
      36.17     20.042    1485.83  0.000e+00
      36.17     20.009    1485.83  0.000e+00
      36.17     20.067    1485.83  0.000e+00
      36.17     20.042    1485.83  0.000e+00
      36.17     20.067    1485.83  0.000e+00
      36.17     20.133    1485.83  0.000e+00
      36.17     20.108    1485.83  0.000e+00
      36.14     20.133    1485.83  0.000e+00
      36.12     20.108    1485.83  0.000e+00
      36.12     20.190    1485.83  0.000e+00
      36.12     20.133    1485.83  0.000e+00
      36.12     20.165    1485.83  0.000e+00
      36.12     20.190    1485.83  0.000e+00
      36.04     20.190    1485.83  0.000e+00
      35.97     20.165    1485.83  0.000e+00
      35.95     20.256    1485.83  0.000e+00
      35.97     20.190    1485.83  0.000e+00
      35.95     20.223    1485.83  0.000e+00
      35.97     20.256    1485.83  0.000e+00
      35.92     20.289    1485.83  0.000e+00
      35.90     20.256    1485.83  0.000e+00
      35.90     20.313    1485.84  0.000e+00
      35.90     20.223    1485.83  0.000e+00
      35.90     20.313    1485.84  0.000e+00
      35.90     20.313    1485.84  0.000e+00
      35.85     20.289    1485.83  0.000e+00
      35.78     20.313    1485.83  0.000e+00
      35.73     20.190    1485.83  0.000e+00
      35.73     20.412    1485.84  0.000e+00
      35.75     20.313    1485.83  0.000e+00
      35.73     20.346    1485.83  0.000e+00
      35.70     20.313    1485.83  0.000e+00
      35.68     20.313    1485.83  0.000e+00
      35.68     20.289    1485.83  0.000e+00
      35.68     20.313    1485.83  0.000e+00
      35.68     20.313    1485.83  0.000e+00
      35.68     20.346    1485.83  0.000e+00
      35.63     20.313    1485.83  0.000e+00
      35.60     20.289    1485.83  0.000e+00
      35.60     20.256    1485.83  0.000e+00
      35.60     20.379    1485.83  0.000e+00
      35.60     20.289    1485.83  0.000e+00
      35.60     20.256    1485.83  0.000e+00
      35.51     20.313    1485.83  0.000e+00
      35.46     20.289    1485.83  0.000e+00
      35.46     20.313    1485.83  0.000e+00
      35.46     20.223    1485.83  0.000e+00
      35.46     20.256    1485.83  0.000e+00
      35.43     20.313    1485.83  0.000e+00
      35.46     20.223    1485.83  0.000e+00
      35.46     20.256    1485.83  0.000e+00
      35.46     20.256    1485.83  0.000e+00
      35.46     20.223    1485.83  0.000e+00
