test_casts/EN695_007_test.cnv
* Sea-Bird SBE 9 Data File:
* FileName = D:\ctd\raw\EN695_007.hdr
* Software Version Seasave V 7.26.7.121
* Temperature SN = 4333
* Conductivity SN = 2459
* Number of Bytes Per Scan = 40
* Number of Voltage Words = 5
* Number of Scans Averaged by the Deck Unit = 1
* NMEA Latitude = 40 15.53 N
* NMEA Longitude = 070 52.99 W
* NMEA UTC (Time) = Jan 12 2023  22:43:05
* NMEA baud rate = 4800
** Ship: R/V Endeavor
** Cruise: EN695
** Principal Investigator: Heidi Sosik
** Chief Scientist: Heidi Sosik
** Project: NES-LTER Transect 12 Winter
** Cruise Start Date: 11 Jan 2023
** Ports: Senesco Shipyard to Senesco Shipyard, North Kingstown, Rhode Island
** Station:  L7
** Bottom Depth: 120m
** Operator:
# nquan = 4
# nvalues = 28781                                 
# units = specified
# name 0 = altM: Altimeter [m]
# name 1 = depSM: Depth [salt water, m]
# name 2 = svCM: Sound Velocity [Chen-Millero, m/s]
# name 3 = flag:  0.000e+00
# span 0 =       0.00,     100.00                 
# span 1 =      4.017,    114.977                 
# span 2 =    1493.20,    1514.84                 
# span 3 = 0.0000e+00, 0.0000e+00                 
# interval = seconds: 0.0416667
# start_time = Jan 12 2023 22:43:07 [System UTC, header]
# bad_flag = -9.990e-29
*END*
[from data line 9956]
      26.79     95.036    1514.43  0.000e+00
      26.79     95.093    1514.43  0.000e+00
      26.81     95.036    1514.43  0.000e+00
      26.79     95.093    1514.43  0.000e+00
      26.76     95.036    1514.43  0.000e+00
      26.74     95.036    1514.43  0.000e+00
      26.72     95.052    1514.43  0.000e+00
      26.72     95.036    1514.43  0.000e+00
      26.72     95.036    1514.43  0.000e+00
      26.72     95.036    1514.43  0.000e+00
      26.72     95.093    1514.43  0.000e+00
      26.67     94.970    1514.42  0.000e+00
      26.62     95.052    1514.43  0.000e+00
      26.62     95.036    1514.43  0.000e+00
      26.64     95.036    1514.43  0.000e+00
      26.62     94.970    1514.43  0.000e+00
      26.62     95.036    1514.43  0.000e+00
      26.67     95.036    1514.43  0.000e+00
      26.72     94.994    1514.43  0.000e+00
      26.72     95.036    1514.43  0.000e+00
      26.72     94.970    1514.43  0.000e+00
      26.69     95.035    1514.43  0.000e+00
      26.69     95.035    1514.43  0.000e+00
      26.76     95.035    1514.43  0.000e+00
      26.76     94.970    1514.43  0.000e+00
      26.79     94.994    1514.43  0.000e+00
      26.79     95.035    1514.43  0.000e+00
      26.76     94.970    1514.43  0.000e+00
      26.76     94.970    1514.43  0.000e+00
      26.67     95.035    1514.43  0.000e+00
      26.62     95.035    1514.43  0.000e+00
      26.62     94.994    1514.43  0.000e+00
      26.62     95.035    1514.43  0.000e+00
      26.59     94.970    1514.43  0.000e+00
      26.59     95.035    1514.43  0.000e+00
      26.54     95.035    1514.43  0.000e+00
      26.52     95.035    1514.43  0.000e+00
      26.52     94.994    1514.43  0.000e+00
      26.52     95.035    1514.43  0.000e+00
      26.52     94.969    1514.43  0.000e+00
      26.52     95.093    1514.43  0.000e+00
      26.57     95.035    1514.43  0.000e+00
      26.62     95.035    1514.43  0.000e+00
      26.62     95.035    1514.43  0.000e+00
      26.62     95.109    1514.43  0.000e+00
      26.62     94.969    1514.42  0.000e+00
      26.62     95.093    1514.43  0.000e+00
      26.62     95.093    1514.42  0.000e+00
      26.62     95.035    1514.42  0.000e+00
      26.62     95.035    1514.42  0.000e+00
      26.62     95.109    1514.43  0.000e+00
      26.62     95.093    1514.43  0.000e+00
      26.62     95.093    1514.43  0.000e+00
      26.64     95.035    1514.43  0.000e+00
      26.64     95.035    1514.42  0.000e+00
      26.64     95.150    1514.43  0.000e+00
      26.64     95.052    1514.42  0.000e+00
      26.64     95.093    1514.43  0.000e+00
      26.64     95.093    1514.43  0.000e+00
      26.62     95.093    1514.43  0.000e+00
      26.62     95.093    1514.43  0.000e+00
      26.59     95.093    1514.43  0.000e+00
      26.62     95.093    1514.43  0.000e+00
      26.62     95.109    1514.43  0.000e+00
      26.62     95.150    1514.43  0.000e+00
      26.72     95.035    1514.43  0.000e+00
      26.76     95.150    1514.43  0.000e+00
      26.79     95.093    1514.43  0.000e+00
      26.76     95.150    1514.43  0.000e+00
      26.76     95.051    1514.43  0.000e+00
      26.69     95.150    1514.43  0.000e+00
      26.54     95.093    1514.43  0.000e+00
      26.52     95.150    1514.43  0.000e+00
      26.52     95.092    1514.43  0.000e+00
      26.52     95.150    1514.43  0.000e+00
      26.54     95.109    1514.43  0.000e+00
      26.52     95.092    1514.43  0.000e+00
      26.59     95.150    1514.43  0.000e+00
      26.69     95.092    1514.43  0.000e+00
      26.69     95.150    1514.43  0.000e+00
      26.69     95.092    1514.43  0.000e+00
      26.69     95.150    1514.43  0.000e+00
      26.72     95.175    1514.43  0.000e+00
      26.84     95.092    1514.43  0.000e+00
      26.89     95.150    1514.43  0.000e+00
      26.91     95.092    1514.43  0.000e+00
      26.89     95.216    1514.43  0.000e+00
      26.89     95.092    1514.43  0.000e+00
      26.86     95.175    1514.43  0.000e+00
      26.72     95.150    1514.43  0.000e+00
      26.64     95.150    1514.43  0.000e+00
      26.64     95.092    1514.43  0.000e+00
      26.64     95.216    1514.43  0.000e+00
      26.64     95.150    1514.43  0.000e+00
      26.64     95.150    1514.43  0.000e+00
      26.72     95.109    1514.43  0.000e+00
      26.74     95.150    1514.43  0.000e+00
      26.74     95.150    1514.43  0.000e+00
      26.74     95.216    1514.43  0.000e+00
      26.72     95.150    1514.43  0.000e+00
      26.74     95.150    1514.43  0.000e+00
      26.79     95.174    1514.43  0.000e+00
      26.79     95.150    1514.43  0.000e+00
      26.81     95.216    1514.43  0.000e+00
      26.81     95.150    1514.43  0.000e+00
      26.79     95.150    1514.43  0.000e+00
      26.79     95.215    1514.44  0.000e+00
      26.67     95.174    1514.43  0.000e+00
      26.59     95.215    1514.44  0.000e+00
      26.59     95.215    1514.43  0.000e+00
      26.59     95.150    1514.43  0.000e+00
      26.57     95.215    1514.43  0.000e+00
      26.59     95.215    1514.43  0.000e+00
      26.62     95.215    1514.44  0.000e+00
      26.64     95.232    1514.44  0.000e+00
      26.62     95.273    1514.44  0.000e+00
      26.64     95.150    1514.43  0.000e+00
      26.62     95.215    1514.44  0.000e+00
      26.62     95.273    1514.44  0.000e+00
      26.62     95.215    1514.44  0.000e+00
      26.62     95.298    1514.44  0.000e+00
      26.62     95.215    1514.44  0.000e+00
      26.62     95.273    1514.44  0.000e+00
      26.59     95.273    1514.44  0.000e+00
      26.59     95.273    1514.44  0.000e+00
      26.47     95.273    1514.44  0.000e+00
      26.40     95.339    1514.44  0.000e+00
      26.37     95.298    1514.44  0.000e+00
      26.37     95.273    1514.44  0.000e+00
      26.37     95.339    1514.44  0.000e+00
      26.42     95.339    1514.44  0.000e+00
      26.50     95.339    1514.44  0.000e+00
      26.52     95.396    1514.44  0.000e+00
      26.52     95.355    1514.44  0.000e+00
      26.52     95.396    1514.44  0.000e+00
      26.52     95.396    1514.44  0.000e+00
      26.52     95.396    1514.44  0.000e+00
      26.45     95.396    1514.44  0.000e+00
      26.32     95.396    1514.44  0.000e+00
      26.30     95.396    1514.44  0.000e+00
      26.30     95.478    1514.44  0.000e+00
      26.30     95.462    1514.44  0.000e+00
      26.30     95.462    1514.44  0.000e+00
      26.35     95.462    1514.44  0.000e+00
      26.37     95.520    1514.44  0.000e+00
      26.40     95.462    1514.45  0.000e+00
      26.40     95.519    1514.45  0.000e+00
      26.37     95.536    1514.45  0.000e+00
      26.37     95.577    1514.45  0.000e+00
      26.35     95.519    1514.45  0.000e+00
      26.37     95.577    1514.45  0.000e+00
      26.35     95.577    1514.45  0.000e+00
      26.35     95.577    1514.45  0.000e+00
      26.35     95.577    1514.46  0.000e+00
      26.35     95.602    1514.46  0.000e+00
      26.52     95.643    1514.46  0.000e+00
      26.59     95.643    1514.46  0.000e+00
      26.59     95.643    1514.46  0.000e+00
      26.57     95.643    1514.46  0.000e+00
      26.57     95.700    1514.46  0.000e+00
      26.57     95.659    1514.46  0.000e+00
      26.52     95.700    1514.46  0.000e+00
      26.47     95.700    1514.46  0.000e+00
      26.50     95.766    1514.47  0.000e+00
      26.50     95.700    1514.47  0.000e+00
      26.47     95.766    1514.47  0.000e+00
      26.47     95.766    1514.47  0.000e+00
      26.40     95.782    1514.47  0.000e+00
      26.40     95.766    1514.46  0.000e+00
      26.40     95.824    1514.46  0.000e+00
      26.40     95.766    1514.46  0.000e+00
      26.37     95.824    1514.46  0.000e+00
      26.37     95.824    1514.46  0.000e+00
      26.25     95.824    1514.47  0.000e+00
      26.18     95.848    1514.47  0.000e+00
      26.15     95.881    1514.47  0.000e+00
      26.15     95.881    1514.48  0.000e+00
      26.18     95.881    1514.48  0.000e+00
      26.15     95.881    1514.48  0.000e+00
      26.13     95.881    1514.48  0.000e+00
      26.13     95.881    1514.48  0.000e+00
      26.13     95.906    1514.48  0.000e+00
      26.13     95.881    1514.48  0.000e+00
      26.13     95.947    1514.49  0.000e+00
      26.11     95.947    1514.49  0.000e+00
      26.11     95.881    1514.49  0.000e+00
      26.11     95.947    1514.49  0.000e+00
      26.08     95.947    1514.48  0.000e+00
      26.08     95.947    1514.48  0.000e+00
      26.11     95.963    1514.48  0.000e+00
      26.08     95.947    1514.48  0.000e+00
      25.93     95.947    1514.48  0.000e+00
      25.86     95.947    1514.48  0.000e+00
      25.89     96.004    1514.48  0.000e+00
      25.86     95.947    1514.48  0.000e+00
      25.86     95.947    1514.48  0.000e+00
      25.86     95.963    1514.48  0.000e+00
      25.81     95.947    1514.48  0.000e+00
      25.76     95.947    1514.48  0.000e+00
      25.76     95.947    1514.48  0.000e+00
      25.79     95.947    1514.47  0.000e+00
      25.76     95.947    1514.48  0.000e+00
      25.79     95.881    1514.48  0.000e+00
      25.86     95.963    1514.48  0.000e+00
      25.91     95.947    1514.48  0.000e+00
      25.91     95.881    1514.47  0.000e+00
      25.91     95.881    1514.47  0.000e+00
      25.89     95.946    1514.48  0.000e+00
      25.89     95.946    1514.48  0.000e+00
      25.86     95.881    1514.47  0.000e+00
      25.89     95.848    1514.48  0.000e+00
      25.86     95.881    1514.48  0.000e+00
      25.89     95.881    1514.48  0.000e+00
      25.86     95.881    1514.47  0.000e+00
      25.84     95.823    1514.47  0.000e+00
      25.81     95.823    1514.47  0.000e+00
      25.81     95.823    1514.47  0.000e+00
      25.79     95.782    1514.47  0.000e+00
      25.81     95.823    1514.46  0.000e+00
      25.79     95.765    1514.46  0.000e+00
      25.79     95.765    1514.46  0.000e+00
      25.84     95.765    1514.46  0.000e+00
      25.89     95.765    1514.46  0.000e+00
      25.86     95.765    1514.45  0.000e+00
      25.86     95.724    1514.45  0.000e+00
      25.86     95.699    1514.45  0.000e+00
      25.86     95.765    1514.45  0.000e+00
      25.86     95.699    1514.45  0.000e+00
      25.86     95.642    1514.45  0.000e+00
      25.86     95.642    1514.45  0.000e+00
      25.86     95.699    1514.45  0.000e+00
      25.84     95.724    1514.45  0.000e+00
      25.86     95.576    1514.45  0.000e+00
      25.93     95.699    1514.45  0.000e+00
      25.98     95.576    1514.45  0.000e+00
      25.98     95.642    1514.45  0.000e+00
      25.98     95.576    1514.44  0.000e+00
      25.98     95.642    1514.45  0.000e+00
      25.98     95.601    1514.45  0.000e+00
      25.98     95.576    1514.44  0.000e+00
      26.01     95.576    1514.44  0.000e+00
      26.01     95.576    1514.44  0.000e+00
      26.01     95.576    1514.44  0.000e+00
      25.98     95.576    1514.44  0.000e+00
      25.98     95.477    1514.44  0.000e+00
      25.89     95.576    1514.44  0.000e+00
      25.86     95.576    1514.44  0.000e+00
      25.86     95.518    1514.44  0.000e+00
      25.86     95.518    1514.44  0.000e+00
      25.86     95.518    1514.44  0.000e+00
      25.86     95.576    1514.44  0.000e+00
      25.93     95.535    1514.44  0.000e+00
      26.01     95.518    1514.44  0.000e+00
      26.01     95.518    1514.44  0.000e+00
      26.01     95.576    1514.45  0.000e+00
      25.98     95.518    1514.44  0.000e+00
      25.98     95.518    1514.45  0.000e+00
      25.96     95.576    1514.45  0.000e+00
      25.96     95.534    1514.45  0.000e+00
      25.96     95.518    1514.45  0.000e+00
      25.96     95.576    1514.45  0.000e+00
      25.96     95.518    1514.45  0.000e+00
      25.96     95.518    1514.45  0.000e+00
      26.01     95.576    1514.45  0.000e+00
      26.01     95.576    1514.45  0.000e+00
      26.01     95.600    1514.45  0.000e+00
      26.01     95.518    1514.45  0.000e+00
      25.98     95.576    1514.45  0.000e+00
      25.98     95.576    1514.45  0.000e+00
      25.96     95.575    1514.45  0.000e+00
      25.89     95.575    1514.45  0.000e+00
      25.86     95.658    1514.45  0.000e+00
      25.86     95.575    1514.45  0.000e+00
      25.86     95.641    1514.45  0.000e+00
      25.89     95.641    1514.45  0.000e+00
      26.03     95.641    1514.45  0.000e+00
      26.13     95.575    1514.45  0.000e+00
      26.13     95.641    1514.45  0.000e+00
      26.13     95.658    1514.46  0.000e+00
      26.11     95.699    1514.46  0.000e+00
      26.11     95.641    1514.46  0.000e+00
      25.98     95.699    1514.46  0.000e+00
      25.93     95.641    1514.46  0.000e+00
      25.93     95.699    1514.46  0.000e+00
      25.93     95.699    1514.46  0.000e+00
      25.93     95.723    1514.46  0.000e+00
      25.98     95.699    1514.46  0.000e+00
      26.03     95.699    1514.46  0.000e+00
      26.06     95.764    1514.46  0.000e+00
      26.06     95.699    1514.45  0.000e+00
      26.08     95.764    1514.46  0.000e+00
      26.06     95.764    1514.46  0.000e+00
      26.06     95.723    1514.46  0.000e+00
      26.06     95.822    1514.46  0.000e+00
      26.01     95.764    1514.46  0.000e+00
      26.01     95.764    1514.46  0.000e+00
      26.01     95.822    1514.46  0.000e+00
      25.98     95.764    1514.46  0.000e+00
      26.01     95.822    1514.46  0.000e+00
      26.23     95.781    1514.46  0.000e+00
      26.35     95.822    1514.46  0.000e+00
      26.37     95.822    1514.46  0.000e+00
      26.37     95.822    1514.47  0.000e+00
      26.35     95.822    1514.47  0.000e+00
      26.32     95.822    1514.47  0.000e+00
      26.15     95.822    1514.47  0.000e+00
      26.06     95.904    1514.47  0.000e+00
      26.06     95.822    1514.47  0.000e+00
      26.06     95.879    1514.47  0.000e+00
      26.06     95.879    1514.47  0.000e+00
      26.06     95.822    1514.47  0.000e+00
      25.98     95.879    1514.47  0.000e+00
      25.93     95.879    1514.47  0.000e+00
      25.93     95.904    1514.48  0.000e+00
      25.93     95.879    1514.48  0.000e+00
      25.93     95.879    1514.47  0.000e+00
      25.98     95.879    1514.47  0.000e+00
      26.23     95.879    1514.47  0.000e+00
      26.37     95.945    1514.47  0.000e+00
      26.37     95.879    1514.47  0.000e+00
      26.37     95.904    1514.47  0.000e+00
      26.37     95.879    1514.47  0.000e+00
      26.35     95.879    1514.47  0.000e+00
      25.98     95.945    1514.48  0.000e+00
      25.79     95.879    1514.48  0.000e+00
      25.74     95.879    1514.48  0.000e+00
      25.76     95.945    1514.48  0.000e+00
      25.79     95.904    1514.47  0.000e+00
      25.76     95.879    1514.47  0.000e+00
      25.74     95.945    1514.47  0.000e+00
      25.71     95.945    1514.47  0.000e+00
      25.71     95.879    1514.47  0.000e+00
      25.71     95.879    1514.47  0.000e+00
      25.71     95.945    1514.47  0.000e+00
      25.71     95.904    1514.47  0.000e+00
      25.81     95.879    1514.47  0.000e+00
      25.86     95.879    1514.47  0.000e+00
      25.86     95.945    1514.47  0.000e+00
      25.86     95.879    1514.47  0.000e+00
      25.84     95.879    1514.47  0.000e+00
      25.86     95.879    1514.47  0.000e+00
      25.86     95.780    1514.47  0.000e+00
      25.86     95.945    1514.47  0.000e+00
      25.86     95.945    1514.47  0.000e+00
      25.86     95.821    1514.47  0.000e+00
      25.86     95.879    1514.47  0.000e+00
      25.84     95.879    1514.47  0.000e+00
      25.76     95.879    1514.47  0.000e+00
      25.71     95.821    1514.47  0.000e+00
      25.71     95.904    1514.47  0.000e+00
      25.71     95.821    1514.47  0.000e+00
      25.69     95.821    1514.47  0.000e+00
      25.71     95.879    1514.47  0.000e+00
      25.71     95.821    1514.47  0.000e+00
      25.71     95.821    1514.47  0.000e+00
