test_casts/EN695_012_test.cnv
* Sea-Bird SBE 9 Data File:
* FileName = D:\ctd\raw\EN695_012.hdr
* Software Version Seasave V 7.26.7.121
* Temperature SN = 4333
* Conductivity SN = 2459
* Number of Bytes Per Scan = 40
* Number of Voltage Words = 5
* Number of Scans Averaged by the Deck Unit = 1
* NMEA Latitude = 40 41.59 N
* NMEA Longitude = 070 46.55 W
* NMEA UTC (Time) = Jan 14 2023  06:14:22
* NMEA baud rate = 4800
** Ship: R/V Endeavor
** Cruise: EN695
** Principal Investigator: Heidi Sosik
** Chief Scientist: Heidi Sosik
** Project: NES-LTER Transect 12 Winter
** Cruise Start Date: 11 Jan 2023
** Ports: Senesco Shipyard to Senesco Shipyard, North Kingstown, Rhode Island
** Station:  u4a
** Bottom Depth: 66
** Operator:
# nquan = 4
# nvalues = 7026                                  
# units = specified
# name 0 = altM: Altimeter [m]
# name 1 = depSM: Depth [salt water, m]
# name 2 = svCM: Sound Velocity [Chen-Millero, m/s]
# name 3 = flag:  0.000e+00
# span 0 =       5.49,      85.40                 
# span 1 =      2.915,     59.730                 
# span 2 =    1482.85,    1485.98                 
# span 3 = 0.0000e+00, 0.0000e+00                 
# interval = seconds: 0.0416667
# start_time = Jan 14 2023 06:14:24 [System UTC, header]
# bad_flag = -9.990e-29
*END*
[from data line 3556]
       8.23     57.112    1485.25  0.000e+00
       8.25     57.112    1485.25  0.000e+00
       8.23     57.112    1485.26  0.000e+00
       8.25     57.112    1485.26  0.000e+00
       8.25     57.112    1485.25  0.000e+00
       8.25     57.112    1485.25  0.000e+00
       8.23     57.112    1485.25  0.000e+00
       8.25     57.112    1485.25  0.000e+00
       8.25     57.054    1485.25  0.000e+00
       8.28     57.112    1485.25  0.000e+00
       8.25     57.112    1485.25  0.000e+00
       8.25     57.120    1485.25  0.000e+00
       8.25     57.054    1485.25  0.000e+00
       8.25     57.112    1485.25  0.000e+00
       8.28     57.054    1485.25  0.000e+00
       8.25     57.111    1485.25  0.000e+00
       8.28     57.054    1485.25  0.000e+00
       8.25     57.054    1485.25  0.000e+00
       8.25     57.054    1485.25  0.000e+00
       8.30     57.054    1485.25  0.000e+00
       8.28     56.988    1485.25  0.000e+00
       8.30     57.054    1485.25  0.000e+00
       8.30     56.988    1485.25  0.000e+00
       8.28     57.054    1485.25  0.000e+00
       8.33     56.988    1485.25  0.000e+00
       8.42     56.988    1485.25  0.000e+00
       8.45     56.930    1485.24  0.000e+00
       8.45     56.988    1485.24  0.000e+00
       8.45     56.930    1485.24  0.000e+00
       8.45     56.930    1485.24  0.000e+00
       8.45     56.930    1485.24  0.000e+00
       8.45     56.930    1485.24  0.000e+00
       8.47     56.930    1485.24  0.000e+00
       8.47     56.881    1485.24  0.000e+00
       8.47     56.873    1485.24  0.000e+00
       8.47     56.930    1485.24  0.000e+00
       8.47     56.873    1485.24  0.000e+00
       8.50     56.807    1485.25  0.000e+00
       8.50     56.873    1485.25  0.000e+00
       8.50     56.873    1485.25  0.000e+00
       8.47     56.807    1485.25  0.000e+00
       8.50     56.873    1485.25  0.000e+00
       8.52     56.807    1485.25  0.000e+00
       8.52     56.807    1485.25  0.000e+00
       8.55     56.807    1485.25  0.000e+00
       8.57     56.807    1485.25  0.000e+00
       8.57     56.807    1485.25  0.000e+00
       8.55     56.807    1485.25  0.000e+00
       8.57     56.749    1485.25  0.000e+00
       8.62     56.807    1485.25  0.000e+00
       8.62     56.807    1485.25  0.000e+00
       8.64     56.807    1485.25  0.000e+00
       8.64     56.807    1485.25  0.000e+00
       8.62     56.807    1485.25  0.000e+00
       8.62     56.807    1485.25  0.000e+00
       8.64     56.807    1485.25  0.000e+00
       8.62     56.807    1485.24  0.000e+00
       8.62     56.881    1485.25  0.000e+00
       8.62     56.872    1485.25  0.000e+00
       8.62     56.807    1485.24  0.000e+00
       8.62     56.872    1485.25  0.000e+00
       8.60     56.872    1485.25  0.000e+00
       8.60     56.872    1485.25  0.000e+00
       8.60     56.872    1485.25  0.000e+00
       8.60     56.930    1485.25  0.000e+00
       8.60     56.930    1485.24  0.000e+00
       8.57     56.930    1485.25  0.000e+00
       8.57     56.930    1485.25  0.000e+00
       8.57     56.987    1485.25  0.000e+00
       8.57     56.987    1485.24  0.000e+00
       8.57     57.053    1485.25  0.000e+00
       8.57     57.053    1485.25  0.000e+00
       8.55     57.053    1485.25  0.000e+00
       8.45     57.111    1485.25  0.000e+00
       8.40     57.176    1485.25  0.000e+00
       8.40     57.111    1485.25  0.000e+00
       8.40     57.176    1485.25  0.000e+00
       8.42     57.234    1485.25  0.000e+00
       8.38     57.234    1485.25  0.000e+00
       8.28     57.242    1485.25  0.000e+00
       8.25     57.357    1485.26  0.000e+00
       8.25     57.300    1485.26  0.000e+00
       8.23     57.357    1485.26  0.000e+00
       8.23     57.357    1485.26  0.000e+00
       8.23     57.481    1485.26  0.000e+00
       8.21     57.481    1485.26  0.000e+00
       8.21     57.481    1485.26  0.000e+00
       8.18     57.538    1485.26  0.000e+00
       8.18     57.604    1485.27  0.000e+00
       8.18     57.604    1485.27  0.000e+00
       8.16     57.604    1485.27  0.000e+00
       7.99     57.661    1485.28  0.000e+00
       7.91     57.727    1485.28  0.000e+00
       7.91     57.785    1485.29  0.000e+00
       7.94     57.785    1485.29  0.000e+00
       7.91     57.842    1485.30  0.000e+00
       7.91     57.842    1485.30  0.000e+00
       7.86     57.850    1485.30  0.000e+00
       7.81     57.908    1485.31  0.000e+00
       7.84     57.966    1485.31  0.000e+00
       7.84     58.031    1485.32  0.000e+00
       7.81     58.089    1485.33  0.000e+00
       7.81     58.031    1485.33  0.000e+00
       7.72     58.146    1485.33  0.000e+00
       7.69     58.146    1485.33  0.000e+00
       7.69     58.212    1485.33  0.000e+00
       7.69     58.212    1485.33  0.000e+00
       7.69     58.270    1485.33  0.000e+00
       7.69     58.270    1485.33  0.000e+00
       7.72     58.336    1485.34  0.000e+00
       7.72     58.393    1485.34  0.000e+00
       7.72     58.459    1485.35  0.000e+00
       7.72     58.401    1485.35  0.000e+00
       7.72     58.459    1485.36  0.000e+00
       7.67     58.516    1485.37  0.000e+00
       7.59     58.574    1485.38  0.000e+00
       7.55     58.574    1485.39  0.000e+00
       7.52     58.640    1485.40  0.000e+00
       7.55     58.697    1485.42  0.000e+00
       7.55     58.697    1485.44  0.000e+00
       7.50     58.697    1485.45  0.000e+00
       7.30     58.821    1485.47  0.000e+00
       7.23     58.821    1485.49  0.000e+00
       7.23     58.878    1485.52  0.000e+00
       7.23     58.821    1485.53  0.000e+00
       7.23     59.076    1485.55  0.000e+00
       7.20     59.001    1485.56  0.000e+00
       7.03     59.067    1485.57  0.000e+00
       6.96     59.125    1485.59  0.000e+00
       6.94     59.248    1485.61  0.000e+00
       6.96     59.191    1485.62  0.000e+00
       6.96     59.248    1485.64  0.000e+00
       6.89     59.306    1485.65  0.000e+00
       6.72     59.306    1485.66  0.000e+00
       6.64     59.371    1485.67  0.000e+00
       6.64     59.371    1485.68  0.000e+00
       6.64     59.380    1485.71  0.000e+00
       6.67     59.371    1485.73  0.000e+00
       6.54     59.429    1485.75  0.000e+00
       6.18     59.429    1485.75  0.000e+00
       6.06     59.429    1485.76  0.000e+00
       6.03     59.429    1485.76  0.000e+00
       6.06     59.429    1485.76  0.000e+00
       6.06     59.495    1485.78  0.000e+00
       6.01     59.429    1485.81  0.000e+00
       5.79     59.495    1485.84  0.000e+00
       5.69     59.495    1485.86  0.000e+00
       5.69     59.560    1485.86  0.000e+00
       5.69     59.429    1485.85  0.000e+00
       5.69     59.495    1485.82  0.000e+00
       5.67     59.495    1485.79  0.000e+00
       5.54     59.429    1485.76  0.000e+00
       5.52     59.495    1485.74  0.000e+00
       5.52     59.429    1485.73  0.000e+00
       5.54     59.429    1485.72  0.000e+00
       5.52     59.371    1485.72  0.000e+00
       5.52     59.429    1485.72  0.000e+00
       5.52     59.437    1485.72  0.000e+00
       5.49     59.371    1485.71  0.000e+00
       5.49     59.371    1485.70  0.000e+00
       5.49     59.371    1485.69  0.000e+00
       5.49     59.305    1485.69  0.000e+00
       5.49     59.305    1485.68  0.000e+00
       5.52     59.371    1485.69  0.000e+00
       5.52     59.305    1485.68  0.000e+00
       5.52     59.248    1485.66  0.000e+00
       5.54     59.248    1485.63  0.000e+00
       5.54     59.190    1485.61  0.000e+00
       5.57     59.198    1485.59  0.000e+00
       5.64     59.190    1485.57  0.000e+00
       5.67     59.124    1485.55  0.000e+00
       5.67     59.124    1485.53  0.000e+00
       5.67     59.067    1485.50  0.000e+00
       5.67     59.124    1485.47  0.000e+00
       5.69     59.001    1485.43  0.000e+00
       5.76     59.066    1485.40  0.000e+00
       5.79     58.943    1485.38  0.000e+00
       5.79     58.943    1485.37  0.000e+00
       5.79     59.001    1485.35  0.000e+00
       5.79     58.877    1485.34  0.000e+00
       5.84     58.885    1485.34  0.000e+00
       5.96     58.877    1485.34  0.000e+00
       5.98     58.877    1485.35  0.000e+00
       5.98     58.820    1485.35  0.000e+00
       5.98     58.820    1485.35  0.000e+00
       5.98     58.762    1485.34  0.000e+00
       6.01     58.762    1485.34  0.000e+00
       6.08     58.762    1485.33  0.000e+00
       6.08     58.696    1485.32  0.000e+00
       6.11     58.696    1485.31  0.000e+00
       6.08     58.696    1485.31  0.000e+00
       6.08     58.639    1485.30  0.000e+00
       6.11     58.639    1485.30  0.000e+00
       6.28     58.581    1485.30  0.000e+00
       6.32     58.573    1485.30  0.000e+00
       6.32     58.573    1485.29  0.000e+00
       6.32     58.573    1485.29  0.000e+00
       6.32     58.573    1485.29  0.000e+00
       6.32     58.515    1485.29  0.000e+00
       6.37     58.515    1485.29  0.000e+00
       6.40     58.457    1485.29  0.000e+00
       6.40     58.457    1485.29  0.000e+00
       6.40     58.457    1485.29  0.000e+00
       6.42     58.457    1485.29  0.000e+00
       6.42     58.457    1485.29  0.000e+00
       6.52     58.392    1485.28  0.000e+00
       6.54     58.400    1485.28  0.000e+00
       6.54     58.392    1485.28  0.000e+00
       6.54     58.334    1485.28  0.000e+00
       6.54     58.334    1485.28  0.000e+00
       6.57     58.268    1485.28  0.000e+00
       6.67     58.334    1485.28  0.000e+00
       6.69     58.268    1485.28  0.000e+00
       6.69     58.268    1485.28  0.000e+00
       6.69     58.268    1485.28  0.000e+00
       6.72     58.268    1485.28  0.000e+00
       6.72     58.210    1485.28  0.000e+00
       6.79     58.210    1485.28  0.000e+00
       6.81     58.210    1485.28  0.000e+00
       6.81     58.145    1485.28  0.000e+00
       6.79     58.161    1485.28  0.000e+00
       6.81     58.145    1485.28  0.000e+00
       6.81     58.145    1485.28  0.000e+00
       6.86     58.145    1485.28  0.000e+00
       6.89     58.145    1485.28  0.000e+00
       6.86     58.029    1485.27  0.000e+00
       6.89     58.145    1485.28  0.000e+00
       6.89     58.029    1485.27  0.000e+00
       6.89     58.029    1485.27  0.000e+00
       6.96     58.087    1485.27  0.000e+00
       6.98     58.029    1485.27  0.000e+00
       6.98     58.029    1485.27  0.000e+00
       6.98     57.963    1485.27  0.000e+00
       7.01     58.029    1485.27  0.000e+00
       7.01     57.906    1485.27  0.000e+00
       7.08     57.972    1485.27  0.000e+00
       7.11     57.963    1485.27  0.000e+00
       7.11     57.906    1485.27  0.000e+00
       7.11     57.906    1485.27  0.000e+00
       7.11     57.963    1485.27  0.000e+00
       7.13     57.906    1485.27  0.000e+00
       7.20     57.840    1485.27  0.000e+00
       7.20     57.906    1485.27  0.000e+00
       7.20     57.840    1485.27  0.000e+00
       7.20     57.906    1485.27  0.000e+00
       7.20     57.840    1485.27  0.000e+00
       7.23     57.782    1485.27  0.000e+00
       7.30     57.906    1485.27  0.000e+00
       7.33     57.782    1485.27  0.000e+00
       7.35     57.840    1485.27  0.000e+00
       7.35     57.782    1485.27  0.000e+00
       7.33     57.782    1485.27  0.000e+00
       7.35     57.848    1485.27  0.000e+00
       7.40     57.782    1485.27  0.000e+00
       7.42     57.782    1485.27  0.000e+00
       7.42     57.782    1485.27  0.000e+00
       7.42     57.782    1485.27  0.000e+00
       7.42     57.782    1485.27  0.000e+00
       7.45     57.725    1485.27  0.000e+00
       7.52     57.782    1485.27  0.000e+00
       7.52     57.782    1485.27  0.000e+00
       7.52     57.782    1485.27  0.000e+00
       7.52     57.725    1485.27  0.000e+00
       7.52     57.782    1485.27  0.000e+00
       7.55     57.725    1485.27  0.000e+00
       7.55     57.724    1485.27  0.000e+00
       7.57     57.840    1485.28  0.000e+00
       7.57     57.724    1485.28  0.000e+00
       7.57     57.790    1485.28  0.000e+00
       7.57     57.724    1485.28  0.000e+00
       7.57     57.782    1485.28  0.000e+00
       7.62     57.724    1485.28  0.000e+00
       7.64     57.782    1485.28  0.000e+00
       7.64     57.782    1485.28  0.000e+00
       7.64     57.724    1485.28  0.000e+00
       7.64     57.782    1485.28  0.000e+00
       7.67     57.782    1485.28  0.000e+00
       7.67     57.782    1485.28  0.000e+00
       7.67     57.724    1485.28  0.000e+00
       7.67     57.839    1485.28  0.000e+00
       7.67     57.724    1485.28  0.000e+00
       7.67     57.839    1485.29  0.000e+00
       7.67     57.782    1485.29  0.000e+00
       7.64     57.839    1485.29  0.000e+00
       7.67     57.782    1485.29  0.000e+00
       7.64     57.790    1485.29  0.000e+00
       7.64     57.839    1485.29  0.000e+00
       7.67     57.839    1485.29  0.000e+00
       7.64     57.839    1485.28  0.000e+00
       7.64     57.839    1485.28  0.000e+00
       7.62     57.905    1485.28  0.000e+00
       7.62     57.905    1485.28  0.000e+00
       7.62     57.839    1485.28  0.000e+00
       7.64     57.905    1485.28  0.000e+00
       7.62     57.905    1485.28  0.000e+00
       7.62     57.905    1485.28  0.000e+00
       7.59     57.963    1485.28  0.000e+00
       7.59     57.905    1485.29  0.000e+00
       7.59     57.963    1485.29  0.000e+00
       7.59     58.028    1485.29  0.000e+00
       7.59     57.962    1485.29  0.000e+00
       7.57     57.971    1485.29  0.000e+00
       7.57     58.028    1485.30  0.000e+00
       7.57     58.086    1485.30  0.000e+00
       7.57     58.086    1485.30  0.000e+00
       7.57     58.086    1485.30  0.000e+00
       7.55     58.143    1485.30  0.000e+00
       7.47     58.086    1485.30  0.000e+00
       7.42     58.143    1485.31  0.000e+00
       7.42     58.209    1485.31  0.000e+00
       7.42     58.143    1485.31  0.000e+00
       7.42     58.209    1485.31  0.000e+00
       7.42     58.267    1485.31  0.000e+00
       7.37     58.267    1485.32  0.000e+00
       7.40     58.267    1485.32  0.000e+00
       7.40     58.209    1485.32  0.000e+00
       7.40     58.464    1485.33  0.000e+00
       7.40     58.332    1485.33  0.000e+00
       7.37     58.390    1485.33  0.000e+00
       7.30     58.456    1485.33  0.000e+00
       7.28     58.456    1485.33  0.000e+00
       7.28     58.456    1485.33  0.000e+00
       7.28     58.513    1485.34  0.000e+00
       7.30     58.513    1485.34  0.000e+00
       7.28     58.571    1485.34  0.000e+00
       7.18     58.571    1485.34  0.000e+00
       7.13     58.637    1485.34  0.000e+00
       7.16     58.637    1485.35  0.000e+00
       7.16     58.694    1485.36  0.000e+00
       7.16     58.702    1485.37  0.000e+00
       7.16     58.760    1485.38  0.000e+00
       7.16     58.760    1485.39  0.000e+00
       7.13     58.760    1485.40  0.000e+00
       7.13     58.817    1485.41  0.000e+00
       7.13     58.875    1485.42  0.000e+00
       7.16     58.875    1485.43  0.000e+00
       7.11     58.941    1485.44  0.000e+00
       7.01     58.941    1485.44  0.000e+00
       6.96     58.998    1485.45  0.000e+00
       6.96     58.998    1485.45  0.000e+00
       6.98     59.064    1485.46  0.000e+00
       6.96     59.072    1485.49  0.000e+00
       6.94     59.122    1485.51  0.000e+00
       6.89     59.122    1485.53  0.000e+00
       6.84     59.187    1485.54  0.000e+00
       6.84     59.187    1485.55  0.000e+00
       6.84     59.302    1485.56  0.000e+00
       6.86     59.245    1485.57  0.000e+00
       6.81     59.302    1485.59  0.000e+00
       6.67     59.368    1485.61  0.000e+00
       6.62     59.368    1485.62  0.000e+00
       6.62     59.368    1485.63  0.000e+00
       6.64     59.434    1485.64  0.000e+00
       6.64     59.492    1485.67  0.000e+00
       6.57     59.426    1485.70  0.000e+00
