test_casts/EN695_014_test.cnv
* Sea-Bird SBE 9 Data File:
* FileName = D:\ctd\raw\EN695_014.hdr
* Software Version Seasave V 7.26.7.121
* Temperature SN = 4333
* Conductivity SN = 2459
* Number of Bytes Per Scan = 40
* Number of Voltage Words = 5
* Number of Scans Averaged by the Deck Unit = 1
* NMEA Latitude = 40 41.94 N
* NMEA Longitude = 070 53.14 W
* NMEA UTC (Time) = Jan 14 2023  09:34:14
* NMEA baud rate = 4800
** Ship: R/V Endeavor
** Cruise: EN695
** Principal Investigator: Heidi Sosik
** Chief Scientist: Heidi Sosik
** Project: NES-LTER Transect 12 Winter
** Cruise Start Date: 11 Jan 2023
** Ports: Senesco Shipyard to Senesco Shipyard, North Kingstown, Rhode Island
** Station:  L4
** Bottom Depth: 65
** Operator:
# nquan = 4
# nvalues = 8470                                  
# units = specified
# name 0 = altM: Altimeter [m]
# name 1 = depSM: Depth [salt water, m]
# name 2 = svCM: Sound Velocity [Chen-Millero, m/s]
# name 3 = flag:  0.000e+00
# span 0 =       0.00,      68.35                 
# span 1 =      3.947,     60.778                 
# span 2 =    1484.26,    1493.95                 
# span 3 = 0.0000e+00, 0.0000e+00                 
# interval = seconds: 0.0416667
# start_time = Jan 14 2023 09:34:16 [System UTC, header]
# bad_flag = -9.990e-29
*END*
[from data line 6401]
      50.74     15.429    1485.23  0.000e+00
      50.74     15.429    1485.24  0.000e+00
      50.72     15.429    1485.24  0.000e+00
      50.72     15.429    1485.25  0.000e+00
      50.72     15.347    1485.27  0.000e+00
      50.82     15.306    1485.29  0.000e+00
      51.09     15.306    1485.30  0.000e+00
      51.21     15.248    1485.32  0.000e+00
      51.21     15.248    1485.34  0.000e+00
      51.21     15.182    1485.36  0.000e+00
      51.18     15.166    1485.38  0.000e+00
      51.21     15.125    1485.39  0.000e+00
      51.28     15.067    1485.40  0.000e+00
      51.28     15.001    1485.39  0.000e+00
      51.31     15.001    1485.36  0.000e+00
      51.28     14.985    1485.33  0.000e+00
      51.28     14.944    1485.31  0.000e+00
      51.26     14.878    1485.29  0.000e+00
      51.23     14.878    1485.29  0.000e+00
      51.21     14.821    1485.29  0.000e+00
      51.23     14.755    1485.28  0.000e+00
      51.23     14.796    1485.26  0.000e+00
      51.21     14.697    1485.22  0.000e+00
      51.31     14.697    1485.18  0.000e+00
      51.55     14.697    1485.15  0.000e+00
      51.65     14.574    1485.12  0.000e+00
      51.65     14.558    1485.08  0.000e+00
      51.65     14.516    1485.05  0.000e+00
      51.60     14.516    1485.02  0.000e+00
      51.65     14.393    1485.00  0.000e+00
      51.70     14.451    1484.99  0.000e+00
      51.75     14.336    1484.99  0.000e+00
      51.75     14.311    1484.98  0.000e+00
      51.72     14.270    1484.98  0.000e+00
      51.72     14.270    1484.99  0.000e+00
      51.77     14.212    1484.99  0.000e+00
      51.89     14.146    1484.99  0.000e+00
      51.92     14.146    1484.99  0.000e+00
      51.92     14.072    1484.97  0.000e+00
      51.92     14.089    1484.96  0.000e+00
      51.89     14.031    1484.94  0.000e+00
      51.97     13.966    1484.94  0.000e+00
      52.09     14.031    1484.93  0.000e+00
      52.11     13.908    1484.93  0.000e+00
      52.11     13.908    1484.93  0.000e+00
      52.11     13.883    1484.93  0.000e+00
      52.09     13.842    1484.93  0.000e+00
      52.21     13.719    1484.92  0.000e+00
      52.38     13.785    1484.91  0.000e+00
      52.45     13.719    1484.89  0.000e+00
      52.45     13.661    1484.88  0.000e+00
      52.45     13.703    1484.88  0.000e+00
      52.41     13.604    1484.88  0.000e+00
      52.48     13.604    1484.88  0.000e+00
      52.58     13.604    1484.88  0.000e+00
      52.63     13.538    1484.89  0.000e+00
      52.60     13.538    1484.90  0.000e+00
      52.60     13.538    1484.92  0.000e+00
      52.58     13.398    1484.95  0.000e+00
      52.65     13.481    1484.99  0.000e+00
      52.80     13.481    1485.05  0.000e+00
      52.82     13.481    1485.08  0.000e+00
      52.82     13.357    1485.10  0.000e+00
      52.82     13.415    1485.13  0.000e+00
      52.80     13.341    1485.13  0.000e+00
      52.84     13.415    1485.12  0.000e+00
      52.99     13.300    1485.10  0.000e+00
      53.04     13.357    1485.09  0.000e+00
      53.06     13.300    1485.09  0.000e+00
      53.04     13.357    1485.08  0.000e+00
      53.02     13.300    1485.06  0.000e+00
      53.09     13.217    1485.05  0.000e+00
      53.19     13.357    1485.05  0.000e+00
      53.24     13.234    1485.04  0.000e+00
      53.21     13.300    1485.04  0.000e+00
      53.21     13.234    1485.02  0.000e+00
      53.19     13.234    1485.00  0.000e+00
      53.26     13.300    1484.98  0.000e+00
      53.60     13.217    1484.96  0.000e+00
      53.75     13.234    1484.94  0.000e+00
      53.77     13.234    1484.91  0.000e+00
      53.77     13.234    1484.90  0.000e+00
      53.72     13.234    1484.89  0.000e+00
      53.75     13.176    1484.88  0.000e+00
      53.82     13.234    1484.88  0.000e+00
      53.85     13.151    1484.88  0.000e+00
      53.85     13.234    1484.88  0.000e+00
      53.85     13.110    1484.88  0.000e+00
      53.82     13.234    1484.88  0.000e+00
      53.80     13.110    1484.88  0.000e+00
      53.75     13.176    1484.88  0.000e+00
      53.70     13.176    1484.88  0.000e+00
      53.70     13.094    1484.88  0.000e+00
      53.70     13.176    1484.87  0.000e+00
      53.70     13.110    1484.87  0.000e+00
      53.75     13.110    1484.87  0.000e+00
      53.92     13.176    1484.87  0.000e+00
      53.99     13.110    1484.87  0.000e+00
      53.97     13.110    1484.87  0.000e+00
      53.97     13.094    1484.87  0.000e+00
      53.94     13.110    1484.86  0.000e+00
      53.94     13.110    1484.86  0.000e+00
      53.92     13.053    1484.88  0.000e+00
      53.92     13.110    1484.90  0.000e+00
      53.92     13.053    1484.93  0.000e+00
      53.92     12.987    1484.95  0.000e+00
      53.89     13.094    1484.97  0.000e+00
      53.97     13.053    1484.99  0.000e+00
      54.09     12.987    1484.99  0.000e+00
      54.14     13.053    1484.98  0.000e+00
      54.14     12.987    1484.94  0.000e+00
      54.14     12.987    1484.89  0.000e+00
      54.11     13.053    1484.86  0.000e+00
      54.07     12.971    1484.85  0.000e+00
      53.80     12.929    1484.85  0.000e+00
      53.65     12.987    1484.85  0.000e+00
      53.65     12.929    1484.86  0.000e+00
      53.65     12.987    1484.85  0.000e+00
      53.63     12.929    1484.84  0.000e+00
      53.75     12.929    1484.83  0.000e+00
      54.11     12.971    1484.85  0.000e+00
      54.26     12.872    1484.87  0.000e+00
      54.29     12.929    1484.87  0.000e+00
      54.26     12.872    1484.86  0.000e+00
      54.24     12.929    1484.87  0.000e+00
      54.26     12.872    1484.87  0.000e+00
      54.31     12.872    1484.86  0.000e+00
      54.33     12.790    1484.84  0.000e+00
      54.33     12.872    1484.78  0.000e+00
      54.31     12.806    1484.71  0.000e+00
      54.31     12.806    1484.67  0.000e+00
      54.31     12.806    1484.64  0.000e+00
      54.31     12.749    1484.61  0.000e+00
      54.31     12.749    1484.57  0.000e+00
      54.31     12.732    1484.54  0.000e+00
      54.31     12.749    1484.52  0.000e+00
      54.29     12.683    1484.50  0.000e+00
      54.14     12.683    1484.49  0.000e+00
      53.68     12.625    1484.49  0.000e+00
      53.48     12.625    1484.51  0.000e+00
      53.48     12.625    1484.52  0.000e+00
      53.48     12.625    1484.50  0.000e+00
      53.48     12.543    1484.49  0.000e+00
      53.55     12.568    1484.48  0.000e+00
      53.77     12.568    1484.46  0.000e+00
      53.85     12.502    1484.45  0.000e+00
      53.85     12.502    1484.45  0.000e+00
      53.85     12.502    1484.45  0.000e+00
      53.82     12.502    1484.46  0.000e+00
      53.87     12.420    1484.48  0.000e+00
      53.99     12.444    1484.51  0.000e+00
      54.04     12.379    1484.54  0.000e+00
      54.04     12.444    1484.55  0.000e+00
      54.04     12.379    1484.56  0.000e+00
      54.02     12.379    1484.57  0.000e+00
      53.97     12.321    1484.58  0.000e+00
      53.89     12.321    1484.59  0.000e+00
      53.85     12.305    1484.60  0.000e+00
      53.85     12.321    1484.62  0.000e+00
      53.85     12.255    1484.65  0.000e+00
      53.82     12.255    1484.67  0.000e+00
      53.80     12.255    1484.67  0.000e+00
      53.72     12.198    1484.68  0.000e+00
      53.68     12.198    1484.72  0.000e+00
      53.70     12.198    1484.74  0.000e+00
      53.68     12.181    1484.73  0.000e+00
      53.68     12.074    1484.70  0.000e+00
      53.65     12.140    1484.70  0.000e+00
      53.63     12.140    1484.70  0.000e+00
      53.60     12.074    1484.71  0.000e+00
      53.60     12.074    1484.73  0.000e+00
      53.60     12.017    1484.74  0.000e+00
      53.58     12.074    1484.75  0.000e+00
      53.65     12.058    1484.75  0.000e+00
      53.80     12.017    1484.76  0.000e+00
      53.85     11.951    1484.76  0.000e+00
      53.85     12.017    1484.76  0.000e+00
      53.85     11.951    1484.77  0.000e+00
      53.82     11.951    1484.77  0.000e+00
      53.77     11.951    1484.77  0.000e+00
      53.65     11.951    1484.77  0.000e+00
      53.60     11.877    1484.77  0.000e+00
      53.60     11.893    1484.76  0.000e+00
      53.60     11.836    1484.76  0.000e+00
      53.58     11.893    1484.77  0.000e+00
      53.72     11.836    1484.77  0.000e+00
      54.14     11.836    1484.77  0.000e+00
      54.31     11.770    1484.76  0.000e+00
      54.33     11.770    1484.74  0.000e+00
      54.31     11.770    1484.72  0.000e+00
      54.26     11.754    1484.71  0.000e+00
      54.26     11.770    1484.71  0.000e+00
      54.21     11.713    1484.70  0.000e+00
      54.21     11.713    1484.70  0.000e+00
      54.21     11.647    1484.69  0.000e+00
      54.21     11.713    1484.70  0.000e+00
      54.19     11.647    1484.71  0.000e+00
      54.29     11.647    1484.70  0.000e+00
      54.60     11.573    1484.69  0.000e+00
      54.73     11.589    1484.68  0.000e+00
      54.73     11.524    1484.68  0.000e+00
      54.70     11.524    1484.69  0.000e+00
      54.68     11.524    1484.70  0.000e+00
      54.73     11.466    1484.69  0.000e+00
      54.95     11.466    1484.68  0.000e+00
      55.02     11.408    1484.68  0.000e+00
      55.02     11.408    1484.69  0.000e+00
      55.02     11.392    1484.69  0.000e+00
      54.99     11.408    1484.70  0.000e+00
      54.99     11.285    1484.72  0.000e+00
      54.92     11.285    1484.74  0.000e+00
      54.90     11.285    1484.74  0.000e+00
      54.90     11.219    1484.73  0.000e+00
      54.90     11.219    1484.72  0.000e+00
      54.90     11.162    1484.71  0.000e+00
      55.04     11.219    1484.71  0.000e+00
      55.38     11.162    1484.70  0.000e+00
      55.53     11.022    1484.70  0.000e+00
      55.53     11.039    1484.69  0.000e+00
      55.53     11.039    1484.69  0.000e+00
      55.51     10.981    1484.69  0.000e+00
      55.53     10.981    1484.68  0.000e+00
      55.60     10.915    1484.68  0.000e+00
      55.63     10.915    1484.68  0.000e+00
      55.60     10.800    1484.66  0.000e+00
      55.63     10.858    1484.65  0.000e+00
      55.60     10.800    1484.64  0.000e+00
      55.70     10.718    1484.64  0.000e+00
      56.00     10.734    1484.64  0.000e+00
      56.14     10.677    1484.64  0.000e+00
      56.14     10.611    1484.64  0.000e+00
      56.12     10.611    1484.64  0.000e+00
      56.09     10.611    1484.64  0.000e+00
      56.14     10.554    1484.64  0.000e+00
      56.26     10.488    1484.64  0.000e+00
      56.29     10.488    1484.65  0.000e+00
      56.29     10.430    1484.66  0.000e+00
      56.29     10.356    1484.65  0.000e+00
      56.26     10.373    1484.62  0.000e+00
      56.34     10.307    1484.59  0.000e+00
      56.63     10.249    1484.56  0.000e+00
      56.75     10.307    1484.54  0.000e+00
      56.75     10.184    1484.53  0.000e+00
      56.73     10.126    1484.52  0.000e+00
      56.70     10.126    1484.51  0.000e+00
      56.78     10.069    1484.50  0.000e+00
      56.90     10.003    1484.49  0.000e+00
      56.95     10.003    1484.48  0.000e+00
      56.97      9.945    1484.47  0.000e+00
      56.95      9.929    1484.47  0.000e+00
      56.92      9.879    1484.48  0.000e+00
      56.92      9.879    1484.48  0.000e+00
      56.90      9.756    1484.48  0.000e+00
      56.87      9.822    1484.48  0.000e+00
      56.87      9.699    1484.47  0.000e+00
      56.87      9.699    1484.46  0.000e+00
      56.85      9.641    1484.46  0.000e+00
      56.90      9.575    1484.45  0.000e+00
      57.12      9.641    1484.45  0.000e+00
      57.22      9.518    1484.44  0.000e+00
      57.22      9.452    1484.44  0.000e+00
      57.22      9.518    1484.44  0.000e+00
      57.19      9.271    1484.44  0.000e+00
      57.31      9.501    1484.44  0.000e+00
      57.61      9.271    1484.44  0.000e+00
      57.75      9.337    1484.44  0.000e+00
      57.75      9.214    1484.43  0.000e+00
      57.73      9.271    1484.44  0.000e+00
      57.70      9.148    1484.43  0.000e+00
      57.70      9.148    1484.43  0.000e+00
      57.66      9.090    1484.43  0.000e+00
      57.66      9.090    1484.43  0.000e+00
      57.66      9.090    1484.43  0.000e+00
      57.66      9.033    1484.43  0.000e+00
      57.63      8.909    1484.43  0.000e+00
      57.75      8.967    1484.43  0.000e+00
      58.02      8.967    1484.43  0.000e+00
      58.17      8.909    1484.43  0.000e+00
      58.17      8.827    1484.43  0.000e+00
      58.14      8.786    1484.42  0.000e+00
      58.14      8.844    1484.42  0.000e+00
      58.17      8.720    1484.42  0.000e+00
      58.29      8.786    1484.42  0.000e+00
      58.36      8.720    1484.42  0.000e+00
      58.36      8.663    1484.42  0.000e+00
      58.36      8.663    1484.42  0.000e+00
      58.34      8.663    1484.42  0.000e+00
      58.39      8.605    1484.41  0.000e+00
      58.63      8.605    1484.42  0.000e+00
      58.75      8.605    1484.42  0.000e+00
      58.78      8.539    1484.42  0.000e+00
      58.78      8.605    1484.43  0.000e+00
      58.75      8.539    1484.44  0.000e+00
      58.71      8.539    1484.45  0.000e+00
      58.51      8.482    1484.44  0.000e+00
      58.44      8.539    1484.43  0.000e+00
      58.46      8.465    1484.43  0.000e+00
      58.44      8.482    1484.42  0.000e+00
      58.44      8.482    1484.42  0.000e+00
      58.44      8.482    1484.42  0.000e+00
      58.46      8.482    1484.42  0.000e+00
      58.49      8.482    1484.42  0.000e+00
      58.49      8.416    1484.42  0.000e+00
      58.49      8.482    1484.42  0.000e+00
      58.46      8.416    1484.41  0.000e+00
      58.58      8.416    1484.41  0.000e+00
      59.02      8.416    1484.41  0.000e+00
      59.22      8.482    1484.42  0.000e+00
      59.24      8.416    1484.42  0.000e+00
      59.22      8.482    1484.43  0.000e+00
      59.19      8.416    1484.43  0.000e+00
      59.17      8.482    1484.43  0.000e+00
      59.02      8.416    1484.43  0.000e+00
      58.97      8.416    1484.44  0.000e+00
      58.95      8.482    1484.44  0.000e+00
      58.95      8.482    1484.44  0.000e+00
      58.95      8.465    1484.44  0.000e+00
      59.07      8.482    1484.44  0.000e+00
      59.49      8.482    1484.44  0.000e+00
      59.68      8.482    1484.45  0.000e+00
      59.68      8.482    1484.46  0.000e+00
      59.68      8.539    1484.47  0.000e+00
      59.63      8.482    1484.49  0.000e+00
      59.73      8.482    1484.51  0.000e+00
      60.05      8.539    1484.53  0.000e+00
      60.20      8.539    1484.54  0.000e+00
      60.20      8.539    1484.54  0.000e+00
      60.20      8.482    1484.55  0.000e+00
      60.17      8.605    1484.55  0.000e+00
      60.17      8.539    1484.53  0.000e+00
      60.27      8.539    1484.51  0.000e+00
      60.32      8.605    1484.50  0.000e+00
      60.32      8.539    1484.50  0.000e+00
      60.32      8.605    1484.51  0.000e+00
      60.29      8.539    1484.50  0.000e+00
      60.29      8.646    1484.49  0.000e+00
      60.44      8.663    1484.49  0.000e+00
      60.51      8.605    1484.49  0.000e+00
      60.51      8.663    1484.48  0.000e+00
      60.51      8.605    1484.47  0.000e+00
      60.49      8.663    1484.47  0.000e+00
      60.46      8.662    1484.48  0.000e+00
      60.37      8.605    1484.47  0.000e+00
      60.29      8.662    1484.45  0.000e+00
      60.29      8.662    1484.43  0.000e+00
      60.29      8.720    1484.42  0.000e+00
      60.29      8.605    1484.41  0.000e+00
      60.46      8.720    1484.41  0.000e+00
      60.95      8.662    1484.40  0.000e+00
      61.10      8.662    1484.40  0.000e+00
      61.10      8.662    1484.39  0.000e+00
      61.10      8.605    1484.39  0.000e+00
      61.07      8.662    1484.39  0.000e+00
      60.95      8.588    1484.39  0.000e+00
