test_casts/EN695_009_test.cnv
* Sea-Bird SBE 9 Data File:
* FileName = D:\ctd\raw\EN695_009.hdr
* Software Version Seasave V 7.26.7.121
* Temperature SN = 4333
* Conductivity SN = 2459
* Number of Bytes Per Scan = 40
* Number of Voltage Words = 5
* Number of Scans Averaged by the Deck Unit = 1
* NMEA Latitude = 40 41.80 N
* NMEA Longitude = 070 53.03 W
* NMEA UTC (Time) = Jan 13 2023  04:19:11
* NMEA baud rate = 4800
** Ship: R/V Endeavor
** Cruise: EN695
** Principal Investigator: Heidi Sosik
** Chief Scientist: Heidi Sosik
** Project: NES-LTER Transect 12 Winter
** Cruise Start Date: 11 Jan 2023
** Ports: Senesco Shipyard to Senesco Shipyard, North Kingstown, Rhode Island
** Station:  L4
** Bottom Depth: 66m
** Operator:  tc
# nquan = 4
# nvalues = 19011                                 
# units = specified
# name 0 = altM: Altimeter [m]
# name 1 = depSM: Depth [salt water, m]
# name 2 = svCM: Sound Velocity [Chen-Millero, m/s]
# name 3 = flag:  0.000e+00
# span 0 =       0.00,      92.31                 
# span 1 =      2.040,     61.814                 
# span 2 =    1485.95,    1487.77                 
# span 3 = 0.0000e+00, 0.0000e+00                 
# interval = seconds: 0.0416667
# start_time = Jan 13 2023 04:19:14 [System UTC, header]
# bad_flag = -9.990e-29
*END*
[from data line 712]
      65.27      4.340    1486.98  0.000e+00
      65.37      4.398    1486.98  0.000e+00
      65.37      4.464    1486.98  0.000e+00
      65.37      4.398    1486.98  0.000e+00
      65.32      4.464    1486.98  0.000e+00
      65.37      4.521    1486.98  0.000e+00
      66.50      4.463    1486.98  0.000e+00
      67.30      4.521    1486.99  0.000e+00
      67.42      4.587    1486.99  0.000e+00
      67.37      4.521    1486.99  0.000e+00
      67.30      4.644    1486.99  0.000e+00
      67.37      4.644    1486.99  0.000e+00
      67.91      4.644    1486.99  0.000e+00
      68.18      4.587    1486.99  0.000e+00
      68.23      4.702    1486.99  0.000e+00
      68.18      4.702    1486.99  0.000e+00
      68.16      4.702    1486.99  0.000e+00
      68.40      4.702    1486.99  0.000e+00
      68.84      4.767    1486.99  0.000e+00
      68.96      4.751    1486.99  0.000e+00
      68.96      4.825    1486.99  0.000e+00
      68.94      4.891    1486.99  0.000e+00
      68.91      4.825    1486.99  0.000e+00
      68.89      4.948    1486.99  0.000e+00
      68.84      4.891    1486.99  0.000e+00
      68.84      4.948    1486.99  0.000e+00
      68.84      4.891    1486.99  0.000e+00
      68.84      4.948    1486.99  0.000e+00
      68.82      5.006    1486.99  0.000e+00
      69.04      5.006    1486.99  0.000e+00
      69.62      5.071    1486.99  0.000e+00
      69.82      5.129    1486.99  0.000e+00
      69.82      5.071    1486.99  0.000e+00
      69.79      5.129    1486.99  0.000e+00
      69.77      5.129    1486.99  0.000e+00
      69.08      5.129    1486.99  0.000e+00
      67.89      5.195    1486.99  0.000e+00
      67.55      5.236    1486.99  0.000e+00
      67.57      5.195    1486.99  0.000e+00
      67.59      5.252    1486.99  0.000e+00
      67.57      5.252    1486.99  0.000e+00
      67.35      5.252    1486.99  0.000e+00
      66.84      5.252    1486.99  0.000e+00
      66.67      5.195    1487.00  0.000e+00
      66.67      5.252    1487.00  0.000e+00
      66.67      5.318    1487.00  0.000e+00
      66.67      5.252    1487.00  0.000e+00
      66.25      5.195    1486.99  0.000e+00
      65.49      5.252    1486.99  0.000e+00
      65.25      5.194    1486.99  0.000e+00
      65.27      5.252    1487.00  0.000e+00
      65.30      5.194    1486.99  0.000e+00
      65.27      5.252    1487.00  0.000e+00
      65.30      5.112    1486.99  0.000e+00
      64.54      5.252    1487.00  0.000e+00
      64.05      5.194    1487.00  0.000e+00
      63.96      5.129    1487.00  0.000e+00
      63.98      5.194    1487.00  0.000e+00
      63.98      5.129    1486.99  0.000e+00
      64.03      5.194    1487.00  0.000e+00
      64.20      5.071    1486.99  0.000e+00
      64.25      5.129    1487.00  0.000e+00
      64.27      5.129    1487.00  0.000e+00
      64.25      5.071    1487.00  0.000e+00
      64.22      5.129    1487.00  0.000e+00
      64.13      5.071    1486.99  0.000e+00
      63.96      5.005    1486.99  0.000e+00
      63.91      5.005    1486.99  0.000e+00
      63.91      5.005    1486.99  0.000e+00
      63.91      5.071    1487.00  0.000e+00
      63.88      4.997    1486.99  0.000e+00
      63.79      4.948    1486.99  0.000e+00
      63.57      5.005    1486.99  0.000e+00
      63.49      5.005    1486.99  0.000e+00
      63.49      4.948    1486.99  0.000e+00
      63.49      4.948    1486.99  0.000e+00
      63.47      5.005    1486.99  0.000e+00
      63.20      5.005    1486.99  0.000e+00
      62.86      4.948    1486.99  0.000e+00
      62.76      4.948    1486.99  0.000e+00
      62.76      5.005    1486.99  0.000e+00
      62.76      4.948    1486.99  0.000e+00
      62.76      5.005    1486.99  0.000e+00
      62.91      5.005    1486.99  0.000e+00
      63.08      4.948    1486.99  0.000e+00
      63.13      5.071    1487.00  0.000e+00
      63.13      5.005    1486.99  0.000e+00
      63.10      5.005    1486.99  0.000e+00
      63.08      5.054    1487.00  0.000e+00
      62.86      5.071    1486.99  0.000e+00
      62.54      5.071    1486.99  0.000e+00
      62.47      5.071    1486.99  0.000e+00
      62.47      5.128    1487.00  0.000e+00
      62.47      5.071    1486.99  0.000e+00
      62.44      5.128    1487.00  0.000e+00
      62.66      5.194    1487.00  0.000e+00
      62.88      5.128    1486.99  0.000e+00
      62.95      5.252    1487.00  0.000e+00
      62.95      5.128    1487.00  0.000e+00
      62.91      5.251    1487.00  0.000e+00
      62.91      5.251    1487.00  0.000e+00
      62.81      5.251    1487.00  0.000e+00
      62.66      5.251    1487.00  0.000e+00
      62.61      5.251    1487.00  0.000e+00
      62.64      5.317    1487.00  0.000e+00
      62.61      5.358    1487.00  0.000e+00
      62.61      5.432    1487.00  0.000e+00
      62.66      5.375    1487.00  0.000e+00
      62.66      5.375    1487.00  0.000e+00
      62.69      5.498    1487.01  0.000e+00
      62.69      5.498    1487.00  0.000e+00
      62.66      5.498    1487.01  0.000e+00
      62.66      5.498    1487.01  0.000e+00
      62.71      5.555    1487.01  0.000e+00
      62.86      5.555    1487.01  0.000e+00
      62.91      5.621    1487.01  0.000e+00
      62.91      5.621    1487.01  0.000e+00
      62.88      5.679    1487.01  0.000e+00
      62.88      5.621    1487.01  0.000e+00
      63.27      5.621    1487.01  0.000e+00
      63.74      5.843    1487.01  0.000e+00
      63.88      5.736    1487.01  0.000e+00
      63.86      5.802    1487.01  0.000e+00
      63.83      5.859    1487.01  0.000e+00
      63.81      5.802    1487.01  0.000e+00
      63.93      5.925    1487.01  0.000e+00
      64.13      5.859    1487.01  0.000e+00
      64.18      5.925    1487.01  0.000e+00
      64.18      5.983    1487.01  0.000e+00
      64.18      5.983    1487.01  0.000e+00
      64.15      5.983    1487.01  0.000e+00
      64.08      6.040    1487.01  0.000e+00
      63.98      6.106    1487.01  0.000e+00
      63.96      6.089    1487.01  0.000e+00
      63.96      6.106    1487.01  0.000e+00
      63.96      6.163    1487.01  0.000e+00
      63.93      6.229    1487.01  0.000e+00
      63.98      6.163    1487.01  0.000e+00
      64.03      6.229    1487.01  0.000e+00
      64.05      6.287    1487.01  0.000e+00
      64.05      6.287    1487.00  0.000e+00
      64.03      6.352    1487.00  0.000e+00
      64.00      6.352    1487.00  0.000e+00
      64.20      6.352    1487.00  0.000e+00
      64.52      6.410    1487.00  0.000e+00
      64.62      6.451    1487.00  0.000e+00
      64.62      6.467    1487.00  0.000e+00
      64.59      6.467    1487.00  0.000e+00
      64.57      6.533    1487.01  0.000e+00
      64.44      6.591    1487.01  0.000e+00
      64.22      6.533    1487.01  0.000e+00
      64.20      6.591    1487.01  0.000e+00
      64.20      6.656    1487.02  0.000e+00
      64.18      6.591    1487.01  0.000e+00
      64.18      6.714    1487.01  0.000e+00
      64.20      6.656    1487.01  0.000e+00
      63.74      6.656    1487.01  0.000e+00
      63.42      6.821    1487.02  0.000e+00
      63.37      6.771    1487.01  0.000e+00
      63.37      6.771    1487.01  0.000e+00
      63.37      6.771    1487.01  0.000e+00
      63.32      6.837    1487.01  0.000e+00
      62.91      6.837    1487.01  0.000e+00
      62.69      6.837    1487.01  0.000e+00
      62.66      6.837    1487.01  0.000e+00
      62.66      6.895    1487.01  0.000e+00
      62.66      6.895    1487.01  0.000e+00
      62.78      6.878    1487.01  0.000e+00
      63.00      6.960    1487.02  0.000e+00
      63.08      6.895    1487.01  0.000e+00
      63.08      6.960    1487.02  0.000e+00
      63.05      6.960    1487.02  0.000e+00
      63.03      6.960    1487.02  0.000e+00
      62.69      7.018    1487.02  0.000e+00
      62.08      7.018    1487.02  0.000e+00
      61.90      6.960    1487.02  0.000e+00
      61.90      7.018    1487.02  0.000e+00
      61.90      7.018    1487.02  0.000e+00
      61.90      7.059    1487.02  0.000e+00
      61.61      7.018    1487.02  0.000e+00
      61.20      7.018    1487.02  0.000e+00
      61.10      7.018    1487.02  0.000e+00
      61.10      7.084    1487.02  0.000e+00
      61.10      7.018    1487.02  0.000e+00
      61.10      7.084    1487.02  0.000e+00
      61.12      7.018    1487.02  0.000e+00
      61.17      7.083    1487.02  0.000e+00
      61.20      7.018    1487.02  0.000e+00
      61.20      7.059    1487.02  0.000e+00
      61.17      7.083    1487.02  0.000e+00
      61.15      7.083    1487.02  0.000e+00
      61.20      7.083    1487.02  0.000e+00
      61.22      7.083    1487.02  0.000e+00
      61.22      7.083    1487.02  0.000e+00
      61.22      7.083    1487.02  0.000e+00
      61.22      7.083    1487.02  0.000e+00
      61.20      7.083    1487.02  0.000e+00
      61.15      7.141    1487.02  0.000e+00
      61.05      7.059    1487.02  0.000e+00
      61.00      7.083    1487.02  0.000e+00
      61.03      7.141    1487.03  0.000e+00
      61.00      7.141    1487.03  0.000e+00
      61.00      7.141    1487.02  0.000e+00
      61.07      7.018    1487.02  0.000e+00
      61.17      7.141    1487.02  0.000e+00
      61.20      7.141    1487.03  0.000e+00
      61.22      7.141    1487.03  0.000e+00
      61.20      7.083    1487.02  0.000e+00
      61.17      7.124    1487.02  0.000e+00
      60.95      7.141    1487.02  0.000e+00
      60.71      7.141    1487.02  0.000e+00
      60.66      7.141    1487.02  0.000e+00
      60.66      7.198    1487.02  0.000e+00
      60.68      7.141    1487.02  0.000e+00
      60.66      7.198    1487.02  0.000e+00
      60.54      7.198    1487.02  0.000e+00
      60.39      7.198    1487.02  0.000e+00
      60.34      7.264    1487.02  0.000e+00
      60.34      7.182    1487.02  0.000e+00
      60.34      7.264    1487.02  0.000e+00
      60.32      7.264    1487.01  0.000e+00
      60.27      7.264    1487.01  0.000e+00
      60.24      7.322    1487.01  0.000e+00
      60.24      7.264    1487.01  0.000e+00
      60.24      7.322    1487.01  0.000e+00
      60.24      7.322    1487.01  0.000e+00
      60.22      7.387    1487.01  0.000e+00
      60.17      7.322    1487.01  0.000e+00
      60.12      7.428    1487.01  0.000e+00
      60.10      7.387    1487.01  0.000e+00
      60.10      7.445    1487.01  0.000e+00
      60.07      7.387    1487.01  0.000e+00
      60.07      7.502    1487.01  0.000e+00
      60.12      7.445    1487.01  0.000e+00
      60.20      7.502    1487.00  0.000e+00
      60.20      7.502    1487.00  0.000e+00
      60.20      7.568    1487.00  0.000e+00
      60.20      7.502    1487.00  0.000e+00
      60.17      7.609    1487.01  0.000e+00
      60.15      7.626    1487.01  0.000e+00
      60.12      7.626    1487.01  0.000e+00
      60.12      7.626    1487.00  0.000e+00
      60.12      7.691    1487.01  0.000e+00
      60.10      7.691    1487.01  0.000e+00
      60.10      7.691    1487.01  0.000e+00
      60.42      7.749    1487.00  0.000e+00
      60.73      7.691    1487.00  0.000e+00
      60.81      7.790    1487.00  0.000e+00
      60.78      7.749    1486.99  0.000e+00
      60.76      7.806    1486.99  0.000e+00
      60.73      7.872    1487.00  0.000e+00
      60.66      7.806    1486.99  0.000e+00
      60.51      7.872    1487.00  0.000e+00
      60.49      7.929    1487.00  0.000e+00
      60.49      7.872    1487.00  0.000e+00
      60.49      7.995    1487.00  0.000e+00
      60.46      7.913    1487.00  0.000e+00
      60.51      7.995    1487.00  0.000e+00
      60.63      8.053    1487.00  0.000e+00
      60.66      7.995    1487.00  0.000e+00
      60.66      8.118    1487.00  0.000e+00
      60.66      8.053    1487.00  0.000e+00
      60.63      8.118    1487.00  0.000e+00
      60.85      8.118    1487.00  0.000e+00
      61.10      8.160    1487.00  0.000e+00
      61.17      8.118    1487.00  0.000e+00
      61.17      8.233    1487.00  0.000e+00
      61.15      8.176    1487.00  0.000e+00
      61.12      8.233    1487.00  0.000e+00
      61.22      8.233    1487.00  0.000e+00
      61.34      8.299    1486.99  0.000e+00
      61.37      8.299    1486.93  0.000e+00
      61.37      8.233    1486.98  0.000e+00
      61.34      8.464    1487.01  0.000e+00
      61.34      8.357    1487.01  0.000e+00
      61.56      8.422    1487.01  0.000e+00
      61.88      8.422    1487.01  0.000e+00
      61.95      8.480    1487.02  0.000e+00
      61.95      8.480    1487.02  0.000e+00
      61.93      8.480    1487.02  0.000e+00
      61.93      8.480    1487.02  0.000e+00
      62.00      8.644    1487.02  0.000e+00
      62.08      8.603    1487.02  0.000e+00
      62.10      8.603    1487.03  0.000e+00
      62.10      8.661    1487.03  0.000e+00
      62.08      8.727    1487.03  0.000e+00
      62.05      8.661    1487.03  0.000e+00
      61.83      8.727    1487.03  0.000e+00
      61.49      8.768    1487.03  0.000e+00
      61.39      8.784    1487.03  0.000e+00
      61.39      8.850    1487.03  0.000e+00
      61.42      8.850    1487.04  0.000e+00
      61.39      8.850    1487.05  0.000e+00
      61.54      8.907    1487.05  0.000e+00
      61.71      8.965    1487.06  0.000e+00
      61.76      8.965    1487.06  0.000e+00
      61.73      9.014    1487.07  0.000e+00
      61.73      9.031    1487.07  0.000e+00
      61.71      9.088    1487.07  0.000e+00
      61.51      9.088    1487.07  0.000e+00
      61.29      9.154    1487.07  0.000e+00
      61.25      9.154    1487.07  0.000e+00
      61.25      9.211    1487.07  0.000e+00
      61.25      9.195    1487.07  0.000e+00
      61.22      9.211    1487.07  0.000e+00
      60.85      9.269    1487.07  0.000e+00
      60.32      9.335    1487.08  0.000e+00
      60.20      9.335    1487.08  0.000e+00
      60.22      9.335    1487.08  0.000e+00
      60.22      9.392    1487.08  0.000e+00
      60.22      9.376    1487.08  0.000e+00
      60.17      9.515    1487.09  0.000e+00
      60.10      9.458    1487.08  0.000e+00
      60.05      9.458    1487.08  0.000e+00
      60.07      9.581    1487.08  0.000e+00
      60.05      9.515    1487.08  0.000e+00
      60.02      9.581    1487.08  0.000e+00
      60.00      9.622    1487.09  0.000e+00
      59.93      9.639    1487.09  0.000e+00
      59.93      9.696    1487.09  0.000e+00
      59.93      9.639    1487.09  0.000e+00
      59.93      9.696    1487.09  0.000e+00
      59.90      9.762    1487.09  0.000e+00
      59.88      9.762    1487.09  0.000e+00
      59.80      9.737    1487.09  0.000e+00
      59.80      9.762    1487.09  0.000e+00
      59.80      9.885    1487.09  0.000e+00
      59.80      9.819    1487.09  0.000e+00
      59.78      9.885    1487.09  0.000e+00
      59.51      9.819    1487.09  0.000e+00
      59.15      9.860    1487.09  0.000e+00
      59.02      9.943    1487.09  0.000e+00
      59.02      9.943    1487.09  0.000e+00
      59.02      9.943    1487.08  0.000e+00
      59.02      9.943    1487.08  0.000e+00
      58.80     10.000    1487.08  0.000e+00
      58.56     10.000    1487.08  0.000e+00
      58.49     10.041    1487.09  0.000e+00
      58.49     10.000    1487.08  0.000e+00
      58.51     10.066    1487.08  0.000e+00
      58.49     10.066    1487.07  0.000e+00
      58.29     10.066    1487.07  0.000e+00
      58.07     10.066    1487.07  0.000e+00
      58.00     10.107    1487.07  0.000e+00
      58.02     10.123    1487.07  0.000e+00
      58.02     10.123    1487.07  0.000e+00
      58.02     10.123    1487.08  0.000e+00
      58.02     10.123    1487.08  0.000e+00
      58.07     10.123    1487.08  0.000e+00
      58.07     10.164    1487.08  0.000e+00
      58.07     10.123    1487.08  0.000e+00
      58.07     10.189    1487.08  0.000e+00
      58.05     10.189    1487.08  0.000e+00
      57.92     10.246    1487.08  0.000e+00
