test_casts/EN695_008_test.cnv
* Sea-Bird SBE 9 Data File:
* FileName = D:\ctd\raw\EN695_008.hdr
* Software Version Seasave V 7.26.7.121
* Temperature SN = 4333
* Conductivity SN = 2459
* Number of Bytes Per Scan = 40
* Number of Voltage Words = 5
* Number of Scans Averaged by the Deck Unit = 1
* NMEA Latitude = 40 30.85 N
* NMEA Longitude = 070 53.19 W
* NMEA UTC (Time) = Jan 13 2023  01:56:19
* NMEA baud rate = 4800
** Ship: R/V Endeavor
** Cruise: EN695
** Principal Investigator: Heidi Sosik
** Chief Scientist: Heidi Sosik
** Project: NES-LTER Transect 12 Winter
** Cruise Start Date: 11 Jan 2023
** Ports: Senesco Shipyard to Senesco Shipyard, North Kingstown, Rhode Island
** Station:  L5
** Bottom Depth: 76m
** Operator:  tc
# nquan = 4
# nvalues = 20189                                 
# units = specified
# name 0 = altM: Altimeter [m]
# name 1 = depSM: Depth [salt water, m]
# name 2 = svCM: Sound Velocity [Chen-Millero, m/s]
# name 3 = flag:  0.000e+00
# span 0 =       0.00,     100.00                 
# span 1 =      3.588,     71.113                 
# span 2 =    1485.59,    1498.40                 
# span 3 = 0.0000e+00, 0.0000e+00                 
# interval = seconds: 0.0416667
# start_time = Jan 13 2023 01:56:22 [System UTC, header]
# bad_flag = -9.990e-29
*END*
[from data line 12801]
      36.34     41.123    1486.66  0.000e+00
      36.34     41.139    1486.66  0.000e+00
      36.31     41.082    1486.66  0.000e+00
      36.31     41.082    1486.67  0.000e+00
      36.29     41.139    1486.66  0.000e+00
      36.31     41.057    1486.64  0.000e+00
      36.31     41.082    1486.63  0.000e+00
      36.29     41.082    1486.62  0.000e+00
      36.34     41.082    1486.60  0.000e+00
      36.41     41.123    1486.60  0.000e+00
      36.43     41.016    1486.60  0.000e+00
      36.43     41.082    1486.61  0.000e+00
      36.41     41.016    1486.61  0.000e+00
      36.41     41.082    1486.62  0.000e+00
      36.39     41.057    1486.63  0.000e+00
      36.36     41.016    1486.63  0.000e+00
      36.36     41.016    1486.63  0.000e+00
      36.34     41.016    1486.63  0.000e+00
      36.34     41.000    1486.63  0.000e+00
      36.34     41.082    1486.63  0.000e+00
      36.36     41.016    1486.63  0.000e+00
      36.41     41.016    1486.63  0.000e+00
      36.43     41.016    1486.63  0.000e+00
      36.43     41.000    1486.63  0.000e+00
      36.43     41.016    1486.63  0.000e+00
      36.41     41.016    1486.62  0.000e+00
      36.43     40.959    1486.62  0.000e+00
      36.46     40.934    1486.63  0.000e+00
      36.48     41.082    1486.63  0.000e+00
      36.46     40.959    1486.64  0.000e+00
      36.46     41.016    1486.64  0.000e+00
      36.46     41.016    1486.63  0.000e+00
      36.46     41.000    1486.63  0.000e+00
      36.43     40.959    1486.63  0.000e+00
      36.46     41.016    1486.62  0.000e+00
      36.43     40.959    1486.61  0.000e+00
      36.46     41.000    1486.61  0.000e+00
      36.43     40.959    1486.61  0.000e+00
      36.43     41.016    1486.61  0.000e+00
      36.43     40.959    1486.61  0.000e+00
      36.43     41.082    1486.61  0.000e+00
      36.43     41.000    1486.61  0.000e+00
      36.43     40.959    1486.61  0.000e+00
      36.41     41.016    1486.61  0.000e+00
      36.43     41.016    1486.61  0.000e+00
      36.48     41.057    1486.61  0.000e+00
      36.51     40.959    1486.62  0.000e+00
      36.51     41.082    1486.64  0.000e+00
      36.48     41.016    1486.64  0.000e+00
      36.48     41.016    1486.64  0.000e+00
      36.48     41.057    1486.63  0.000e+00
      36.51     41.016    1486.62  0.000e+00
      36.53     41.082    1486.62  0.000e+00
      36.53     41.016    1486.62  0.000e+00
      36.53     41.057    1486.61  0.000e+00
      36.51     41.082    1486.61  0.000e+00
      36.48     41.082    1486.60  0.000e+00
      36.43     41.082    1486.60  0.000e+00
      36.41     41.082    1486.61  0.000e+00
      36.43     41.123    1486.61  0.000e+00
      36.43     41.082    1486.61  0.000e+00
      36.43     41.082    1486.61  0.000e+00
      36.41     41.139    1486.61  0.000e+00
      36.36     41.139    1486.61  0.000e+00
      36.36     41.123    1486.61  0.000e+00
      36.34     41.139    1486.61  0.000e+00
      36.34     41.139    1486.62  0.000e+00
      36.34     41.139    1486.62  0.000e+00
      36.34     41.123    1486.62  0.000e+00
      36.29     41.197    1486.63  0.000e+00
      36.31     41.139    1486.64  0.000e+00
      36.31     41.197    1486.64  0.000e+00
      36.31     41.197    1486.64  0.000e+00
      36.29     41.123    1486.63  0.000e+00
      36.29     41.197    1486.63  0.000e+00
      36.34     41.197    1486.62  0.000e+00
      36.34     41.197    1486.61  0.000e+00
      36.34     41.246    1486.60  0.000e+00
      36.31     41.197    1486.61  0.000e+00
      36.31     41.139    1486.60  0.000e+00
      36.34     41.197    1486.60  0.000e+00
      36.39     41.263    1486.60  0.000e+00
      36.41     41.181    1486.59  0.000e+00
      36.41     41.263    1486.58  0.000e+00
      36.39     41.139    1486.58  0.000e+00
      36.39     41.263    1486.58  0.000e+00
      36.36     41.181    1486.57  0.000e+00
      36.31     41.197    1486.58  0.000e+00
      36.29     41.197    1486.60  0.000e+00
      36.29     41.263    1486.61  0.000e+00
      36.29     41.197    1486.61  0.000e+00
      36.29     41.246    1486.61  0.000e+00
      36.29     41.197    1486.60  0.000e+00
      36.26     41.139    1486.59  0.000e+00
      36.26     41.263    1486.59  0.000e+00
      36.26     41.139    1486.59  0.000e+00
      36.26     41.181    1486.59  0.000e+00
      36.24     41.197    1486.60  0.000e+00
      36.24     41.139    1486.60  0.000e+00
      36.26     41.197    1486.60  0.000e+00
      36.26     41.181    1486.59  0.000e+00
      36.26     41.082    1486.59  0.000e+00
      36.26     41.197    1486.59  0.000e+00
      36.26     41.139    1486.59  0.000e+00
      36.26     41.139    1486.61  0.000e+00
      36.26     41.123    1486.64  0.000e+00
      36.29     41.139    1486.67  0.000e+00
      36.26     41.082    1486.69  0.000e+00
      36.26     41.082    1486.71  0.000e+00
      36.24     41.057    1486.71  0.000e+00
      36.29     41.082    1486.72  0.000e+00
      36.34     41.082    1486.72  0.000e+00
      36.36     41.016    1486.72  0.000e+00
      36.36     41.016    1486.70  0.000e+00
      36.36     41.000    1486.69  0.000e+00
      36.34     40.959    1486.68  0.000e+00
      36.36     41.016    1486.68  0.000e+00
      36.41     40.959    1486.70  0.000e+00
      36.43     40.934    1486.70  0.000e+00
      36.41     40.959    1486.70  0.000e+00
      36.43     40.893    1486.70  0.000e+00
      36.41     40.959    1486.70  0.000e+00
      36.43     40.893    1486.69  0.000e+00
      36.51     40.819    1486.68  0.000e+00
      36.51     40.893    1486.68  0.000e+00
      36.51     40.835    1486.67  0.000e+00
      36.51     40.835    1486.67  0.000e+00
      36.48     40.876    1486.67  0.000e+00
      36.51     40.778    1486.67  0.000e+00
      36.56     40.778    1486.67  0.000e+00
      36.56     40.778    1486.66  0.000e+00
      36.56     40.630    1486.65  0.000e+00
      36.56     40.835    1486.66  0.000e+00
      36.53     40.778    1486.67  0.000e+00
      36.58     40.712    1486.67  0.000e+00
      36.70     40.654    1486.69  0.000e+00
      36.75     40.695    1486.70  0.000e+00
      36.75     40.654    1486.72  0.000e+00
      36.73     40.654    1486.75  0.000e+00
      36.73     40.654    1486.77  0.000e+00
      36.75     40.630    1486.79  0.000e+00
      36.83     40.589    1486.82  0.000e+00
      36.85     40.589    1486.85  0.000e+00
      36.85     40.589    1486.88  0.000e+00
      36.83     40.589    1486.91  0.000e+00
      36.83     40.572    1486.93  0.000e+00
      36.83     40.589    1486.94  0.000e+00
      36.90     40.531    1486.94  0.000e+00
      36.92     40.531    1486.94  0.000e+00
      36.92     40.506    1486.94  0.000e+00
      36.90     40.531    1486.93  0.000e+00
      36.90     40.465    1486.93  0.000e+00
      36.90     40.465    1486.93  0.000e+00
      36.92     40.506    1486.93  0.000e+00
      36.92     40.465    1486.93  0.000e+00
      36.92     40.465    1486.92  0.000e+00
      36.95     40.465    1486.92  0.000e+00
      36.92     40.391    1486.92  0.000e+00
      36.92     40.531    1486.92  0.000e+00
      36.95     40.465    1486.92  0.000e+00
      36.95     40.408    1486.91  0.000e+00
      36.95     40.408    1486.92  0.000e+00
      36.97     40.449    1486.93  0.000e+00
      36.92     40.408    1486.93  0.000e+00
      37.00     40.408    1486.94  0.000e+00
      37.14     40.465    1486.95  0.000e+00
      37.19     40.449    1486.95  0.000e+00
      37.19     40.350    1486.96  0.000e+00
      37.19     40.465    1486.96  0.000e+00
      37.17     40.408    1486.96  0.000e+00
      37.14     40.449    1486.97  0.000e+00
      37.07     40.408    1486.97  0.000e+00
      37.07     40.465    1486.97  0.000e+00
      37.07     40.408    1486.98  0.000e+00
      37.07     40.465    1486.99  0.000e+00
      37.05     40.449    1487.00  0.000e+00
      37.05     40.408    1486.98  0.000e+00
      37.07     40.465    1486.96  0.000e+00
      37.09     40.465    1486.91  0.000e+00
      37.09     40.506    1486.87  0.000e+00
      37.09     40.465    1486.86  0.000e+00
      37.07     40.465    1486.86  0.000e+00
      37.12     40.531    1486.84  0.000e+00
      37.14     40.449    1486.82  0.000e+00
      37.17     40.531    1486.81  0.000e+00
      37.17     40.589    1486.79  0.000e+00
      37.17     40.465    1486.77  0.000e+00
      37.14     40.589    1486.77  0.000e+00
      37.14     40.572    1486.78  0.000e+00
      37.17     40.589    1486.79  0.000e+00
      37.17     40.589    1486.78  0.000e+00
      37.17     40.654    1486.77  0.000e+00
      37.17     40.630    1486.75  0.000e+00
      37.14     40.589    1486.75  0.000e+00
      37.12     40.654    1486.74  0.000e+00
      37.00     40.712    1486.74  0.000e+00
      36.97     40.695    1486.74  0.000e+00
      36.97     40.712    1486.74  0.000e+00
      36.97     40.778    1486.74  0.000e+00
      36.95     40.778    1486.73  0.000e+00
      36.97     40.778    1486.73  0.000e+00
      36.97     40.819    1486.74  0.000e+00
      36.97     40.778    1486.75  0.000e+00
      36.97     40.835    1486.77  0.000e+00
      36.97     40.893    1486.79  0.000e+00
      36.95     40.876    1486.81  0.000e+00
      36.87     40.893    1486.84  0.000e+00
      36.73     40.959    1486.85  0.000e+00
      36.65     40.893    1486.85  0.000e+00
      36.65     40.959    1486.86  0.000e+00
      36.68     41.000    1486.86  0.000e+00
      36.65     41.016    1486.87  0.000e+00
      36.65     41.016    1486.89  0.000e+00
      36.70     41.016    1486.91  0.000e+00
      36.70     41.057    1486.94  0.000e+00
      36.70     41.139    1486.98  0.000e+00
      36.73     41.082    1487.00  0.000e+00
      36.70     41.082    1487.00  0.000e+00
      36.68     41.139    1487.01  0.000e+00
      36.63     41.181    1487.02  0.000e+00
      36.63     41.139    1487.04  0.000e+00
      36.63     41.197    1487.04  0.000e+00
      36.63     41.197    1487.05  0.000e+00
      36.61     41.246    1487.06  0.000e+00
      36.56     41.197    1487.07  0.000e+00
      36.48     41.263    1487.07  0.000e+00
      36.46     41.263    1487.07  0.000e+00
      36.46     41.320    1487.07  0.000e+00
      36.46     41.246    1487.08  0.000e+00
      36.46     41.320    1487.09  0.000e+00
      36.46     41.320    1487.11  0.000e+00
      36.48     41.320    1487.13  0.000e+00
      36.51     41.361    1487.16  0.000e+00
      36.51     41.386    1487.19  0.000e+00
      36.51     41.320    1487.22  0.000e+00
      36.48     41.386    1487.25  0.000e+00
      36.41     41.386    1487.31  0.000e+00
      36.24     41.361    1487.38  0.000e+00
      36.17     41.386    1487.42  0.000e+00
      36.17     41.444    1487.41  0.000e+00
      36.19     41.386    1487.41  0.000e+00
      36.17     41.444    1487.44  0.000e+00
      36.17     41.361    1487.47  0.000e+00
      36.17     41.386    1487.53  0.000e+00
      36.17     41.444    1487.63  0.000e+00
      36.17     41.386    1487.74  0.000e+00
      36.17     41.427    1487.76  0.000e+00
      36.14     41.444    1487.73  0.000e+00
      36.12     41.386    1487.72  0.000e+00
      36.02     41.386    1487.73  0.000e+00
      35.97     41.386    1487.75  0.000e+00
      35.97     41.427    1487.75  0.000e+00
      35.97     41.386    1487.69  0.000e+00
      35.97     41.386    1487.64  0.000e+00
      36.02     41.320    1487.59  0.000e+00
      36.12     41.386    1487.51  0.000e+00
      36.17     41.361    1487.42  0.000e+00
      36.17     41.320    1487.34  0.000e+00
      36.17     41.320    1487.31  0.000e+00
      36.17     41.320    1487.30  0.000e+00
      36.14     41.361    1487.28  0.000e+00
      36.12     41.263    1487.26  0.000e+00
      36.09     41.320    1487.25  0.000e+00
      36.09     41.263    1487.23  0.000e+00
      36.12     41.263    1487.23  0.000e+00
      36.09     41.304    1487.22  0.000e+00
      36.12     41.197    1487.22  0.000e+00
      36.14     41.263    1487.22  0.000e+00
      36.17     41.197    1487.21  0.000e+00
      36.19     41.246    1487.18  0.000e+00
      36.17     41.197    1487.15  0.000e+00
      36.17     41.139    1487.11  0.000e+00
      36.17     41.197    1487.08  0.000e+00
      36.19     41.139    1487.05  0.000e+00
      36.21     41.123    1487.02  0.000e+00
      36.21     41.139    1487.01  0.000e+00
      36.21     41.139    1487.01  0.000e+00
      36.19     41.082    1487.01  0.000e+00
      36.24     41.082    1486.99  0.000e+00
      36.29     41.057    1486.98  0.000e+00
      36.31     41.016    1486.97  0.000e+00
      36.31     41.082    1486.96  0.000e+00
      36.31     41.082    1486.96  0.000e+00
      36.29     41.000    1486.95  0.000e+00
      36.34     40.959    1486.94  0.000e+00
      36.41     41.016    1486.94  0.000e+00
      36.43     40.959    1486.94  0.000e+00
      36.43     40.959    1486.95  0.000e+00
      36.43     40.934    1486.95  0.000e+00
      36.41     40.959    1486.95  0.000e+00
      36.46     40.959    1486.95  0.000e+00
      36.53     40.893    1486.95  0.000e+00
      36.53     40.876    1486.95  0.000e+00
      36.53     40.893    1486.95  0.000e+00
      36.53     40.893    1486.95  0.000e+00
      36.53     40.893    1486.95  0.000e+00
      36.53     40.819    1486.95  0.000e+00
      36.56     40.893    1486.96  0.000e+00
      36.58     40.778    1486.96  0.000e+00
      36.58     40.835    1486.95  0.000e+00
      36.58     40.893    1486.95  0.000e+00
      36.56     40.819    1486.94  0.000e+00
      36.56     40.778    1486.94  0.000e+00
      36.56     40.835    1486.94  0.000e+00
      36.56     40.778    1486.94  0.000e+00
      36.56     40.819    1486.93  0.000e+00
      36.56     40.778    1486.93  0.000e+00
      36.53     40.712    1486.93  0.000e+00
      36.58     40.835    1486.92  0.000e+00
      36.65     40.778    1486.91  0.000e+00
      36.68     40.753    1486.91  0.000e+00
      36.68     40.778    1486.91  0.000e+00
      36.68     40.778    1486.91  0.000e+00
      36.65     40.712    1486.91  0.000e+00
      36.68     40.819    1486.91  0.000e+00
      36.68     40.712    1486.91  0.000e+00
      36.70     40.778    1486.91  0.000e+00
      36.70     40.778    1486.91  0.000e+00
      36.70     40.712    1486.91  0.000e+00
      36.68     40.753    1486.92  0.000e+00
      36.68     40.778    1486.92  0.000e+00
      36.70     40.712    1486.92  0.000e+00
      36.70     40.778    1486.92  0.000e+00
      36.73     40.753    1486.92  0.000e+00
      36.70     40.712    1486.92  0.000e+00
      36.70     40.778    1486.92  0.000e+00
      36.70     40.778    1486.92  0.000e+00
      36.73     40.753    1486.92  0.000e+00
      36.75     40.712    1486.93  0.000e+00
      36.75     40.778    1486.94  0.000e+00
      36.73     40.778    1486.95  0.000e+00
      36.73     40.778    1486.96  0.000e+00
      36.78     40.753    1486.97  0.000e+00
      36.87     40.778    1486.97  0.000e+00
      36.90     40.778    1486.97  0.000e+00
      36.90     40.778    1486.98  0.000e+00
      36.87     40.819    1486.98  0.000e+00
      36.87     40.712    1486.98  0.000e+00
      36.83     40.778    1486.98  0.000e+00
      36.70     40.835    1486.98  0.000e+00
      36.68     40.835    1486.97  0.000e+00
      36.68     40.753    1486.96  0.000e+00
      36.68     40.835    1486.96  0.000e+00
      36.65     40.778    1486.96  0.000e+00
      36.73     40.835    1486.96  0.000e+00
      36.83     40.819    1486.95  0.000e+00
      36.90     40.835    1486.94  0.000e+00
      36.87     40.835    1486.92  0.000e+00
      36.87     40.835    1486.90  0.000e+00
      36.85     40.819    1486.89  0.000e+00
      36.85     40.835    1486.86  0.000e+00
      36.85     40.835    1486.84  0.000e+00
      36.83     40.893    1486.83  0.000e+00
      36.83     40.835    1486.82  0.000e+00
