test_casts/EN695_011_test.cnv
* Sea-Bird SBE 9 Data File:
* FileName = D:\ctd\raw\EN695_011.hdr
* Software Version Seasave V 7.26.7.121
* Temperature SN = 4333
* Conductivity SN = 2459
* Number of Bytes Per Scan = 40
* Number of Voltage Words = 5
* Number of Scans Averaged by the Deck Unit = 1
* NMEA Latitude = 41 01.38 N
* NMEA Longitude = 070 52.97 W
* NMEA UTC (Time) = Jan 13 2023  10:15:04
* NMEA baud rate = 4800
** Ship: R/V Endeavor
** Cruise: EN695
** Principal Investigator: Heidi Sosik
** Chief Scientist: Heidi Sosik
** Project: NES-LTER Transect 12 Winter
** Cruise Start Date: 11 Jan 2023
** Ports: Senesco Shipyard to Senesco Shipyard, North Kingstown, Rhode Island
** Station:  L2
** Bottom Depth: 46 m
** Operator:  tc
# nquan = 4
# nvalues = 14371                                 
# units = specified
# name 0 = altM: Altimeter [m]
# name 1 = depSM: Depth [salt water, m]
# name 2 = svCM: Sound Velocity [Chen-Millero, m/s]
# name 3 = flag:  0.000e+00
# span 0 =       0.00,      48.08                 
# span 1 =      2.916,     42.244                 
# span 2 =    1478.94,    1479.93                 
# span 3 = 0.0000e+00, 0.0000e+00                 
# interval = seconds: 0.0416667
# start_time = Jan 13 2023 10:15:07 [System UTC, header]
# bad_flag = -9.990e-29
*END*
[from data line 10667]
      27.84     20.115    1479.68  0.000e+00
      27.72     20.074    1479.67  0.000e+00
      27.69     20.197    1479.65  0.000e+00
      27.69     20.115    1479.64  0.000e+00
      27.69     20.197    1479.63  0.000e+00
      27.69     20.140    1479.63  0.000e+00
      27.55     20.230    1479.64  0.000e+00
      27.45     20.197    1479.63  0.000e+00
      27.42     20.296    1479.63  0.000e+00
      27.45     20.263    1479.63  0.000e+00
      27.42     20.263    1479.63  0.000e+00
      27.42     20.296    1479.63  0.000e+00
      27.42     20.263    1479.63  0.000e+00
      27.42     20.321    1479.63  0.000e+00
      27.37     20.296    1479.63  0.000e+00
      27.35     20.321    1479.62  0.000e+00
      27.35     20.354    1479.63  0.000e+00
      27.35     20.321    1479.63  0.000e+00
      27.33     20.321    1479.64  0.000e+00
      27.30     20.354    1479.64  0.000e+00
      27.25     20.387    1479.64  0.000e+00
      27.23     20.387    1479.63  0.000e+00
      27.23     20.296    1479.63  0.000e+00
      27.23     20.387    1479.63  0.000e+00
      27.20     20.387    1479.63  0.000e+00
      27.18     20.296    1479.64  0.000e+00
      27.16     20.387    1479.64  0.000e+00
      27.16     20.296    1479.64  0.000e+00
      27.13     20.321    1479.64  0.000e+00
      27.13     20.321    1479.63  0.000e+00
      27.13     20.296    1479.63  0.000e+00
      27.13     20.321    1479.64  0.000e+00
      27.13     20.263    1479.64  0.000e+00
      27.13     20.296    1479.64  0.000e+00
      27.13     20.263    1479.63  0.000e+00
      27.13     20.230    1479.63  0.000e+00
      27.11     20.263    1479.63  0.000e+00
      27.23     20.198    1479.63  0.000e+00
      27.33     20.173    1479.63  0.000e+00
      27.35     20.198    1479.62  0.000e+00
      27.35     20.198    1479.62  0.000e+00
      27.35     20.115    1479.61  0.000e+00
      27.35     20.140    1479.61  0.000e+00
      27.35     20.074    1479.61  0.000e+00
      27.35     20.115    1479.60  0.000e+00
      27.35     20.074    1479.60  0.000e+00
      27.35     19.992    1479.60  0.000e+00
      27.35     20.074    1479.60  0.000e+00
      27.35     20.017    1479.60  0.000e+00
      27.35     19.926    1479.60  0.000e+00
      27.47     20.017    1479.60  0.000e+00
      27.59     19.893    1479.60  0.000e+00
      27.64     19.869    1479.60  0.000e+00
      27.62     19.959    1479.60  0.000e+00
      27.62     19.836    1479.61  0.000e+00
      27.64     19.811    1479.61  0.000e+00
      27.67     19.836    1479.62  0.000e+00
      27.72     19.811    1479.62  0.000e+00
      27.72     19.770    1479.63  0.000e+00
      27.72     19.713    1479.63  0.000e+00
      27.72     19.745    1479.64  0.000e+00
      27.77     19.647    1479.65  0.000e+00
      27.96     19.647    1479.65  0.000e+00
      28.01     19.622    1479.66  0.000e+00
      28.03     19.647    1479.66  0.000e+00
      28.01     19.589    1479.67  0.000e+00
      27.99     19.622    1479.67  0.000e+00
      28.03     19.532    1479.67  0.000e+00
      28.11     19.532    1479.68  0.000e+00
      28.13     19.499    1479.68  0.000e+00
      28.13     19.532    1479.68  0.000e+00
      28.13     19.441    1479.69  0.000e+00
      28.11     19.466    1479.69  0.000e+00
      28.16     19.408    1479.69  0.000e+00
      28.28     19.441    1479.69  0.000e+00
      28.33     19.408    1479.70  0.000e+00
      28.33     19.408    1479.70  0.000e+00
      28.33     19.384    1479.71  0.000e+00
      28.30     19.343    1479.71  0.000e+00
      28.33     19.408    1479.71  0.000e+00
      28.35     19.260    1479.71  0.000e+00
      28.40     19.343    1479.71  0.000e+00
      28.40     19.343    1479.71  0.000e+00
      28.40     19.318    1479.71  0.000e+00
      28.38     19.285    1479.71  0.000e+00
      28.42     19.285    1479.71  0.000e+00
      28.52     19.260    1479.71  0.000e+00
      28.57     19.285    1479.71  0.000e+00
      28.57     19.285    1479.71  0.000e+00
      28.57     19.260    1479.71  0.000e+00
      28.57     19.228    1479.71  0.000e+00
      28.57     19.318    1479.71  0.000e+00
      28.55     19.228    1479.71  0.000e+00
      28.57     19.228    1479.71  0.000e+00
      28.55     19.260    1479.71  0.000e+00
      28.57     19.285    1479.70  0.000e+00
      28.55     19.285    1479.70  0.000e+00
      28.55     19.260    1479.70  0.000e+00
      28.57     19.285    1479.70  0.000e+00
      28.60     19.285    1479.70  0.000e+00
      28.60     19.260    1479.70  0.000e+00
      28.60     19.285    1479.70  0.000e+00
      28.60     19.285    1479.70  0.000e+00
      28.62     19.384    1479.70  0.000e+00
      28.67     19.285    1479.70  0.000e+00
      28.67     19.343    1479.70  0.000e+00
      28.67     19.318    1479.69  0.000e+00
      28.67     19.408    1479.69  0.000e+00
      28.67     19.343    1479.70  0.000e+00
      28.64     19.384    1479.70  0.000e+00
      28.57     19.408    1479.70  0.000e+00
      28.55     19.408    1479.70  0.000e+00
      28.55     19.499    1479.70  0.000e+00
      28.55     19.466    1479.70  0.000e+00
      28.55     19.499    1479.69  0.000e+00
      28.57     19.466    1479.69  0.000e+00
      28.60     19.589    1479.69  0.000e+00
      28.62     19.499    1479.69  0.000e+00
      28.62     19.532    1479.69  0.000e+00
      28.62     19.589    1479.70  0.000e+00
      28.60     19.622    1479.70  0.000e+00
      28.55     19.647    1479.70  0.000e+00
      28.42     19.647    1479.70  0.000e+00
      28.38     19.622    1479.69  0.000e+00
      28.40     19.713    1479.69  0.000e+00
      28.38     19.713    1479.69  0.000e+00
      28.38     19.745    1479.68  0.000e+00
      28.38     19.770    1479.68  0.000e+00
      28.33     19.745    1479.68  0.000e+00
      28.33     19.836    1479.69  0.000e+00
      28.33     19.836    1479.69  0.000e+00
      28.33     19.811    1479.68  0.000e+00
      28.30     19.836    1479.69  0.000e+00
      28.30     19.893    1479.69  0.000e+00
      28.21     19.869    1479.67  0.000e+00
      28.11     19.893    1479.64  0.000e+00
      28.08     19.959    1479.63  0.000e+00
      28.08     19.926    1479.65  0.000e+00
      28.08     20.017    1479.66  0.000e+00
      28.03     19.926    1479.66  0.000e+00
      27.94     20.017    1479.65  0.000e+00
      27.94     20.017    1479.63  0.000e+00
      27.94     19.992    1479.63  0.000e+00
      27.94     20.017    1479.63  0.000e+00
      27.91     20.017    1479.62  0.000e+00
      27.89     20.050    1479.61  0.000e+00
      27.81     20.017    1479.62  0.000e+00
      27.81     20.017    1479.62  0.000e+00
      27.79     20.050    1479.61  0.000e+00
      27.81     20.074    1479.59  0.000e+00
      27.79     20.050    1479.57  0.000e+00
      27.77     20.017    1479.57  0.000e+00
      27.69     20.074    1479.59  0.000e+00
      27.69     19.992    1479.59  0.000e+00
      27.69     20.017    1479.58  0.000e+00
      27.69     20.074    1479.57  0.000e+00
      27.69     19.992    1479.57  0.000e+00
      27.69     19.959    1479.57  0.000e+00
      27.69     20.017    1479.57  0.000e+00
      27.69     19.992    1479.56  0.000e+00
      27.69     19.959    1479.57  0.000e+00
      27.69     19.893    1479.58  0.000e+00
      27.69     19.992    1479.59  0.000e+00
      27.64     19.893    1479.60  0.000e+00
      27.59     19.926    1479.61  0.000e+00
      27.57     19.836    1479.62  0.000e+00
      27.57     19.893    1479.63  0.000e+00
      27.57     19.811    1479.64  0.000e+00
      27.57     19.893    1479.65  0.000e+00
      27.62     19.770    1479.65  0.000e+00
      27.72     19.745    1479.66  0.000e+00
      27.77     19.770    1479.66  0.000e+00
      27.74     19.770    1479.66  0.000e+00
      27.74     19.745    1479.67  0.000e+00
      27.74     19.647    1479.68  0.000e+00
      27.74     19.688    1479.68  0.000e+00
      27.74     19.713    1479.68  0.000e+00
      27.74     19.589    1479.68  0.000e+00
      27.74     19.622    1479.68  0.000e+00
      27.74     19.647    1479.68  0.000e+00
      27.74     19.589    1479.68  0.000e+00
      27.81     19.499    1479.68  0.000e+00
      27.96     19.532    1479.68  0.000e+00
      28.01     19.532    1479.68  0.000e+00
      28.01     19.499    1479.68  0.000e+00
      28.01     19.466    1479.68  0.000e+00
      27.99     19.466    1479.68  0.000e+00
      28.01     19.441    1479.68  0.000e+00
      28.11     19.466    1479.68  0.000e+00
      28.13     19.343    1479.68  0.000e+00
      28.13     19.441    1479.68  0.000e+00
      28.13     19.409    1479.68  0.000e+00
      28.13     19.384    1479.68  0.000e+00
      28.13     19.343    1479.68  0.000e+00
      28.16     19.409    1479.68  0.000e+00
      28.23     19.384    1479.68  0.000e+00
      28.28     19.343    1479.68  0.000e+00
      28.28     19.343    1479.68  0.000e+00
      28.28     19.384    1479.69  0.000e+00
      28.28     19.343    1479.68  0.000e+00
      28.28     19.343    1479.69  0.000e+00
      28.28     19.384    1479.69  0.000e+00
      28.30     19.343    1479.69  0.000e+00
      28.30     19.343    1479.69  0.000e+00
      28.28     19.384    1479.69  0.000e+00
      28.28     19.343    1479.69  0.000e+00
      28.28     19.343    1479.69  0.000e+00
      28.30     19.441    1479.69  0.000e+00
      28.40     19.409    1479.69  0.000e+00
      28.47     19.466    1479.69  0.000e+00
      28.47     19.384    1479.69  0.000e+00
      28.47     19.409    1479.69  0.000e+00
      28.47     19.441    1479.71  0.000e+00
      28.40     19.466    1479.73  0.000e+00
      28.33     19.466    1479.74  0.000e+00
      28.30     19.499    1479.74  0.000e+00
      28.30     19.532    1479.71  0.000e+00
      28.30     19.532    1479.69  0.000e+00
      28.28     19.565    1479.68  0.000e+00
      28.33     19.532    1479.68  0.000e+00
      28.33     19.589    1479.69  0.000e+00
      28.33     19.565    1479.70  0.000e+00
      28.33     19.589    1479.71  0.000e+00
      28.30     19.589    1479.71  0.000e+00
      28.30     19.622    1479.71  0.000e+00
      28.28     19.647    1479.71  0.000e+00
      28.25     19.622    1479.70  0.000e+00
      28.25     19.647    1479.68  0.000e+00
      28.25     19.713    1479.66  0.000e+00
      28.23     19.688    1479.65  0.000e+00
      28.23     19.713    1479.64  0.000e+00
      28.38     19.713    1479.63  0.000e+00
      28.45     19.688    1479.60  0.000e+00
      28.47     19.770    1479.57  0.000e+00
      28.45     19.713    1479.56  0.000e+00
      28.47     19.746    1479.55  0.000e+00
      28.42     19.770    1479.53  0.000e+00
      28.42     19.836    1479.52  0.000e+00
      28.40     19.746    1479.51  0.000e+00
      28.40     19.770    1479.51  0.000e+00
      28.40     19.811    1479.51  0.000e+00
      28.38     19.770    1479.53  0.000e+00
      28.38     19.836    1479.54  0.000e+00
      28.35     19.811    1479.53  0.000e+00
      28.33     19.770    1479.52  0.000e+00
      28.33     19.836    1479.51  0.000e+00
      28.33     19.811    1479.49  0.000e+00
      28.33     19.770    1479.47  0.000e+00
      28.30     19.836    1479.47  0.000e+00
      28.38     19.746    1479.46  0.000e+00
      28.40     19.770    1479.44  0.000e+00
      28.40     19.836    1479.43  0.000e+00
      28.42     19.746    1479.42  0.000e+00
      28.40     19.770    1479.43  0.000e+00
      28.40     19.746    1479.43  0.000e+00
      28.25     19.770    1479.44  0.000e+00
      28.18     19.770    1479.45  0.000e+00
      28.16     19.688    1479.46  0.000e+00
      28.16     19.770    1479.47  0.000e+00
      28.16     19.713    1479.47  0.000e+00
      28.13     19.688    1479.47  0.000e+00
      28.23     19.713    1479.47  0.000e+00
      28.30     19.647    1479.46  0.000e+00
      28.33     19.688    1479.46  0.000e+00
      28.33     19.713    1479.45  0.000e+00
      28.30     19.647    1479.45  0.000e+00
      28.30     19.622    1479.45  0.000e+00
      28.28     19.647    1479.46  0.000e+00
      28.25     19.565    1479.46  0.000e+00
      28.25     19.647    1479.47  0.000e+00
      28.23     19.589    1479.48  0.000e+00
      28.23     19.565    1479.49  0.000e+00
      28.23     19.589    1479.49  0.000e+00
      28.28     19.589    1479.49  0.000e+00
      28.30     19.499    1479.49  0.000e+00
      28.33     19.589    1479.50  0.000e+00
      28.33     19.532    1479.51  0.000e+00
      28.30     19.499    1479.53  0.000e+00
      28.30     19.532    1479.53  0.000e+00
      28.35     19.532    1479.53  0.000e+00
      28.35     19.499    1479.51  0.000e+00
      28.35     19.466    1479.49  0.000e+00
      28.35     19.532    1479.50  0.000e+00
      28.35     19.442    1479.52  0.000e+00
      28.35     19.466    1479.54  0.000e+00
      28.35     19.499    1479.57  0.000e+00
      28.38     19.466    1479.61  0.000e+00
      28.38     19.466    1479.61  0.000e+00
      28.38     19.442    1479.61  0.000e+00
      28.38     19.466    1479.63  0.000e+00
      28.38     19.466    1479.64  0.000e+00
      28.38     19.499    1479.65  0.000e+00
      28.38     19.466    1479.65  0.000e+00
      28.38     19.466    1479.64  0.000e+00
      28.38     19.499    1479.64  0.000e+00
      28.38     19.466    1479.64  0.000e+00
      28.38     19.532    1479.65  0.000e+00
      28.33     19.442    1479.67  0.000e+00
      28.33     19.532    1479.70  0.000e+00
      28.33     19.532    1479.72  0.000e+00
      28.33     19.499    1479.73  0.000e+00
      28.33     19.532    1479.73  0.000e+00
      28.33     19.565    1479.74  0.000e+00
      28.33     19.532    1479.74  0.000e+00
      28.30     19.590    1479.75  0.000e+00
      28.30     19.622    1479.76  0.000e+00
      28.30     19.590    1479.77  0.000e+00
      28.30     19.590    1479.78  0.000e+00
      28.28     19.622    1479.79  0.000e+00
      28.30     19.647    1479.79  0.000e+00
      28.33     19.647    1479.78  0.000e+00
      28.33     19.688    1479.78  0.000e+00
      28.33     19.647    1479.78  0.000e+00
      28.33     19.770    1479.78  0.000e+00
      28.33     19.688    1479.76  0.000e+00
      28.18     19.770    1479.75  0.000e+00
      28.06     19.746    1479.75  0.000e+00
      28.03     19.770    1479.75  0.000e+00
      28.06     19.770    1479.75  0.000e+00
      28.03     19.812    1479.75  0.000e+00
      28.03     19.836    1479.75  0.000e+00
      28.03     19.836    1479.75  0.000e+00
      28.03     19.927    1479.75  0.000e+00
      28.06     19.894    1479.74  0.000e+00
      28.03     19.836    1479.74  0.000e+00
      28.03     19.927    1479.74  0.000e+00
      28.03     19.960    1479.71  0.000e+00
      28.06     19.960    1479.64  0.000e+00
      28.11     19.992    1479.59  0.000e+00
      28.11     19.960    1479.61  0.000e+00
      28.11     19.992    1479.64  0.000e+00
      28.08     20.017    1479.61  0.000e+00
      28.08     20.017    1479.59  0.000e+00
      27.99     20.050    1479.58  0.000e+00
      27.89     20.075    1479.57  0.000e+00
      27.86     20.075    1479.57  0.000e+00
      27.89     20.116    1479.58  0.000e+00
      27.86     20.075    1479.57  0.000e+00
      27.86     20.140    1479.55  0.000e+00
      27.77     20.116    1479.55  0.000e+00
      27.69     20.140    1479.53  0.000e+00
      27.67     20.173    1479.51  0.000e+00
      27.67     20.140    1479.49  0.000e+00
      27.67     20.140    1479.48  0.000e+00
      27.64     20.231    1479.48  0.000e+00
      27.52     20.140    1479.50  0.000e+00
      27.42     20.198    1479.52  0.000e+00
      27.40     20.231    1479.51  0.000e+00
      27.40     20.140    1479.49  0.000e+00
      27.42     20.231    1479.48  0.000e+00
      27.40     20.198    1479.48  0.000e+00
      27.50     20.198    1479.49  0.000e+00
      27.55     20.231    1479.50  0.000e+00
      27.57     20.198    1479.51  0.000e+00
      27.57     20.198    1479.53  0.000e+00
