test_casts/EN695_005_test.cnv
* Sea-Bird SBE 9 Data File:
* FileName = D:\ctd\raw\EN695_005.hdr
* Software Version Seasave V 7.26.7.121
* Temperature SN = 4333
* Conductivity SN = 2459
* Number of Bytes Per Scan = 40
* Number of Voltage Words = 5
* Number of Scans Averaged by the Deck Unit = 1
* NMEA Latitude = 39 46.59 N
* NMEA Longitude = 070 53.24 W
* NMEA UTC (Time) = Jan 12 2023  12:23:04
* NMEA baud rate = 4800
** Ship: R/V Endeavor
** Cruise: EN695
** Principal Investigator: Heidi Sosik
** Chief Scientist: Heidi Sosik
** Project: NES-LTER Transect 12 Winter
** Cruise Start Date: 11 Jan 2023
** Ports: Senesco Shipyard to Senesco Shipyard, North Kingstown, Rhode Island
** Station:  L11
** Bottom Depth: 1564 m
** Operator:
** cast to 500 m max depth. ~sunrise
# nquan = 4
# nvalues = 51885                                 
# units = specified
# name 0 = altM: Altimeter [m]
# name 1 = depSM: Depth [salt water, m]
# name 2 = svCM: Sound Velocity [Chen-Millero, m/s]
# name 3 = flag:  0.000e+00
# span 0 =       0.00,     100.00                 
# span 1 =      2.170,    501.637                 
# span 2 =    1484.90,    1516.07                 
# span 3 = 0.0000e+00, 0.0000e+00                 
# interval = seconds: 0.0416667
# start_time = Jan 12 2023 12:23:06 [System UTC, header]
# bad_flag = -9.990e-29
*END*
[from data line 50134]
       0.34      2.742    1505.59  0.000e+00
       0.34      2.742    1505.59  0.000e+00
       0.32      2.685    1505.59  0.000e+00
       0.24      2.685    1505.59  0.000e+00
       0.20      2.619    1505.59  0.000e+00
       0.20      2.685    1505.59  0.000e+00
       0.20      2.619    1505.59  0.000e+00
       0.20      2.685    1505.59  0.000e+00
       0.20      2.619    1505.59  0.000e+00
       0.20      2.619    1505.59  0.000e+00
       0.22      2.561    1505.58  0.000e+00
       0.22      2.561    1505.57  0.000e+00
       0.22      2.561    1505.58  0.000e+00
       0.22      2.561    1505.59  0.000e+00
       0.22      2.495    1505.59  0.000e+00
       0.20      2.561    1505.59  0.000e+00
       0.20      2.495    1505.59  0.000e+00
       0.20      2.495    1505.59  0.000e+00
       0.20      2.495    1505.58  0.000e+00
       0.20      2.495    1505.58  0.000e+00
       0.20      2.438    1505.58  0.000e+00
       0.24      2.438    1505.57  0.000e+00
       0.27      2.438    1505.57  0.000e+00
       0.27      2.495    1505.57  0.000e+00
       0.27      2.438    1505.57  0.000e+00
       0.27      2.438    1505.57  0.000e+00
       0.24      2.437    1505.57  0.000e+00
       0.22      2.437    1505.57  0.000e+00
       0.20      2.437    1505.58  0.000e+00
       0.20      2.437    1505.58  0.000e+00
       0.20      2.495    1505.58  0.000e+00
       0.20      2.437    1505.58  0.000e+00
       0.20      2.495    1505.58  0.000e+00
       0.17      2.495    1505.58  0.000e+00
       0.17      2.495    1505.58  0.000e+00
       0.17      2.561    1505.58  0.000e+00
       0.17      2.561    1505.58  0.000e+00
       0.17      2.561    1505.58  0.000e+00
       0.17      2.560    1505.58  0.000e+00
       0.20      2.684    1505.57  0.000e+00
       0.20      2.618    1505.57  0.000e+00
       0.20      2.618    1505.56  0.000e+00
       0.20      2.684    1505.56  0.000e+00
       0.20      2.741    1505.56  0.000e+00
       0.24      2.741    1505.56  0.000e+00
       0.34      2.741    1505.56  0.000e+00
       0.39      2.807    1505.56  0.000e+00
       0.39      2.807    1505.56  0.000e+00
       0.39      2.807    1505.56  0.000e+00
       0.39      2.807    1505.57  0.000e+00
       0.39      2.864    1505.57  0.000e+00
       0.37      2.864    1505.57  0.000e+00
       0.34      2.815    1505.57  0.000e+00
       0.34      2.922    1505.57  0.000e+00
       0.34      2.922    1505.57  0.000e+00
       0.37      2.864    1505.57  0.000e+00
       0.32      2.922    1505.57  0.000e+00
       0.24      2.987    1505.57  0.000e+00
       0.22      2.922    1505.56  0.000e+00
       0.22      2.987    1505.56  0.000e+00
       0.22      2.987    1505.55  0.000e+00
       0.24      2.921    1505.55  0.000e+00
       0.24      3.045    1505.55  0.000e+00
       0.29      2.987    1505.54  0.000e+00
       0.32      2.921    1505.54  0.000e+00
       0.32      3.045    1505.54  0.000e+00
       0.32      2.987    1505.55  0.000e+00
       0.32      3.045    1505.55  0.000e+00
       0.32      2.987    1505.55  0.000e+00
       0.27      2.987    1505.55  0.000e+00
       0.24      2.987    1505.56  0.000e+00
       0.24      3.045    1505.57  0.000e+00
       0.24      2.987    1505.57  0.000e+00
       0.24      2.987    1505.58  0.000e+00
       0.27      2.987    1505.58  0.000e+00
       0.29      2.987    1505.58  0.000e+00
       0.32      2.987    1505.58  0.000e+00
       0.32      2.987    1505.58  0.000e+00
       0.32      2.921    1505.57  0.000e+00
       0.32      2.921    1505.57  0.000e+00
       0.32      2.987    1505.57  0.000e+00
       0.29      2.921    1505.57  0.000e+00
       0.27      2.863    1505.56  0.000e+00
       0.27      2.921    1505.55  0.000e+00
       0.27      2.863    1505.54  0.000e+00
       0.27      2.863    1505.54  0.000e+00
       0.29      2.863    1505.54  0.000e+00
       0.32      2.806    1505.54  0.000e+00
       0.32      2.806    1505.54  0.000e+00
       0.34      2.806    1505.54  0.000e+00
       0.32      2.740    1505.54  0.000e+00
       0.32      2.740    1505.55  0.000e+00
       0.32      2.682    1505.55  0.000e+00
       0.32      2.682    1505.55  0.000e+00
       0.29      2.682    1505.55  0.000e+00
       0.29      2.616    1505.55  0.000e+00
       0.29      2.616    1505.55  0.000e+00
       0.29      2.616    1505.55  0.000e+00
       0.29      2.493    1505.54  0.000e+00
       0.20      2.493    1505.54  0.000e+00
       0.17      2.435    1505.54  0.000e+00
       0.17      2.493    1505.54  0.000e+00
       0.17      2.435    1505.54  0.000e+00
       0.17      2.435    1505.54  0.000e+00
       0.17      2.378    1505.54  0.000e+00
       0.15      2.378    1505.55  0.000e+00
       0.15      2.378    1505.55  0.000e+00
       0.15      2.312    1505.54  0.000e+00
       0.15      2.254    1505.54  0.000e+00
       0.15      2.378    1505.54  0.000e+00
       0.15      2.312    1505.54  0.000e+00
       0.15      2.312    1505.54  0.000e+00
       0.15      2.378    1505.54  0.000e+00
       0.15      2.312    1505.54  0.000e+00
       0.15      2.312    1505.54  0.000e+00
       0.17      2.254    1505.55  0.000e+00
       0.15      2.254    1505.55  0.000e+00
       0.10      2.254    1505.55  0.000e+00
       0.05      2.254    1505.55  0.000e+00
       0.05      2.312    1505.55  0.000e+00
       0.05      2.254    1505.56  0.000e+00
       0.05      2.311    1505.56  0.000e+00
       0.07      2.377    1505.55  0.000e+00
       0.10      2.377    1505.55  0.000e+00
       0.12      2.377    1505.55  0.000e+00
       0.12      2.377    1505.55  0.000e+00
       0.12      2.435    1505.55  0.000e+00
       0.12      2.492    1505.55  0.000e+00
       0.12      2.492    1505.54  0.000e+00
       0.12      2.492    1505.54  0.000e+00
       0.15      2.615    1505.53  0.000e+00
       0.12      2.615    1505.53  0.000e+00
       0.15      2.615    1505.53  0.000e+00
       0.15      2.739    1505.53  0.000e+00
       0.15      2.615    1505.52  0.000e+00
       0.10      2.804    1505.52  0.000e+00
       0.10      2.681    1505.52  0.000e+00
       0.10      2.804    1505.52  0.000e+00
       0.10      2.862    1505.51  0.000e+00
       0.10      2.862    1505.52  0.000e+00
       0.15      2.862    1505.52  0.000e+00
       0.32      2.919    1505.52  0.000e+00
       0.39      2.985    1505.52  0.000e+00
       0.42      2.985    1505.52  0.000e+00
       0.42      3.042    1505.52  0.000e+00
       0.39      3.108    1505.52  0.000e+00
       0.34      3.166    1505.52  0.000e+00
       0.27      3.223    1505.52  0.000e+00
       0.22      3.346    1505.52  0.000e+00
       0.22      3.346    1505.52  0.000e+00
       0.22      3.412    1505.52  0.000e+00
       0.22      3.289    1505.53  0.000e+00
       0.24      3.346    1505.53  0.000e+00
       0.34      3.165    1505.53  0.000e+00
       0.39      3.289    1505.53  0.000e+00
       0.42      3.289    1505.53  0.000e+00
       0.42      3.469    1505.53  0.000e+00
       0.39      3.412    1505.53  0.000e+00
       0.37      3.527    1505.53  0.000e+00
       0.29      3.527    1505.53  0.000e+00
       0.27      3.527    1505.53  0.000e+00
       0.27      3.412    1505.53  0.000e+00
       0.27      3.346    1505.53  0.000e+00
       0.27      3.469    1505.53  0.000e+00
       0.27      3.527    1505.53  0.000e+00
       0.24      3.527    1505.53  0.000e+00
       0.24      3.592    1505.54  0.000e+00
       0.24      3.650    1505.54  0.000e+00
       0.24      3.650    1505.54  0.000e+00
       0.24      3.592    1505.54  0.000e+00
       0.24      3.650    1505.54  0.000e+00
       0.22      3.526    1505.54  0.000e+00
       0.22      3.526    1505.54  0.000e+00
       0.22      3.650    1505.54  0.000e+00
       0.22      3.526    1505.54  0.000e+00
       0.22      3.650    1505.54  0.000e+00
       0.22      3.592    1505.54  0.000e+00
       0.24      3.592    1505.54  0.000e+00
       0.24      3.526    1505.54  0.000e+00
       0.24      3.526    1505.54  0.000e+00
       0.22      3.469    1505.54  0.000e+00
       0.24      3.469    1505.54  0.000e+00
       0.24      3.469    1505.54  0.000e+00
       0.22      3.526    1505.54  0.000e+00
       0.20      3.526    1505.54  0.000e+00
       0.20      3.526    1505.54  0.000e+00
       0.22      3.468    1505.54  0.000e+00
       0.22      3.468    1505.54  0.000e+00
       0.20      3.411    1505.54  0.000e+00
       0.20      3.411    1505.54  0.000e+00
       0.20      3.468    1505.54  0.000e+00
       0.20      3.411    1505.54  0.000e+00
       0.20      3.468    1505.54  0.000e+00
       0.20      3.411    1505.54  0.000e+00
       0.20      3.411    1505.54  0.000e+00
       0.17      3.345    1505.54  0.000e+00
       0.17      3.411    1505.54  0.000e+00
       0.17      3.345    1505.54  0.000e+00
       0.17      3.345    1505.54  0.000e+00
       0.17      3.345    1505.54  0.000e+00
       0.17      3.410    1505.54  0.000e+00
       0.15      3.345    1505.51  0.000e+00
       0.15      3.345    1505.51  0.000e+00
       0.15      3.287    1505.53  0.000e+00
       0.15      3.345    1505.54  0.000e+00
       0.15      3.287    1505.54  0.000e+00
       0.15      3.410    1505.54  0.000e+00
       0.12      3.287    1505.54  0.000e+00
       0.10      3.344    1505.54  0.000e+00
       0.10      3.344    1505.54  0.000e+00
       0.10      3.287    1505.54  0.000e+00
       0.10      3.344    1505.54  0.000e+00
       0.12      3.287    1505.54  0.000e+00
       0.17      3.344    1505.54  0.000e+00
       0.20      3.344    1505.55  0.000e+00
       0.20      3.287    1505.54  0.000e+00
       0.20      3.344    1505.54  0.000e+00
       0.20      3.344    1505.54  0.000e+00
       0.20      3.344    1505.55  0.000e+00
       0.15      3.344    1505.55  0.000e+00
       0.12      3.287    1505.55  0.000e+00
       0.10      3.344    1505.55  0.000e+00
       0.12      3.344    1505.55  0.000e+00
       0.12      3.344    1505.54  0.000e+00
       0.12      3.344    1505.54  0.000e+00
       0.15      3.344    1505.54  0.000e+00
       0.15      3.344    1505.54  0.000e+00
       0.17      3.344    1505.54  0.000e+00
       0.15      3.344    1505.54  0.000e+00
       0.17      3.344    1505.54  0.000e+00
       0.17      3.344    1505.54  0.000e+00
       0.17      3.344    1505.54  0.000e+00
       0.17      3.410    1505.54  0.000e+00
       0.17      3.344    1505.54  0.000e+00
       0.17      3.344    1505.54  0.000e+00
       0.17      3.344    1505.54  0.000e+00
       0.17      3.344    1505.54  0.000e+00
       0.12      3.409    1505.54  0.000e+00
       0.12      3.344    1505.54  0.000e+00
       0.12      3.344    1505.54  0.000e+00
       0.10      3.344    1505.54  0.000e+00
       0.12      3.409    1505.55  0.000e+00
       0.12      3.344    1505.54  0.000e+00
       0.17      3.344    1505.55  0.000e+00
       0.20      3.409    1505.55  0.000e+00
       0.20      3.343    1505.54  0.000e+00
       0.20      3.343    1505.54  0.000e+00
       0.20      3.409    1505.54  0.000e+00
       0.20      3.343    1505.54  0.000e+00
       0.22      3.409    1505.54  0.000e+00
       0.22      3.343    1505.54  0.000e+00
       0.22      3.409    1505.55  0.000e+00
       0.22      3.343    1505.54  0.000e+00
       0.22      3.409    1505.55  0.000e+00
       0.22      3.409    1505.54  0.000e+00
       0.20      3.409    1505.54  0.000e+00
       0.20      3.343    1505.54  0.000e+00
       0.17      3.409    1505.55  0.000e+00
       0.20      3.409    1505.55  0.000e+00
       0.20      3.409    1505.55  0.000e+00
       0.20      3.466    1505.55  0.000e+00
       0.22      3.409    1505.55  0.000e+00
       0.22      3.409    1505.55  0.000e+00
       0.22      3.466    1505.55  0.000e+00
       0.22      3.409    1505.55  0.000e+00
       0.22      3.466    1505.55  0.000e+00
       0.20      3.466    1505.55  0.000e+00
       0.20      3.466    1505.55  0.000e+00
       0.17      3.466    1505.55  0.000e+00
       0.17      3.466    1505.55  0.000e+00
       0.17      3.524    1505.55  0.000e+00
       0.17      3.466    1505.55  0.000e+00
       0.17      3.524    1505.55  0.000e+00
       0.20      3.466    1505.55  0.000e+00
       0.20      3.524    1505.55  0.000e+00
       0.20      3.589    1505.55  0.000e+00
       0.20      3.466    1505.55  0.000e+00
       0.20      3.523    1505.55  0.000e+00
       0.20      3.523    1505.55  0.000e+00
       0.20      3.523    1505.55  0.000e+00
       0.22      3.523    1505.55  0.000e+00
       0.22      3.589    1505.55  0.000e+00
       0.20      3.466    1505.55  0.000e+00
       0.20      3.589    1505.55  0.000e+00
       0.22      3.523    1505.55  0.000e+00
       0.29      3.466    1505.55  0.000e+00
       0.39      3.523    1505.55  0.000e+00
       0.39      3.523    1505.55  0.000e+00
       0.39      3.466    1505.55  0.000e+00
       0.39      3.523    1505.55  0.000e+00
       0.39      3.466    1505.55  0.000e+00
       0.34      3.466    1505.55  0.000e+00
       0.34      3.466    1505.55  0.000e+00
       0.34      3.523    1505.55  0.000e+00
       0.34      3.408    1505.55  0.000e+00
       0.34      3.465    1505.55  0.000e+00
       0.39      3.408    1505.55  0.000e+00
       0.54      3.465    1505.55  0.000e+00
       0.59      3.408    1505.55  0.000e+00
       0.61      3.408    1505.55  0.000e+00
       0.61      3.342    1505.55  0.000e+00
       0.59      3.408    1505.55  0.000e+00
       0.49      3.342    1505.55  0.000e+00
       0.29      3.342    1505.55  0.000e+00
       0.24      3.284    1505.55  0.000e+00
       0.24      3.342    1505.55  0.000e+00
       0.24      3.284    1505.55  0.000e+00
       0.24      3.284    1505.55  0.000e+00
       0.27      3.219    1505.55  0.000e+00
       0.44      3.284    1505.55  0.000e+00
       0.54      3.161    1505.54  0.000e+00
       0.54      3.284    1505.54  0.000e+00
       0.54      3.161    1505.54  0.000e+00
       0.54      3.161    1505.54  0.000e+00
       0.44      3.218    1505.54  0.000e+00
       0.27      3.161    1505.54  0.000e+00
       0.22      3.103    1505.54  0.000e+00
       0.22      3.103    1505.54  0.000e+00
       0.22      3.161    1505.54  0.000e+00
       0.24      3.103    1505.54  0.000e+00
       0.22      3.103    1505.54  0.000e+00
       0.24      3.103    1505.54  0.000e+00
       0.24      3.103    1505.54  0.000e+00
       0.24      3.037    1505.54  0.000e+00
       0.24      3.103    1505.54  0.000e+00
       0.24      3.103    1505.54  0.000e+00
       0.24      3.037    1505.54  0.000e+00
       0.27      3.103    1505.54  0.000e+00
       0.27      3.103    1505.54  0.000e+00
       0.27      3.103    1505.54  0.000e+00
       0.27      3.103    1505.54  0.000e+00
       0.27      3.103    1505.54  0.000e+00
       0.27      3.103    1505.54  0.000e+00
       0.27      3.160    1505.54  0.000e+00
       0.24      3.103    1505.54  0.000e+00
       0.24      3.160    1505.54  0.000e+00
       0.24      3.160    1505.54  0.000e+00
       0.24      3.103    1505.54  0.000e+00
       0.24      3.160    1505.54  0.000e+00
       0.24      3.160    1505.54  0.000e+00
       0.24      3.218    1505.54  0.000e+00
       0.24      3.160    1505.54  0.000e+00
       0.24      3.218    1505.54  0.000e+00
       0.24      3.160    1505.54  0.000e+00
       0.22      3.218    1505.54  0.000e+00
       0.20      3.160    1505.54  0.000e+00
       0.17      3.218    1505.54  0.000e+00
       0.17      3.218    1505.54  0.000e+00
       0.17      3.218    1505.54  0.000e+00
       0.17      3.217    1505.54  0.000e+00
       0.17      3.217    1505.54  0.000e+00
       0.15      3.283    1505.54  0.000e+00
       0.15      3.217    1505.54  0.000e+00
       0.12      3.217    1505.54  0.000e+00
