test_casts/EN695_006_test.cnv
* Sea-Bird SBE 9 Data File:
* FileName = D:\ctd\raw\EN695_006.hdr
* Software Version Seasave V 7.26.7.121
* Temperature SN = 4333
* Conductivity SN = 2459
* Number of Bytes Per Scan = 40
* Number of Voltage Words = 5
* Number of Scans Averaged by the Deck Unit = 1
* NMEA Latitude = 40 09.11 N
* NMEA Longitude = 070 52.98 W
* NMEA UTC (Time) = Jan 12 2023  20:21:05
* NMEA baud rate = 4800
** Ship: R/V Endeavor
** Cruise: EN695
** Principal Investigator: Heidi Sosik
** Chief Scientist: Heidi Sosik
** Project: NES-LTER Transect 12 Winter
** Cruise Start Date: 11 Jan 2023
** Ports: Senesco Shipyard to Senesco Shipyard, North Kingstown, Rhode Island
** Station:  L8
** Bottom Depth: 136 m
** Operator:
# nquan = 4
# nvalues = 32444                                 
# units = specified
# name 0 = altM: Altimeter [m]
# name 1 = depSM: Depth [salt water, m]
# name 2 = svCM: Sound Velocity [Chen-Millero, m/s]
# name 3 = flag:  0.000e+00
# span 0 =       0.00,     100.00                 
# span 1 =      4.189,    130.653                 
# span 2 =    1492.65,    1515.20                 
# span 3 = 0.0000e+00, 0.0000e+00                 
# interval = seconds: 0.0416667
# start_time = Jan 12 2023 20:21:08 [System UTC, header]
# bad_flag = -9.990e-29
*END*
[from data line 4267]
      57.75     80.414    1512.90  0.000e+00
      57.75     80.405    1512.90  0.000e+00
      57.78     80.471    1512.90  0.000e+00
      57.75     80.463    1512.90  0.000e+00
      57.78     80.471    1512.90  0.000e+00
      57.88     80.529    1512.90  0.000e+00
      57.92     80.413    1512.90  0.000e+00
      57.95     80.529    1512.90  0.000e+00
      57.92     80.529    1512.90  0.000e+00
      57.90     80.471    1512.90  0.000e+00
      57.88     80.529    1512.90  0.000e+00
      57.73     80.471    1512.90  0.000e+00
      57.68     80.529    1512.90  0.000e+00
      57.68     80.537    1512.91  0.000e+00
      57.68     80.529    1512.91  0.000e+00
      57.66     80.537    1512.91  0.000e+00
      57.63     80.529    1512.92  0.000e+00
      57.58     80.594    1512.92  0.000e+00
      57.56     80.586    1512.92  0.000e+00
      57.56     80.594    1512.92  0.000e+00
      57.56     80.652    1512.92  0.000e+00
      57.56     80.594    1512.93  0.000e+00
      57.58     80.709    1512.93  0.000e+00
      57.66     80.709    1512.93  0.000e+00
      57.70     80.660    1512.93  0.000e+00
      57.70     80.767    1512.94  0.000e+00
      57.70     80.718    1512.94  0.000e+00
      57.68     80.709    1512.94  0.000e+00
      57.70     80.775    1512.94  0.000e+00
      57.75     80.833    1512.94  0.000e+00
      57.78     80.718    1512.94  0.000e+00
      57.78     80.833    1512.94  0.000e+00
      57.78     80.841    1512.95  0.000e+00
      57.75     80.890    1512.94  0.000e+00
      57.73     80.841    1512.93  0.000e+00
      57.58     80.956    1512.93  0.000e+00
      57.56     80.956    1512.92  0.000e+00
      57.53     80.964    1512.93  0.000e+00
      57.53     81.071    1512.94  0.000e+00
      57.53     81.088    1512.95  0.000e+00
      57.48     81.071    1512.95  0.000e+00
      57.36     81.088    1512.96  0.000e+00
      57.29     81.195    1512.96  0.000e+00
      57.29     81.145    1512.97  0.000e+00
      57.29     81.195    1512.97  0.000e+00
      57.26     81.260    1512.98  0.000e+00
      57.26     81.269    1512.98  0.000e+00
      57.19     81.318    1512.99  0.000e+00
      57.14     81.326    1513.00  0.000e+00
      57.17     81.318    1513.00  0.000e+00
      57.17     81.392    1513.00  0.000e+00
      57.14     81.441    1513.01  0.000e+00
      57.14     81.449    1513.01  0.000e+00
      57.19     81.441    1513.01  0.000e+00
      57.22     81.515    1513.02  0.000e+00
      57.22     81.565    1513.04  0.000e+00
      57.22     81.622    1513.06  0.000e+00
      57.19     81.573    1513.07  0.000e+00
      57.19     81.688    1513.08  0.000e+00
      57.09     81.696    1513.10  0.000e+00
      57.07     81.746    1513.10  0.000e+00
      57.05     81.754    1513.11  0.000e+00
      57.07     81.745    1513.12  0.000e+00
      57.05     81.820    1513.13  0.000e+00
      57.05     81.869    1513.14  0.000e+00
      57.14     81.869    1513.15  0.000e+00
      57.22     81.877    1513.16  0.000e+00
      57.22     81.869    1513.17  0.000e+00
      57.22     81.935    1513.18  0.000e+00
      57.19     81.992    1513.19  0.000e+00
      57.17     82.000    1513.20  0.000e+00
      56.85     81.992    1513.20  0.000e+00
      56.70     82.050    1513.21  0.000e+00
      56.68     82.058    1513.22  0.000e+00
      56.70     82.116    1513.23  0.000e+00
      56.68     82.124    1513.23  0.000e+00
      56.68     82.116    1513.24  0.000e+00
      56.58     82.181    1513.24  0.000e+00
      56.53     82.231    1513.25  0.000e+00
      56.56     82.231    1513.26  0.000e+00
      56.56     82.247    1513.26  0.000e+00
      56.53     82.231    1513.27  0.000e+00
      56.51     82.247    1513.28  0.000e+00
      56.39     82.296    1513.28  0.000e+00
      56.31     82.362    1513.29  0.000e+00
      56.31     82.296    1513.29  0.000e+00
      56.31     82.231    1513.30  0.000e+00
      56.31     82.362    1513.30  0.000e+00
      56.26     82.354    1513.31  0.000e+00
      56.14     82.362    1513.31  0.000e+00
      56.09     82.420    1513.31  0.000e+00
      56.07     82.362    1513.32  0.000e+00
      56.09     82.477    1513.33  0.000e+00
      56.07     82.420    1513.33  0.000e+00
      56.02     82.486    1513.33  0.000e+00
      55.90     82.477    1513.34  0.000e+00
      55.82     82.486    1513.34  0.000e+00
      55.85     82.477    1513.34  0.000e+00
      55.85     82.551    1513.34  0.000e+00
      55.82     82.477    1513.35  0.000e+00
      55.82     82.601    1513.35  0.000e+00
      55.80     82.485    1513.35  0.000e+00
      55.80     82.543    1513.35  0.000e+00
      55.80     82.551    1513.35  0.000e+00
      55.80     82.601    1513.36  0.000e+00
      55.78     82.551    1513.36  0.000e+00
      55.75     82.543    1513.36  0.000e+00
      55.63     82.543    1513.36  0.000e+00
      55.60     82.609    1513.36  0.000e+00
      55.60     82.658    1513.37  0.000e+00
      55.60     82.609    1513.37  0.000e+00
      55.58     82.658    1513.38  0.000e+00
      55.58     82.609    1513.38  0.000e+00
      55.56     82.724    1513.38  0.000e+00
      55.56     82.658    1513.38  0.000e+00
      55.56     82.732    1513.39  0.000e+00
      55.56     82.724    1513.39  0.000e+00
      55.53     82.732    1513.39  0.000e+00
      55.56     82.724    1513.39  0.000e+00
      55.63     82.732    1513.39  0.000e+00
      55.65     82.781    1513.40  0.000e+00
      55.65     82.781    1513.40  0.000e+00
      55.65     82.732    1513.40  0.000e+00
      55.63     82.781    1513.40  0.000e+00
      55.63     82.789    1513.40  0.000e+00
      55.53     82.724    1513.40  0.000e+00
      55.48     82.847    1513.40  0.000e+00
      55.48     82.855    1513.39  0.000e+00
      55.51     82.847    1513.39  0.000e+00
      55.48     82.855    1513.40  0.000e+00
      55.46     82.847    1513.40  0.000e+00
      55.43     82.979    1513.40  0.000e+00
      55.43     82.905    1513.41  0.000e+00
      55.43     82.962    1513.41  0.000e+00
      55.43     82.979    1513.41  0.000e+00
      55.41     83.028    1513.42  0.000e+00
      55.41     83.036    1513.42  0.000e+00
      55.41     83.028    1513.43  0.000e+00
      55.41     83.028    1513.44  0.000e+00
      55.43     83.036    1513.44  0.000e+00
      55.41     83.028    1513.45  0.000e+00
      55.41     83.102    1513.45  0.000e+00
      55.41     83.085    1513.45  0.000e+00
      55.38     83.102    1513.45  0.000e+00
      55.38     83.151    1513.45  0.000e+00
      55.38     83.085    1513.45  0.000e+00
      55.38     83.217    1513.46  0.000e+00
      55.36     83.209    1513.46  0.000e+00
      55.36     83.217    1513.46  0.000e+00
      55.29     83.274    1513.46  0.000e+00
      55.26     83.274    1513.46  0.000e+00
      55.26     83.283    1513.46  0.000e+00
      55.26     83.390    1513.46  0.000e+00
      55.24     83.283    1513.46  0.000e+00
      55.24     83.390    1513.46  0.000e+00
      55.16     83.390    1513.47  0.000e+00
      55.14     83.406    1513.47  0.000e+00
      55.14     83.390    1513.47  0.000e+00
      55.16     83.464    1513.47  0.000e+00
      55.14     83.455    1513.47  0.000e+00
      55.14     83.455    1513.47  0.000e+00
      55.14     83.463    1513.47  0.000e+00
      55.14     83.579    1513.47  0.000e+00
      55.14     83.463    1513.47  0.000e+00
      55.14     83.579    1513.47  0.000e+00
      55.12     83.587    1513.47  0.000e+00
      55.12     83.579    1513.47  0.000e+00
      55.07     83.636    1513.47  0.000e+00
      55.04     83.644    1513.48  0.000e+00
      55.04     83.702    1513.48  0.000e+00
      55.04     83.710    1513.48  0.000e+00
      55.02     83.702    1513.48  0.000e+00
      54.99     83.702    1513.48  0.000e+00
      54.75     83.768    1513.48  0.000e+00
      54.65     83.817    1513.48  0.000e+00
      54.65     83.768    1513.48  0.000e+00
      54.68     83.817    1513.49  0.000e+00
      54.65     83.817    1513.49  0.000e+00
      54.65     83.833    1513.49  0.000e+00
      54.75     83.817    1513.49  0.000e+00
      54.77     83.891    1513.49  0.000e+00
      54.77     83.940    1513.49  0.000e+00
      54.77     83.883    1513.49  0.000e+00
      54.75     83.957    1513.49  0.000e+00
      54.73     84.006    1513.49  0.000e+00
      54.60     83.957    1513.49  0.000e+00
      54.53     84.006    1513.49  0.000e+00
      54.51     84.121    1513.49  0.000e+00
      54.53     84.014    1513.49  0.000e+00
      54.53     84.121    1513.50  0.000e+00
      54.51     84.072    1513.49  0.000e+00
      54.36     84.187    1513.50  0.000e+00
      54.29     84.187    1513.50  0.000e+00
      54.31     84.138    1513.49  0.000e+00
      54.31     84.187    1513.50  0.000e+00
      54.29     84.244    1513.50  0.000e+00
      54.29     84.261    1513.50  0.000e+00
      54.31     84.187    1513.50  0.000e+00
      54.31     84.318    1513.50  0.000e+00
      54.31     84.244    1513.50  0.000e+00
      54.31     84.368    1513.50  0.000e+00
      54.29     84.318    1513.50  0.000e+00
      54.26     84.368    1513.50  0.000e+00
      54.16     84.442    1513.50  0.000e+00
      54.11     84.368    1513.50  0.000e+00
      54.11     84.491    1513.51  0.000e+00
      54.11     84.442    1513.51  0.000e+00
      54.11     84.549    1513.51  0.000e+00
      54.11     84.565    1513.51  0.000e+00
      54.19     84.549    1513.51  0.000e+00
      54.24     84.614    1513.51  0.000e+00
      54.24     84.565    1513.51  0.000e+00
      54.26     84.614    1513.51  0.000e+00
      54.21     84.672    1513.51  0.000e+00
      54.19     84.688    1513.52  0.000e+00
      53.99     84.672    1513.52  0.000e+00
      53.92     84.746    1513.52  0.000e+00
      53.92     84.738    1513.52  0.000e+00
      53.92     84.738    1513.52  0.000e+00
      53.92     84.746    1513.52  0.000e+00
      53.87     84.853    1513.52  0.000e+00
      53.68     84.795    1513.52  0.000e+00
      53.60     84.869    1513.52  0.000e+00
      53.60     84.919    1513.52  0.000e+00
      53.60     84.927    1513.52  0.000e+00
      53.60     84.976    1513.52  0.000e+00
      53.60     84.976    1513.52  0.000e+00
      53.63     84.993    1513.52  0.000e+00
      53.65     85.042    1513.52  0.000e+00
      53.65     85.050    1513.52  0.000e+00
      53.65     85.042    1513.52  0.000e+00
      53.63     85.100    1513.52  0.000e+00
      53.60     85.174    1513.52  0.000e+00
      53.48     85.165    1513.52  0.000e+00
      53.43     85.100    1513.52  0.000e+00
      53.43     85.174    1513.52  0.000e+00
      53.43     85.223    1513.52  0.000e+00
      53.43     85.116    1513.52  0.000e+00
      53.41     85.346    1513.52  0.000e+00
      53.33     85.280    1513.52  0.000e+00
      53.31     85.354    1513.53  0.000e+00
      53.28     85.346    1513.53  0.000e+00
      53.31     85.404    1513.53  0.000e+00
      53.28     85.354    1513.53  0.000e+00
      53.24     85.470    1513.53  0.000e+00
      53.11     85.470    1513.53  0.000e+00
      53.04     85.478    1513.53  0.000e+00
      53.04     85.527    1513.53  0.000e+00
      53.04     85.478    1513.53  0.000e+00
      53.04     85.593    1513.54  0.000e+00
      53.04     85.593    1513.54  0.000e+00
      53.14     85.601    1513.54  0.000e+00
      53.16     85.650    1513.55  0.000e+00
      53.16     85.650    1513.55  0.000e+00
      53.16     85.725    1513.56  0.000e+00
      53.14     85.708    1513.56  0.000e+00
      53.11     85.708    1513.56  0.000e+00
      52.87     85.782    1513.57  0.000e+00
      52.77     85.774    1513.57  0.000e+00
      52.77     85.848    1513.57  0.000e+00
      52.80     85.897    1513.58  0.000e+00
      52.75     85.897    1513.58  0.000e+00
      52.77     85.905    1513.59  0.000e+00
      52.82     85.955    1513.60  0.000e+00
      52.84     86.012    1513.62  0.000e+00
      52.84     86.029    1513.64  0.000e+00
      52.87     86.012    1513.65  0.000e+00
      52.84     86.078    1513.66  0.000e+00
      52.77     86.086    1513.67  0.000e+00
      52.50     86.136    1513.67  0.000e+00
      52.38     86.136    1513.68  0.000e+00
      52.36     86.210    1513.68  0.000e+00
      52.38     86.136    1513.68  0.000e+00
      52.36     86.275    1513.68  0.000e+00
      52.36     86.259    1513.69  0.000e+00
      52.36     86.259    1513.69  0.000e+00
      52.36     86.333    1513.70  0.000e+00
      52.36     86.325    1513.70  0.000e+00
      52.36     86.382    1513.70  0.000e+00
      52.33     86.399    1513.71  0.000e+00
      52.31     86.440    1513.71  0.000e+00
      52.23     86.506    1513.72  0.000e+00
      52.21     86.514    1513.73  0.000e+00
      52.21     86.506    1513.74  0.000e+00
      52.19     86.563    1513.76  0.000e+00
      52.19     86.580    1513.77  0.000e+00
      52.19     86.629    1513.79  0.000e+00
      52.21     86.563    1513.81  0.000e+00
      52.23     86.637    1513.82  0.000e+00
      52.26     86.687    1513.83  0.000e+00
      52.26     86.687    1513.84  0.000e+00
      52.23     86.703    1513.84  0.000e+00
      52.16     86.752    1513.85  0.000e+00
      51.89     86.752    1513.85  0.000e+00
      51.77     86.761    1513.85  0.000e+00
      51.77     86.867    1513.86  0.000e+00
      51.77     86.810    1513.86  0.000e+00
      51.77     86.884    1513.86  0.000e+00
      51.75     86.867    1513.86  0.000e+00
      51.70     86.933    1513.86  0.000e+00
      51.70     87.007    1513.87  0.000e+00
      51.67     86.933    1513.87  0.000e+00
      51.70     86.884    1513.87  0.000e+00
      51.67     87.114    1513.87  0.000e+00
      51.67     86.991    1513.87  0.000e+00
      51.60     87.065    1513.87  0.000e+00
      51.55     87.057    1513.87  0.000e+00
      51.55     87.057    1513.88  0.000e+00
      51.55     87.131    1513.88  0.000e+00
      51.55     87.114    1513.89  0.000e+00
      51.50     87.056    1513.90  0.000e+00
      51.38     87.131    1513.90  0.000e+00
      51.31     87.172    1513.91  0.000e+00
      51.31     87.114    1513.91  0.000e+00
      51.31     87.188    1513.92  0.000e+00
      51.31     87.237    1513.93  0.000e+00
      51.28     87.237    1513.93  0.000e+00
      51.26     87.188    1513.94  0.000e+00
      51.21     87.295    1513.94  0.000e+00
      51.21     87.295    1513.95  0.000e+00
      51.23     87.311    1513.95  0.000e+00
      51.21     87.237    1513.95  0.000e+00
      51.14     87.361    1513.95  0.000e+00
      50.96     87.245    1513.96  0.000e+00
      50.92     87.361    1513.96  0.000e+00
      50.92     87.295    1513.96  0.000e+00
      50.94     87.361    1513.96  0.000e+00
      50.92     87.311    1513.96  0.000e+00
      50.92     87.361    1513.96  0.000e+00
      50.92     87.295    1513.96  0.000e+00
      50.92     87.369    1513.96  0.000e+00
      50.92     87.361    1513.96  0.000e+00
      50.92     87.361    1513.96  0.000e+00
      50.89     87.435    1513.96  0.000e+00
      50.89     87.418    1513.97  0.000e+00
      50.89     87.418    1513.97  0.000e+00
      50.92     87.492    1513.97  0.000e+00
      50.89     87.484    1513.97  0.000e+00
      50.92     87.484    1513.97  0.000e+00
      50.89     87.492    1513.97  0.000e+00
      50.89     87.484    1513.97  0.000e+00
      50.82     87.541    1513.98  0.000e+00
      50.79     87.492    1513.98  0.000e+00
      50.79     87.484    1513.98  0.000e+00
      50.77     87.541    1513.98  0.000e+00
      50.74     87.492    1513.98  0.000e+00
      50.77     87.541    1513.97  0.000e+00
      50.77     87.541    1513.97  0.000e+00
      50.79     87.558    1513.96  0.000e+00
      50.79     87.599    1513.95  0.000e+00
      50.79     87.599    1513.94  0.000e+00
      50.77     87.615    1513.93  0.000e+00
      50.74     87.599    1513.93  0.000e+00
      50.79     87.665    1513.92  0.000e+00
      50.82     87.739    1513.92  0.000e+00
