test_casts/EN695_003_test.cnv
* Sea-Bird SBE 9 Data File:
* FileName = D:\ctd\raw\EN695_003.hdr
* Software Version Seasave V 7.26.7.121
* Temperature SN = 4333
* Conductivity SN = 2459
* Number of Bytes Per Scan = 40
* Number of Voltage Words = 5
* Number of Scans Averaged by the Deck Unit = 1
* NMEA Latitude = 40 02.80 N
* NMEA Longitude = 070 52.84 W
* NMEA UTC (Time) = Jan 12 2023  06:42:36
* NMEA baud rate = 4800
** Ship: R/V Endeavor
** Cruise: EN695
** Principal Investigator: Heidi Sosik
** Chief Scientist: Heidi Sosik
** Project: NES-LTER Transect 12 Winter
** Cruise Start Date: 11 Jan 2023
** Ports: Senesco Shipyard to Senesco Shipyard, North Kingstown, Rhode Island
** Station:  L9
** Bottom Depth: 204m
** Operator:
# nquan = 4
# nvalues = 45735                                 
# units = specified
# name 0 = altM: Altimeter [m]
# name 1 = depSM: Depth [salt water, m]
# name 2 = svCM: Sound Velocity [Chen-Millero, m/s]
# name 3 = flag:  0.000e+00
# span 0 =       0.00,     100.00                 
# span 1 =      2.774,    198.461                 
# span 2 =    1502.08,    1516.11                 
# span 3 = 0.0000e+00, 0.0000e+00                 
# interval = seconds: 0.0416667
# start_time = Jan 12 2023 06:42:38 [System UTC, header]
# bad_flag = -9.990e-29
*END*
[from data line 6045]
       0.90    102.983    1513.25  0.000e+00
       0.90    102.918    1513.25  0.000e+00
       0.90    102.983    1513.26  0.000e+00
       0.90    103.066    1513.26  0.000e+00
       0.95    103.041    1513.26  0.000e+00
       1.20    103.041    1513.26  0.000e+00
       1.29    103.107    1513.26  0.000e+00
       1.29    103.164    1513.26  0.000e+00
       1.27    103.164    1513.26  0.000e+00
       1.29    103.164    1513.27  0.000e+00
       1.17    103.230    1513.27  0.000e+00
       0.78    103.345    1513.27  0.000e+00
       0.63    103.288    1513.27  0.000e+00
       0.63    103.312    1513.27  0.000e+00
       0.66    103.411    1513.28  0.000e+00
       0.66    103.345    1513.27  0.000e+00
       0.63    103.469    1513.28  0.000e+00
       0.51    103.411    1513.28  0.000e+00
       0.49    103.534    1513.28  0.000e+00
       0.49    103.469    1513.28  0.000e+00
       0.49    103.592    1513.28  0.000e+00
       0.49    103.534    1513.28  0.000e+00
       0.44    103.592    1513.28  0.000e+00
       0.32    103.592    1513.28  0.000e+00
       0.29    103.658    1513.28  0.000e+00
       0.29    103.740    1513.29  0.000e+00
       0.29    103.715    1513.29  0.000e+00
       0.29    103.715    1513.29  0.000e+00
       0.29    103.839    1513.29  0.000e+00
       0.34    103.773    1513.29  0.000e+00
       0.37    103.839    1513.29  0.000e+00
       0.37    103.896    1513.29  0.000e+00
       0.37    103.896    1513.29  0.000e+00
       0.37    103.896    1513.29  0.000e+00
       0.39    103.962    1513.30  0.000e+00
       0.49    103.962    1513.30  0.000e+00
       0.51    103.962    1513.30  0.000e+00
       0.51    104.044    1513.30  0.000e+00
       0.51    104.020    1513.30  0.000e+00
       0.51    104.020    1513.30  0.000e+00
       0.54    104.077    1513.30  0.000e+00
       0.59    104.143    1513.30  0.000e+00
       0.61    104.143    1513.30  0.000e+00
       0.61    104.143    1513.30  0.000e+00
       0.61    104.143    1513.30  0.000e+00
       0.63    104.200    1513.30  0.000e+00
       0.61    104.200    1513.30  0.000e+00
       0.56    104.266    1513.30  0.000e+00
       0.54    104.266    1513.30  0.000e+00
       0.54    104.266    1513.30  0.000e+00
       0.54    104.349    1513.30  0.000e+00
       0.54    104.266    1513.30  0.000e+00
       0.46    104.324    1513.30  0.000e+00
       0.32    104.390    1513.30  0.000e+00
       0.27    104.266    1513.30  0.000e+00
       0.27    104.390    1513.30  0.000e+00
       0.27    104.324    1513.30  0.000e+00
       0.27    104.447    1513.30  0.000e+00
       0.27    104.390    1513.30  0.000e+00
       0.27    104.390    1513.31  0.000e+00
       0.24    104.505    1513.31  0.000e+00
       0.24    104.447    1513.31  0.000e+00
       0.24    104.447    1513.31  0.000e+00
       0.27    104.529    1513.31  0.000e+00
       0.27    104.447    1513.31  0.000e+00
       0.44    104.570    1513.31  0.000e+00
       0.54    104.570    1513.31  0.000e+00
       0.54    104.505    1513.31  0.000e+00
       0.54    104.505    1513.31  0.000e+00
       0.51    104.570    1513.32  0.000e+00
      16.26    104.570    1513.32  0.000e+00
      77.17    104.570    1513.32  0.000e+00
     100.00    104.570    1513.32  0.000e+00
     100.00    104.570    1513.32  0.000e+00
     100.00    104.628    1513.32  0.000e+00
     100.00    104.628    1513.32  0.000e+00
      76.24    104.694    1513.32  0.000e+00
      17.92    104.628    1513.32  0.000e+00
       0.00    104.710    1513.32  0.000e+00
       0.00    104.694    1513.32  0.000e+00
       0.00    104.694    1513.32  0.000e+00
       0.32    104.751    1513.32  0.000e+00
       0.54    104.751    1513.32  0.000e+00
       0.49    104.751    1513.33  0.000e+00
       0.44    104.817    1513.33  0.000e+00
       0.44    104.751    1513.33  0.000e+00
       0.44    104.817    1513.33  0.000e+00
       0.44    104.817    1513.33  0.000e+00
       0.42    104.817    1513.33  0.000e+00
       0.34    104.874    1513.33  0.000e+00
       0.32    104.874    1513.33  0.000e+00
       0.32    104.874    1513.33  0.000e+00
       0.32    104.998    1513.33  0.000e+00
       0.32    104.833    1513.33  0.000e+00
       0.37    105.121    1513.34  0.000e+00
       0.59    104.998    1513.34  0.000e+00
       0.71    105.055    1513.34  0.000e+00
       0.71    105.055    1513.34  0.000e+00
       0.71    105.055    1513.34  0.000e+00
       0.68    105.179    1513.35  0.000e+00
       0.71    105.055    1513.35  0.000e+00
       0.78    105.179    1513.35  0.000e+00
       0.78    105.179    1513.35  0.000e+00
       0.78    105.245    1513.35  0.000e+00
       0.78    105.245    1513.35  0.000e+00
       0.78    105.302    1513.35  0.000e+00
       0.73    105.302    1513.35  0.000e+00
       0.61    105.360    1513.35  0.000e+00
       0.56    105.426    1513.36  0.000e+00
       0.56    105.360    1513.36  0.000e+00
       0.56    105.483    1513.36  0.000e+00
       0.59    105.508    1513.37  0.000e+00
       0.49    105.483    1513.37  0.000e+00
       0.32    105.549    1513.38  0.000e+00
       0.29    105.606    1513.38  0.000e+00
       0.29    105.606    1513.38  0.000e+00
       0.29    105.664    1513.39  0.000e+00
       0.29    105.730    1513.39  0.000e+00
      16.19    105.664    1513.39  0.000e+00
      77.22    105.787    1513.39  0.000e+00
     100.00    105.787    1513.40  0.000e+00
     100.00    105.853    1513.40  0.000e+00
     100.00    105.853    1513.40  0.000e+00
     100.00    105.911    1513.40  0.000e+00
      99.83    105.977    1513.40  0.000e+00
      99.88    105.977    1513.39  0.000e+00
      99.95    106.092    1513.38  0.000e+00
      99.95    106.034    1513.37  0.000e+00
      99.95    106.092    1513.37  0.000e+00
      99.93    106.158    1513.37  0.000e+00
      99.93    106.158    1513.37  0.000e+00
      99.90    106.158    1513.38  0.000e+00
      99.93    106.215    1513.38  0.000e+00
      99.93    106.281    1513.38  0.000e+00
      99.90    106.339    1513.38  0.000e+00
      99.88    106.363    1513.36  0.000e+00
      99.90    106.338    1513.35  0.000e+00
      99.93    106.462    1513.34  0.000e+00
      99.95    106.462    1513.33  0.000e+00
      99.95    106.462    1513.33  0.000e+00
      99.98    106.519    1513.32  0.000e+00
      99.93    106.585    1513.31  0.000e+00
      99.93    106.585    1513.31  0.000e+00
      99.90    106.643    1513.31  0.000e+00
      99.88    106.643    1513.31  0.000e+00
      99.88    106.643    1513.31  0.000e+00
      99.88    106.709    1513.31  0.000e+00
      99.85    106.766    1513.31  0.000e+00
      99.83    106.766    1513.31  0.000e+00
      99.63    106.766    1513.31  0.000e+00
      99.58    106.890    1513.32  0.000e+00
      99.56    106.890    1513.32  0.000e+00
      99.56    106.890    1513.32  0.000e+00
      99.54    106.947    1513.33  0.000e+00
      99.54    106.947    1513.34  0.000e+00
      99.54    106.947    1513.35  0.000e+00
      99.54    107.071    1513.37  0.000e+00
      99.54    107.013    1513.38  0.000e+00
      99.56    107.071    1513.39  0.000e+00
      99.51    107.136    1513.40  0.000e+00
      99.46    107.071    1513.41  0.000e+00
      99.22    107.136    1513.42  0.000e+00
      99.12    107.194    1513.43  0.000e+00
      99.10    107.194    1513.45  0.000e+00
      99.12    107.194    1513.50  0.000e+00
      99.10    107.251    1513.55  0.000e+00
      99.05    107.251    1513.57  0.000e+00
      98.85    107.317    1513.61  0.000e+00
      98.73    107.317    1513.65  0.000e+00
      98.73    107.317    1513.68  0.000e+00
      98.73    107.375    1513.70  0.000e+00
      98.71    107.441    1513.71  0.000e+00
      98.66    107.441    1513.72  0.000e+00
      98.51    107.441    1513.73  0.000e+00
      98.46    107.441    1513.75  0.000e+00
      98.44    107.498    1513.81  0.000e+00
      98.46    107.441    1513.88  0.000e+00
      98.41    107.564    1513.93  0.000e+00
      98.36    107.498    1513.96  0.000e+00
      98.14    107.564    1513.98  0.000e+00
      98.00    107.564    1513.99  0.000e+00
      98.00    107.622    1513.98  0.000e+00
      98.02    107.622    1513.98  0.000e+00
      98.00    107.622    1514.00  0.000e+00
      98.02    107.679    1514.01  0.000e+00
      98.19    107.679    1514.00  0.000e+00
      98.27    107.679    1514.01  0.000e+00
      98.29    107.745    1514.04  0.000e+00
      98.27    107.745    1514.06  0.000e+00
      98.24    107.745    1514.08  0.000e+00
      98.17    107.745    1514.09  0.000e+00
      97.78    107.802    1514.10  0.000e+00
      97.63    107.745    1514.11  0.000e+00
      97.61    107.770    1514.12  0.000e+00
      97.63    107.926    1514.13  0.000e+00
      97.61    107.868    1514.13  0.000e+00
      97.58    107.926    1514.14  0.000e+00
      97.63    107.868    1514.14  0.000e+00
      97.63    107.926    1514.14  0.000e+00
      97.66    107.926    1514.15  0.000e+00
      97.66    107.992    1514.15  0.000e+00
      97.61    107.992    1514.16  0.000e+00
      97.61    107.992    1514.16  0.000e+00
      97.70    107.992    1514.16  0.000e+00
      97.75    107.991    1514.16  0.000e+00
      97.78    108.049    1514.16  0.000e+00
      97.78    108.049    1514.16  0.000e+00
      97.73    108.049    1514.16  0.000e+00
      97.75    108.049    1514.16  0.000e+00
      97.92    108.107    1514.17  0.000e+00
      98.00    108.172    1514.17  0.000e+00
      98.00    108.107    1514.17  0.000e+00
      98.00    108.172    1514.17  0.000e+00
      97.97    108.230    1514.17  0.000e+00
      97.88    108.172    1514.17  0.000e+00
      97.51    108.230    1514.18  0.000e+00
      97.34    108.172    1514.18  0.000e+00
      97.34    108.172    1514.18  0.000e+00
      97.34    108.386    1514.18  0.000e+00
      97.31    108.230    1514.18  0.000e+00
      97.31    108.296    1514.18  0.000e+00
      97.41    108.296    1514.18  0.000e+00
      97.44    108.353    1514.18  0.000e+00
      97.46    108.353    1514.18  0.000e+00
      97.46    108.353    1514.19  0.000e+00
      97.41    108.419    1514.19  0.000e+00
      97.36    108.419    1514.19  0.000e+00
      97.17    108.419    1514.18  0.000e+00
      97.09    108.534    1514.18  0.000e+00
      97.09    108.476    1514.18  0.000e+00
      97.09    108.476    1514.18  0.000e+00
      97.07    108.534    1514.19  0.000e+00
      97.07    108.534    1514.19  0.000e+00
      97.09    108.534    1514.19  0.000e+00
      97.09    108.534    1514.18  0.000e+00
      97.12    108.600    1514.18  0.000e+00
      97.09    108.600    1514.18  0.000e+00
      97.07    108.723    1514.18  0.000e+00
      97.07    108.657    1514.18  0.000e+00
      97.22    108.657    1514.18  0.000e+00
      97.29    108.781    1514.18  0.000e+00
      97.29    108.723    1514.18  0.000e+00
      97.29    108.781    1514.18  0.000e+00
      97.26    108.847    1514.18  0.000e+00
      97.19    108.781    1514.18  0.000e+00
      96.87    108.847    1514.18  0.000e+00
      96.73    108.904    1514.18  0.000e+00
      96.68    108.904    1514.19  0.000e+00
      96.70    108.904    1514.19  0.000e+00
      96.70    108.962    1514.19  0.000e+00
      96.73    108.962    1514.19  0.000e+00
      97.02    109.027    1514.19  0.000e+00
      97.17    109.027    1514.19  0.000e+00
      97.22    109.085    1514.19  0.000e+00
      97.19    109.151    1514.19  0.000e+00
      97.14    109.085    1514.19  0.000e+00
      97.09    109.208    1514.20  0.000e+00
      96.80    109.151    1514.20  0.000e+00
      96.65    109.266    1514.20  0.000e+00
      96.63    109.208    1514.20  0.000e+00
      96.65    109.266    1514.20  0.000e+00
      96.63    109.389    1514.20  0.000e+00
      96.63    109.266    1514.20  0.000e+00
      96.65    109.389    1514.20  0.000e+00
      96.68    109.455    1514.20  0.000e+00
      96.68    109.455    1514.20  0.000e+00
      96.68    109.455    1514.20  0.000e+00
      96.65    109.579    1514.20  0.000e+00
      96.65    109.513    1514.20  0.000e+00
      96.61    109.636    1514.20  0.000e+00
      96.58    109.636    1514.20  0.000e+00
      96.56    109.636    1514.21  0.000e+00
      96.58    109.694    1514.21  0.000e+00
      96.56    109.694    1514.20  0.000e+00
      96.56    109.817    1514.20  0.000e+00
      96.78    109.735    1514.20  0.000e+00
      96.87    109.883    1514.19  0.000e+00
      96.90    109.817    1514.19  0.000e+00
      96.90    109.883    1514.19  0.000e+00
      96.85    109.941    1514.20  0.000e+00
      96.80    110.006    1514.20  0.000e+00
      96.51    110.006    1514.20  0.000e+00
      96.36    110.064    1514.20  0.000e+00
      96.36    110.122    1514.21  0.000e+00
      96.36    110.121    1514.21  0.000e+00
      96.36    110.121    1514.21  0.000e+00
      96.36    110.187    1514.22  0.000e+00
      96.53    110.245    1514.23  0.000e+00
      96.61    110.245    1514.24  0.000e+00
      96.61    110.311    1514.25  0.000e+00
      96.61    110.311    1514.25  0.000e+00
      96.58    110.434    1514.25  0.000e+00
      96.56    110.368    1514.25  0.000e+00
      96.43    110.492    1514.25  0.000e+00
      96.41    110.492    1514.25  0.000e+00
      96.39    110.492    1514.25  0.000e+00
      96.41    110.615    1514.25  0.000e+00
      96.36    110.549    1514.25  0.000e+00
      96.36    110.648    1514.25  0.000e+00
      96.14    110.673    1514.25  0.000e+00
      96.07    110.673    1514.25  0.000e+00
      96.04    110.796    1514.25  0.000e+00
      96.04    110.739    1514.25  0.000e+00
      96.02    110.862    1514.25  0.000e+00
      95.97    110.796    1514.25  0.000e+00
      95.70    110.862    1514.25  0.000e+00
      95.58    110.920    1514.26  0.000e+00
      95.58    110.920    1514.26  0.000e+00
      95.58    110.977    1514.26  0.000e+00
      95.56    111.043    1514.26  0.000e+00
      95.58    111.101    1514.26  0.000e+00
      95.80    111.100    1514.26  0.000e+00
      95.92    111.100    1514.26  0.000e+00
      95.92    111.166    1514.26  0.000e+00
      95.92    111.166    1514.26  0.000e+00
      95.87    111.224    1514.26  0.000e+00
      95.85    111.257    1514.26  0.000e+00
      95.51    111.281    1514.27  0.000e+00
      95.31    111.347    1514.27  0.000e+00
      95.31    111.347    1514.27  0.000e+00
      95.31    111.347    1514.27  0.000e+00
      95.31    111.405    1514.28  0.000e+00
      95.29    111.471    1514.28  0.000e+00
      95.29    111.528    1514.28  0.000e+00
      95.29    111.528    1514.28  0.000e+00
      95.29    111.528    1514.28  0.000e+00
      95.29    111.594    1514.29  0.000e+00
      95.26    111.652    1514.29  0.000e+00
      95.19    111.594    1514.29  0.000e+00
      94.65    111.709    1514.29  0.000e+00
      94.41    111.684    1514.29  0.000e+00
      94.38    111.775    1514.30  0.000e+00
      94.41    111.709    1514.29  0.000e+00
      94.38    111.833    1514.30  0.000e+00
      94.36    111.833    1514.30  0.000e+00
      94.14    111.898    1514.30  0.000e+00
      94.02    111.898    1514.30  0.000e+00
      94.02    111.956    1514.30  0.000e+00
      94.02    111.956    1514.30  0.000e+00
      93.99    111.956    1514.30  0.000e+00
      93.99    112.079    1514.30  0.000e+00
      94.04    112.079    1514.30  0.000e+00
      94.07    112.079    1514.30  0.000e+00
      94.07    112.055    1514.29  0.000e+00
      94.07    112.137    1514.29  0.000e+00
      94.04    112.203    1514.29  0.000e+00
      94.02    112.137    1514.29  0.000e+00
      93.75    112.260    1514.30  0.000e+00
      93.60    112.260    1514.31  0.000e+00
      93.60    112.326    1514.31  0.000e+00
      93.60    112.326    1514.31  0.000e+00
      93.58    112.384    1514.32  0.000e+00
      93.58    112.384    1514.32  0.000e+00
      93.60    112.384    1514.32  0.000e+00
      93.58    112.450    1514.32  0.000e+00
