test_casts/EN695_002_test.cnv
* Sea-Bird SBE 9 Data File:
* FileName = D:\ctd\raw\EN695_002.hdr
* Software Version Seasave V 7.26.7.121
* Temperature SN = 4333
* Conductivity SN = 2459
* Number of Bytes Per Scan = 40
* Number of Voltage Words = 5
* Number of Scans Averaged by the Deck Unit = 1
* NMEA Latitude = 40 21.82 N
* NMEA Longitude = 070 53.03 W
* NMEA UTC (Time) = Jan 12 2023  03:28:23
* NMEA baud rate = 4800
** Ship: R/V Endeavor
** Cruise: EN695
** Principal Investigator: Heidi Sosik
** Chief Scientist: Heidi Sosik
** Project: NES-LTER Transect 12 Winter
** Cruise Start Date: 11 Jan 2023
** Ports: Senesco Shipyard to Senesco Shipyard, North Kingstown, Rhode Island
** Station:  L6
** Bottom Depth: 92m
** Operator:
# nquan = 4
# nvalues = 32412                                 
# units = specified
# name 0 = altM: Altimeter [m]
# name 1 = depSM: Depth [salt water, m]
# name 2 = svCM: Sound Velocity [Chen-Millero, m/s]
# name 3 = flag:  0.000e+00
# span 0 =       0.00,     100.00                 
# span 1 =      2.575,     87.587                 
# span 2 =    1489.58,    1508.73                 
# span 3 = 0.0000e+00, 0.0000e+00                 
# interval = seconds: 0.0416667
# start_time = Jan 12 2023 03:28:26 [System UTC, header]
# bad_flag = -9.990e-29
*END*
[from data line 12445]
      22.98     70.608    1505.80  0.000e+00
      22.98     70.673    1505.80  0.000e+00
      22.98     70.607    1505.79  0.000e+00
      22.98     70.607    1505.79  0.000e+00
      22.98     70.665    1505.78  0.000e+00
      22.98     70.607    1505.78  0.000e+00
      23.00     70.665    1505.78  0.000e+00
      23.05     70.607    1505.78  0.000e+00
      23.05     70.607    1505.78  0.000e+00
      23.05     70.607    1505.78  0.000e+00
      23.05     70.665    1505.79  0.000e+00
      23.03     70.607    1505.80  0.000e+00
      23.05     70.607    1505.80  0.000e+00
      23.03     70.607    1505.82  0.000e+00
      23.05     70.607    1505.82  0.000e+00
      23.05     70.541    1505.82  0.000e+00
      23.05     70.665    1505.83  0.000e+00
      23.03     70.607    1505.83  0.000e+00
      23.00     70.484    1505.83  0.000e+00
      22.98     70.607    1505.83  0.000e+00
      22.98     70.607    1505.83  0.000e+00
      22.95     70.541    1505.83  0.000e+00
      22.98     70.607    1505.82  0.000e+00
      22.95     70.541    1505.82  0.000e+00
      22.95     70.541    1505.82  0.000e+00
      22.95     70.607    1505.83  0.000e+00
      22.98     70.483    1505.83  0.000e+00
      22.95     70.607    1505.84  0.000e+00
      22.98     70.541    1505.83  0.000e+00
      22.95     70.541    1505.82  0.000e+00
      22.98     70.549    1505.81  0.000e+00
      22.98     70.541    1505.80  0.000e+00
      22.98     70.541    1505.79  0.000e+00
      22.98     70.541    1505.80  0.000e+00
      22.98     70.549    1505.82  0.000e+00
      22.98     70.541    1505.83  0.000e+00
      22.98     70.541    1505.83  0.000e+00
      23.00     70.483    1505.84  0.000e+00
      23.00     70.549    1505.85  0.000e+00
      23.00     70.540    1505.85  0.000e+00
      22.98     70.540    1505.85  0.000e+00
      22.98     70.540    1505.84  0.000e+00
      22.98     70.483    1505.83  0.000e+00
      22.95     70.606    1505.83  0.000e+00
      22.95     70.540    1505.80  0.000e+00
      22.98     70.483    1505.78  0.000e+00
      22.95     70.548    1505.76  0.000e+00
      22.95     70.540    1505.76  0.000e+00
      23.05     70.606    1505.76  0.000e+00
      23.10     70.483    1505.76  0.000e+00
      23.10     70.483    1505.76  0.000e+00
      23.08     70.606    1505.76  0.000e+00
      23.08     70.540    1505.77  0.000e+00
      23.08     70.606    1505.77  0.000e+00
      22.95     70.540    1505.77  0.000e+00
      22.93     70.548    1505.76  0.000e+00
      22.91     70.606    1505.75  0.000e+00
      22.93     70.540    1505.75  0.000e+00
      22.91     70.606    1505.75  0.000e+00
      22.91     70.606    1505.74  0.000e+00
      22.95     70.606    1505.74  0.000e+00
      22.98     70.606    1505.74  0.000e+00
      22.95     70.606    1505.74  0.000e+00
      22.98     70.548    1505.74  0.000e+00
      22.95     70.663    1505.75  0.000e+00
      22.95     70.605    1505.75  0.000e+00
      22.95     70.663    1505.76  0.000e+00
      22.95     70.671    1505.78  0.000e+00
      22.93     70.605    1505.80  0.000e+00
      22.93     70.663    1505.82  0.000e+00
      22.95     70.663    1505.83  0.000e+00
      22.95     70.671    1505.83  0.000e+00
      22.95     70.729    1505.81  0.000e+00
      22.95     70.663    1505.79  0.000e+00
      22.98     70.663    1505.77  0.000e+00
      22.98     70.729    1505.76  0.000e+00
      22.95     70.663    1505.76  0.000e+00
      22.95     70.786    1505.78  0.000e+00
      22.91     70.728    1505.80  0.000e+00
      22.88     70.728    1505.82  0.000e+00
      22.88     70.728    1505.83  0.000e+00
      22.86     70.786    1505.84  0.000e+00
      22.86     70.728    1505.85  0.000e+00
      22.88     70.786    1505.86  0.000e+00
      22.91     70.786    1505.86  0.000e+00
      22.95     70.786    1505.86  0.000e+00
      22.95     70.786    1505.86  0.000e+00
      22.95     70.786    1505.86  0.000e+00
      22.95     70.851    1505.86  0.000e+00
      22.93     70.786    1505.85  0.000e+00
      22.83     70.786    1505.84  0.000e+00
      22.78     70.909    1505.84  0.000e+00
      22.76     70.786    1505.84  0.000e+00
      22.78     70.851    1505.84  0.000e+00
      22.78     70.851    1505.84  0.000e+00
      22.76     70.851    1505.84  0.000e+00
      22.76     70.851    1505.84  0.000e+00
      22.74     70.851    1505.84  0.000e+00
      22.76     70.909    1505.84  0.000e+00
      22.76     70.851    1505.84  0.000e+00
      22.76     70.851    1505.84  0.000e+00
      22.74     70.909    1505.84  0.000e+00
      22.76     70.909    1505.84  0.000e+00
      22.76     70.851    1505.83  0.000e+00
      22.76     70.909    1505.83  0.000e+00
      22.76     70.908    1505.82  0.000e+00
      22.76     70.908    1505.81  0.000e+00
      22.76     70.908    1505.81  0.000e+00
      22.83     70.851    1505.81  0.000e+00
      22.88     70.966    1505.80  0.000e+00
      22.86     70.851    1505.80  0.000e+00
      22.88     70.974    1505.80  0.000e+00
      22.86     70.851    1505.80  0.000e+00
      22.86     70.908    1505.79  0.000e+00
      22.86     70.908    1505.79  0.000e+00
      22.88     70.908    1505.79  0.000e+00
      22.86     70.908    1505.80  0.000e+00
      22.88     70.850    1505.80  0.000e+00
      22.86     70.966    1505.81  0.000e+00
      22.86     70.908    1505.81  0.000e+00
      22.81     70.850    1505.81  0.000e+00
      22.81     70.908    1505.81  0.000e+00
      22.81     70.908    1505.81  0.000e+00
      22.81     70.850    1505.81  0.000e+00
      22.78     70.908    1505.81  0.000e+00
      22.78     70.850    1505.81  0.000e+00
      22.78     70.908    1505.80  0.000e+00
      22.81     70.850    1505.79  0.000e+00
      22.78     70.908    1505.78  0.000e+00
      22.78     70.850    1505.78  0.000e+00
      22.78     70.850    1505.78  0.000e+00
      22.78     70.784    1505.77  0.000e+00
      22.83     70.908    1505.78  0.000e+00
      22.86     70.784    1505.77  0.000e+00
      22.86     70.850    1505.78  0.000e+00
      22.86     70.784    1505.77  0.000e+00
      22.83     70.850    1505.78  0.000e+00
      22.83     70.784    1505.78  0.000e+00
      22.78     70.850    1505.78  0.000e+00
      22.78     70.784    1505.78  0.000e+00
      22.76     70.784    1505.78  0.000e+00
      22.78     70.726    1505.78  0.000e+00
      22.76     70.784    1505.77  0.000e+00
      22.78     70.784    1505.77  0.000e+00
      22.93     70.726    1505.77  0.000e+00
      23.00     70.726    1505.77  0.000e+00
      23.03     70.726    1505.77  0.000e+00
      23.00     70.784    1505.77  0.000e+00
      23.00     70.660    1505.76  0.000e+00
      22.98     70.726    1505.76  0.000e+00
      22.91     70.726    1505.76  0.000e+00
      22.91     70.660    1505.76  0.000e+00
      22.88     70.668    1505.76  0.000e+00
      22.88     70.660    1505.76  0.000e+00
      22.88     70.660    1505.76  0.000e+00
      22.88     70.602    1505.76  0.000e+00
      22.86     70.668    1505.77  0.000e+00
      22.86     70.602    1505.76  0.000e+00
      22.83     70.660    1505.77  0.000e+00
      22.86     70.602    1505.77  0.000e+00
      22.83     70.602    1505.76  0.000e+00
      22.86     70.536    1505.76  0.000e+00
      22.98     70.602    1505.77  0.000e+00
      23.05     70.602    1505.77  0.000e+00
      23.05     70.545    1505.77  0.000e+00
      23.05     70.536    1505.77  0.000e+00
      23.05     70.536    1505.77  0.000e+00
      23.03     70.536    1505.77  0.000e+00
      22.95     70.544    1505.77  0.000e+00
      22.91     70.479    1505.77  0.000e+00
      22.88     70.536    1505.77  0.000e+00
      22.91     70.478    1505.77  0.000e+00
      22.91     70.544    1505.77  0.000e+00
      22.91     70.478    1505.77  0.000e+00
      22.93     70.478    1505.77  0.000e+00
      22.93     70.478    1505.77  0.000e+00
      22.93     70.421    1505.77  0.000e+00
      22.93     70.536    1505.78  0.000e+00
      22.91     70.421    1505.78  0.000e+00
      22.93     70.478    1505.78  0.000e+00
      22.95     70.478    1505.78  0.000e+00
      22.98     70.421    1505.77  0.000e+00
      22.98     70.478    1505.77  0.000e+00
      23.00     70.420    1505.77  0.000e+00
      22.98     70.420    1505.77  0.000e+00
      23.00     70.478    1505.77  0.000e+00
      23.08     70.478    1505.77  0.000e+00
      23.10     70.420    1505.77  0.000e+00
      23.13     70.420    1505.77  0.000e+00
      23.10     70.478    1505.77  0.000e+00
      23.10     70.420    1505.76  0.000e+00
      23.10     70.478    1505.76  0.000e+00
      23.08     70.420    1505.76  0.000e+00
      23.08     70.478    1505.76  0.000e+00
      23.10     70.420    1505.76  0.000e+00
      23.10     70.478    1505.76  0.000e+00
      23.10     70.420    1505.76  0.000e+00
      23.10     70.478    1505.75  0.000e+00
      23.13     70.420    1505.75  0.000e+00
      23.13     70.478    1505.75  0.000e+00
      23.13     70.477    1505.75  0.000e+00
      23.10     70.420    1505.74  0.000e+00
      23.10     70.535    1505.75  0.000e+00
      23.10     70.535    1505.75  0.000e+00
      23.05     70.477    1505.75  0.000e+00
      23.05     70.543    1505.74  0.000e+00
      23.05     70.477    1505.74  0.000e+00
      23.05     70.535    1505.74  0.000e+00
      23.03     70.535    1505.74  0.000e+00
      23.05     70.477    1505.73  0.000e+00
      23.10     70.601    1505.73  0.000e+00
      23.13     70.535    1505.72  0.000e+00
      23.13     70.477    1505.72  0.000e+00
      23.10     70.477    1505.72  0.000e+00
      23.10     70.600    1505.72  0.000e+00
      23.08     70.535    1505.72  0.000e+00
      23.05     70.535    1505.73  0.000e+00
      23.00     70.535    1505.73  0.000e+00
      23.00     70.600    1505.73  0.000e+00
      23.00     70.534    1505.72  0.000e+00
      23.00     70.534    1505.72  0.000e+00
      23.03     70.658    1505.72  0.000e+00
      23.05     70.600    1505.72  0.000e+00
      23.08     70.600    1505.71  0.000e+00
      23.08     70.658    1505.71  0.000e+00
      23.08     70.658    1505.71  0.000e+00
      23.08     70.600    1505.71  0.000e+00
      23.05     70.658    1505.71  0.000e+00
      23.03     70.658    1505.71  0.000e+00
      23.00     70.658    1505.71  0.000e+00
      23.00     70.666    1505.71  0.000e+00
      23.00     70.723    1505.71  0.000e+00
      22.98     70.657    1505.71  0.000e+00
      22.98     70.723    1505.71  0.000e+00
      22.95     70.723    1505.71  0.000e+00
      22.93     70.723    1505.72  0.000e+00
      22.91     70.657    1505.72  0.000e+00
      22.91     70.781    1505.72  0.000e+00
      22.93     70.781    1505.72  0.000e+00
      22.93     70.781    1505.71  0.000e+00
      23.00     70.846    1505.71  0.000e+00
      23.05     70.846    1505.72  0.000e+00
      23.05     70.781    1505.72  0.000e+00
      23.05     70.846    1505.73  0.000e+00
      23.05     70.846    1505.73  0.000e+00
      23.00     70.780    1505.73  0.000e+00
      22.91     70.780    1505.73  0.000e+00
      22.86     70.780    1505.72  0.000e+00
      22.88     70.723    1505.72  0.000e+00
      22.88     70.780    1505.72  0.000e+00
      22.88     70.723    1505.74  0.000e+00
      22.86     70.780    1505.75  0.000e+00
      22.91     70.723    1505.76  0.000e+00
      22.95     70.723    1505.76  0.000e+00
      22.98     70.780    1505.76  0.000e+00
      22.98     70.657    1505.76  0.000e+00
      22.95     70.780    1505.77  0.000e+00
      22.95     70.780    1505.77  0.000e+00
      22.91     70.722    1505.77  0.000e+00
      22.88     70.722    1505.77  0.000e+00
      22.88     70.722    1505.77  0.000e+00
      22.88     70.780    1505.76  0.000e+00
      22.88     70.665    1505.74  0.000e+00
      22.88     70.657    1505.73  0.000e+00
      22.98     70.722    1505.73  0.000e+00
      23.03     70.656    1505.72  0.000e+00
      23.03     70.665    1505.72  0.000e+00
      23.03     70.599    1505.72  0.000e+00
      23.00     70.656    1505.72  0.000e+00
      23.03     70.599    1505.72  0.000e+00
      23.08     70.599    1505.72  0.000e+00
      23.10     70.599    1505.72  0.000e+00
      23.10     70.599    1505.72  0.000e+00
      23.13     70.599    1505.73  0.000e+00
      23.10     70.599    1505.73  0.000e+00
      23.08     70.541    1505.72  0.000e+00
      23.00     70.533    1505.72  0.000e+00
      22.98     70.533    1505.72  0.000e+00
      22.98     70.533    1505.72  0.000e+00
      22.98     70.475    1505.72  0.000e+00
      22.95     70.475    1505.72  0.000e+00
      22.95     70.475    1505.72  0.000e+00
      23.00     70.475    1505.72  0.000e+00
      23.05     70.475    1505.72  0.000e+00
      23.05     70.475    1505.72  0.000e+00
      23.05     70.417    1505.72  0.000e+00
      23.03     70.475    1505.72  0.000e+00
      23.05     70.417    1505.72  0.000e+00
      23.15     70.417    1505.72  0.000e+00
      23.17     70.417    1505.72  0.000e+00
      23.17     70.417    1505.71  0.000e+00
      23.17     70.351    1505.71  0.000e+00
      23.17     70.417    1505.72  0.000e+00
      23.15     70.351    1505.72  0.000e+00
      23.08     70.351    1505.72  0.000e+00
      23.05     70.294    1505.72  0.000e+00
      23.05     70.417    1505.72  0.000e+00
      23.08     70.293    1505.72  0.000e+00
      23.08     70.293    1505.72  0.000e+00
      23.08     70.293    1505.72  0.000e+00
      23.17     70.351    1505.72  0.000e+00
      23.20     70.293    1505.72  0.000e+00
      23.22     70.293    1505.72  0.000e+00
      23.20     70.293    1505.72  0.000e+00
      23.20     70.293    1505.72  0.000e+00
      23.20     70.293    1505.72  0.000e+00
      23.20     70.293    1505.72  0.000e+00
      23.20     70.227    1505.72  0.000e+00
      23.17     70.293    1505.72  0.000e+00
      23.20     70.293    1505.72  0.000e+00
      23.20     70.227    1505.72  0.000e+00
      23.20     70.227    1505.72  0.000e+00
      23.30     70.293    1505.72  0.000e+00
      23.37     70.227    1505.72  0.000e+00
      23.37     70.170    1505.72  0.000e+00
      23.37     70.227    1505.72  0.000e+00
      23.37     70.235    1505.72  0.000e+00
      23.35     70.169    1505.72  0.000e+00
      23.35     70.227    1505.72  0.000e+00
      23.35     70.169    1505.72  0.000e+00
      23.35     70.227    1505.72  0.000e+00
      23.35     70.169    1505.72  0.000e+00
      23.32     70.169    1505.72  0.000e+00
      23.35     70.169    1505.72  0.000e+00
      23.30     70.169    1505.72  0.000e+00
      23.30     70.112    1505.72  0.000e+00
      23.27     70.169    1505.73  0.000e+00
      23.27     70.169    1505.73  0.000e+00
      23.27     70.103    1505.73  0.000e+00
      23.27     70.169    1505.73  0.000e+00
      23.35     70.103    1505.73  0.000e+00
      23.39     70.169    1505.73  0.000e+00
      23.39     70.169    1505.73  0.000e+00
      23.39     70.169    1505.73  0.000e+00
      23.39     70.169    1505.73  0.000e+00
      23.37     70.169    1505.73  0.000e+00
      23.35     70.227    1505.73  0.000e+00
      23.32     70.227    1505.73  0.000e+00
      23.32     70.169    1505.73  0.000e+00
      23.35     70.226    1505.73  0.000e+00
      23.32     70.226    1505.74  0.000e+00
      23.32     70.169    1505.74  0.000e+00
      23.37     70.235    1505.74  0.000e+00
      23.42     70.169    1505.74  0.000e+00
      23.42     70.169    1505.75  0.000e+00
      23.42     70.226    1505.75  0.000e+00
      23.39     70.169    1505.76  0.000e+00
      23.39     70.169    1505.76  0.000e+00
      23.37     70.169    1505.77  0.000e+00
      23.37     70.169    1505.78  0.000e+00
      23.35     70.169    1505.77  0.000e+00
      23.35     70.169    1505.77  0.000e+00
      23.35     70.169    1505.77  0.000e+00
      23.35     70.169    1505.77  0.000e+00
      23.35     70.168    1505.78  0.000e+00
