test_casts/EN695_006_test.cnv
* Sea-Bird SBE 9 Data File:
* FileName = D:\ctd\raw\EN695_006.hdr
* Software Version Seasave V 7.26.7.121
* Temperature SN = 4333
* Conductivity SN = 2459
* Number of Bytes Per Scan = 40
* Number of Voltage Words = 5
* Number of Scans Averaged by the Deck Unit = 1
* NMEA Latitude = 40 09.11 N
* NMEA Longitude = 070 52.98 W
* NMEA UTC (Time) = Jan 12 2023  20:21:05
* NMEA baud rate = 4800
** Ship: R/V Endeavor
** Cruise: EN695
** Principal Investigator: Heidi Sosik
** Chief Scientist: Heidi Sosik
** Project: NES-LTER Transect 12 Winter
** Cruise Start Date: 11 Jan 2023
** Ports: Senesco Shipyard to Senesco Shipyard, North Kingstown, Rhode Island
** Station:  L8
** Bottom Depth: 136 m
** Operator:
# nquan = 4
# nvalues = 32444                                 
# units = specified
# name 0 = altM: Altimeter [m]
# name 1 = depSM: Depth [salt water, m]
# name 2 = svCM: Sound Velocity [Chen-Millero, m/s]
# name 3 = flag:  0.000e+00
# span 0 =       0.00,     100.00                 
# span 1 =      4.189,    130.653                 
# span 2 =    1492.65,    1515.20                 
# span 3 = 0.0000e+00, 0.0000e+00                 
# interval = seconds: 0.0416667
# start_time = Jan 12 2023 20:21:08 [System UTC, header]
# bad_flag = -9.990e-29
*END*
[from data line 14578]
      44.15     94.067    1512.75  0.000e+00
      44.13     94.026    1512.76  0.000e+00
      44.13     94.001    1512.78  0.000e+00
      44.10     94.067    1512.79  0.000e+00
      44.03     94.001    1512.81  0.000e+00
      44.00     94.001    1512.82  0.000e+00
      44.00     94.026    1512.82  0.000e+00
      44.00     94.001    1512.82  0.000e+00
      44.00     94.001    1512.81  0.000e+00
      44.03     94.001    1512.79  0.000e+00
      44.08     94.001    1512.78  0.000e+00
      44.10     94.026    1512.76  0.000e+00
      44.10     93.943    1512.73  0.000e+00
      44.13     94.001    1512.71  0.000e+00
      44.08     93.943    1512.70  0.000e+00
      44.10     93.943    1512.70  0.000e+00
      44.13     93.960    1512.69  0.000e+00
      44.13     93.943    1512.67  0.000e+00
      44.13     93.943    1512.67  0.000e+00
      44.13     94.001    1512.67  0.000e+00
      44.10     93.886    1512.67  0.000e+00
      44.18     93.902    1512.68  0.000e+00
      44.27     93.943    1512.68  0.000e+00
      44.30     93.943    1512.68  0.000e+00
      44.30     93.885    1512.69  0.000e+00
      44.30     93.943    1512.69  0.000e+00
      44.30     93.902    1512.70  0.000e+00
      44.30     93.820    1512.70  0.000e+00
      44.32     93.943    1512.70  0.000e+00
      44.32     93.885    1512.71  0.000e+00
      44.32     93.885    1512.72  0.000e+00
      44.32     93.902    1512.71  0.000e+00
      44.30     93.820    1512.69  0.000e+00
      44.32     93.885    1512.68  0.000e+00
      44.35     93.885    1512.66  0.000e+00
      44.40     93.885    1512.65  0.000e+00
      44.40     93.836    1512.63  0.000e+00
      44.37     93.819    1512.60  0.000e+00
      44.37     93.885    1512.56  0.000e+00
      44.44     93.819    1512.55  0.000e+00
      44.57     93.819    1512.56  0.000e+00
      44.59     93.902    1512.54  0.000e+00
      44.59     93.819    1512.51  0.000e+00
      44.57     93.762    1512.45  0.000e+00
      44.54     93.885    1512.38  0.000e+00
      44.44     93.762    1512.34  0.000e+00
      44.25     93.778    1512.33  0.000e+00
      44.18     93.819    1512.33  0.000e+00
      44.18     93.819    1512.32  0.000e+00
      44.18     93.762    1512.30  0.000e+00
      44.18     93.762    1512.28  0.000e+00
      44.30     93.836    1512.26  0.000e+00
      44.49     93.762    1512.24  0.000e+00
      44.54     93.762    1512.23  0.000e+00
      44.54     93.762    1512.22  0.000e+00
      44.52     93.762    1512.22  0.000e+00
      44.52     93.778    1512.22  0.000e+00
      44.57     93.762    1512.21  0.000e+00
      44.62     93.819    1512.21  0.000e+00
      44.62     93.762    1512.21  0.000e+00
      44.62     93.696    1512.21  0.000e+00
      44.62     93.778    1512.21  0.000e+00
      44.59     93.761    1512.21  0.000e+00
      44.57     93.696    1512.22  0.000e+00
      44.52     93.761    1512.22  0.000e+00
      44.52     93.696    1512.22  0.000e+00
      44.52     93.720    1512.22  0.000e+00
      44.52     93.696    1512.22  0.000e+00
      44.49     93.696    1512.22  0.000e+00
      44.44     93.695    1512.22  0.000e+00
      44.35     93.761    1512.22  0.000e+00
      44.30     93.654    1512.21  0.000e+00
      44.30     93.695    1512.21  0.000e+00
      44.30     93.695    1512.21  0.000e+00
      44.27     93.695    1512.21  0.000e+00
      44.37     93.638    1512.20  0.000e+00
      44.47     93.720    1512.20  0.000e+00
      44.52     93.695    1512.20  0.000e+00
      44.49     93.638    1512.20  0.000e+00
      44.49     93.695    1512.20  0.000e+00
      44.47     93.638    1512.20  0.000e+00
      44.47     93.654    1512.20  0.000e+00
      44.42     93.638    1512.18  0.000e+00
      44.40     93.638    1512.16  0.000e+00
      44.40     93.638    1512.15  0.000e+00
      44.42     93.638    1512.15  0.000e+00
      44.40     93.596    1512.15  0.000e+00
      44.49     93.580    1512.16  0.000e+00
      44.71     93.638    1512.16  0.000e+00
      44.76     93.580    1512.16  0.000e+00
      44.76     93.580    1512.16  0.000e+00
      44.74     93.531    1512.16  0.000e+00
      44.74     93.580    1512.15  0.000e+00
      44.66     93.580    1512.14  0.000e+00
      44.57     93.514    1512.14  0.000e+00
      44.52     93.580    1512.13  0.000e+00
      44.52     93.531    1512.11  0.000e+00
      44.52     93.514    1512.09  0.000e+00
      44.49     93.514    1512.09  0.000e+00
      44.54     93.514    1512.08  0.000e+00
      44.62     93.580    1512.09  0.000e+00
      44.64     93.407    1512.10  0.000e+00
      44.62     93.514    1512.13  0.000e+00
      44.62     93.514    1512.15  0.000e+00
      44.62     93.456    1512.16  0.000e+00
      44.57     93.473    1512.16  0.000e+00
      44.49     93.390    1512.16  0.000e+00
      44.47     93.456    1512.17  0.000e+00
      44.47     93.390    1512.17  0.000e+00
      44.47     93.456    1512.18  0.000e+00
      44.44     93.349    1512.18  0.000e+00
      44.49     93.456    1512.19  0.000e+00
      44.59     93.333    1512.19  0.000e+00
      44.62     93.333    1512.20  0.000e+00
      44.62     93.390    1512.20  0.000e+00
      44.62     93.292    1512.21  0.000e+00
      44.62     93.390    1512.21  0.000e+00
      44.64     93.267    1512.23  0.000e+00
      44.66     93.333    1512.27  0.000e+00
      44.69     93.267    1512.29  0.000e+00
      44.69     93.349    1512.32  0.000e+00
      44.66     93.267    1512.34  0.000e+00
      44.66     93.267    1512.38  0.000e+00
      44.71     93.209    1512.39  0.000e+00
      44.71     93.267    1512.41  0.000e+00
      44.74     93.291    1512.41  0.000e+00
      44.71     93.209    1512.39  0.000e+00
      44.74     93.209    1512.38  0.000e+00
      44.71     93.209    1512.37  0.000e+00
      44.71     93.226    1512.37  0.000e+00
      44.74     93.209    1512.38  0.000e+00
      44.79     93.209    1512.41  0.000e+00
      44.79     93.151    1512.42  0.000e+00
      44.79     93.151    1512.43  0.000e+00
      44.76     93.102    1512.44  0.000e+00
      44.81     93.151    1512.44  0.000e+00
      44.81     93.151    1512.45  0.000e+00
      44.84     93.086    1512.46  0.000e+00
      44.84     93.151    1512.47  0.000e+00
      44.84     93.102    1512.46  0.000e+00
      44.81     93.028    1512.46  0.000e+00
      44.84     93.086    1512.46  0.000e+00
      44.88     93.085    1512.45  0.000e+00
      44.91     93.102    1512.43  0.000e+00
      44.88     93.028    1512.42  0.000e+00
      44.88     93.028    1512.42  0.000e+00
      44.88     93.085    1512.41  0.000e+00
      44.91     93.028    1512.40  0.000e+00
      44.96     93.044    1512.40  0.000e+00
      44.98     93.028    1512.41  0.000e+00
      44.98     92.962    1512.42  0.000e+00
      44.98     93.028    1512.44  0.000e+00
      44.96     92.962    1512.45  0.000e+00
      45.03     92.978    1512.45  0.000e+00
      45.15     92.962    1512.45  0.000e+00
      45.20     92.962    1512.46  0.000e+00
      45.20     92.962    1512.45  0.000e+00
      45.18     92.978    1512.42  0.000e+00
      45.18     92.904    1512.39  0.000e+00
      45.10     92.962    1512.38  0.000e+00
      45.05     92.838    1512.39  0.000e+00
      45.03     92.904    1512.41  0.000e+00
      45.03     92.863    1512.43  0.000e+00
      45.03     92.904    1512.44  0.000e+00
      45.01     92.904    1512.45  0.000e+00
      45.03     92.781    1512.45  0.000e+00
      45.08     92.904    1512.46  0.000e+00
      45.08     92.797    1512.46  0.000e+00
      45.08     92.838    1512.46  0.000e+00
      45.08     92.781    1512.45  0.000e+00
      45.05     92.838    1512.45  0.000e+00
      45.10     92.797    1512.45  0.000e+00
      45.13     92.838    1512.45  0.000e+00
      45.15     92.781    1512.45  0.000e+00
      45.13     92.838    1512.45  0.000e+00
      45.13     92.838    1512.45  0.000e+00
      45.13     92.863    1512.45  0.000e+00
      45.18     92.838    1512.45  0.000e+00
      45.25     92.781    1512.45  0.000e+00
      45.30     92.904    1512.45  0.000e+00
      45.27     92.797    1512.44  0.000e+00
      45.27     92.838    1512.43  0.000e+00
      45.25     92.838    1512.43  0.000e+00
      45.30     92.780    1512.42  0.000e+00
      45.35     92.780    1512.42  0.000e+00
      45.35     92.797    1512.42  0.000e+00
      45.35     92.723    1512.41  0.000e+00
      45.35     92.780    1512.41  0.000e+00
      45.32     92.723    1512.41  0.000e+00
      45.32     92.739    1512.41  0.000e+00
      45.30     92.723    1512.42  0.000e+00
      45.30     92.723    1512.42  0.000e+00
      45.30     92.723    1512.42  0.000e+00
      45.30     92.723    1512.41  0.000e+00
      45.27     92.673    1512.40  0.000e+00
      45.27     92.723    1512.40  0.000e+00
      45.27     92.723    1512.40  0.000e+00
      45.27     92.723    1512.39  0.000e+00
      45.27     92.673    1512.39  0.000e+00
      45.27     92.780    1512.40  0.000e+00
      45.25     92.657    1512.39  0.000e+00
      45.30     92.722    1512.40  0.000e+00
      45.35     92.657    1512.40  0.000e+00
      45.40     92.673    1512.40  0.000e+00
      45.37     92.657    1512.40  0.000e+00
      45.37     92.599    1512.40  0.000e+00
      45.35     92.722    1512.40  0.000e+00
      45.40     92.550    1512.40  0.000e+00
      45.47     92.657    1512.41  0.000e+00
      45.49     92.657    1512.41  0.000e+00
      45.49     92.599    1512.41  0.000e+00
      45.47     92.657    1512.41  0.000e+00
      45.47     92.615    1512.43  0.000e+00
      45.52     92.599    1512.46  0.000e+00
      45.54     92.656    1512.48  0.000e+00
      45.57     92.656    1512.49  0.000e+00
      45.57     92.615    1512.49  0.000e+00
      45.57     92.656    1512.50  0.000e+00
      45.57     92.656    1512.51  0.000e+00
      45.54     92.599    1512.51  0.000e+00
      45.52     92.656    1512.51  0.000e+00
      45.52     92.615    1512.51  0.000e+00
      45.52     92.656    1512.51  0.000e+00
      45.52     92.599    1512.51  0.000e+00
      45.49     92.656    1512.51  0.000e+00
      45.52     92.673    1512.52  0.000e+00
      45.57     92.599    1512.52  0.000e+00
      45.57     92.656    1512.53  0.000e+00
      45.57     92.656    1512.53  0.000e+00
      45.57     92.599    1512.53  0.000e+00
      45.54     92.673    1512.53  0.000e+00
      45.57     92.656    1512.53  0.000e+00
      45.59     92.656    1512.55  0.000e+00
      45.59     92.722    1512.58  0.000e+00
      45.59     92.673    1512.59  0.000e+00
      45.59     92.722    1512.59  0.000e+00
      45.57     92.656    1512.58  0.000e+00
      45.57     92.722    1512.58  0.000e+00
      45.59     92.722    1512.57  0.000e+00
      45.59     92.738    1512.57  0.000e+00
      45.59     92.722    1512.57  0.000e+00
      45.57     92.722    1512.57  0.000e+00
      45.57     92.722    1512.56  0.000e+00
      45.49     92.796    1512.54  0.000e+00
      45.37     92.722    1512.53  0.000e+00
      45.32     92.780    1512.52  0.000e+00
      45.32     92.780    1512.52  0.000e+00
      45.32     92.780    1512.53  0.000e+00
      45.32     92.796    1512.53  0.000e+00
      45.35     92.837    1512.53  0.000e+00
      45.40     92.837    1512.51  0.000e+00
      45.40     92.837    1512.50  0.000e+00
      45.42     92.738    1512.50  0.000e+00
      45.40     92.903    1512.51  0.000e+00
      45.40     92.903    1512.50  0.000e+00
      45.42     92.903    1512.50  0.000e+00
      45.47     92.837    1512.49  0.000e+00
      45.49     92.919    1512.48  0.000e+00
      45.49     92.903    1512.47  0.000e+00
      45.49     92.960    1512.46  0.000e+00
      45.47     92.903    1512.45  0.000e+00
      45.49     92.903    1512.43  0.000e+00
      45.52     93.043    1512.41  0.000e+00
      45.54     92.960    1512.40  0.000e+00
      45.54     92.960    1512.39  0.000e+00
      45.54     93.026    1512.38  0.000e+00
      45.52     92.977    1512.36  0.000e+00
      45.47     93.026    1512.34  0.000e+00
      45.35     93.026    1512.32  0.000e+00
      45.30     93.026    1512.31  0.000e+00
      45.30     93.084    1512.29  0.000e+00
      45.32     93.042    1512.29  0.000e+00
      45.30     93.084    1512.28  0.000e+00
      45.27     93.084    1512.28  0.000e+00
      45.27     93.084    1512.28  0.000e+00
      45.27     93.084    1512.27  0.000e+00
      45.27     93.166    1512.27  0.000e+00
      45.27     93.084    1512.27  0.000e+00
      45.25     93.149    1512.27  0.000e+00
      45.32     93.149    1512.25  0.000e+00
      45.42     93.166    1512.24  0.000e+00
      45.47     93.149    1512.22  0.000e+00
      45.45     93.149    1512.22  0.000e+00
      45.45     93.149    1512.21  0.000e+00
      45.45     93.207    1512.20  0.000e+00
      45.35     93.166    1512.19  0.000e+00
      45.18     93.207    1512.19  0.000e+00
      45.13     93.149    1512.20  0.000e+00
      45.13     93.149    1512.20  0.000e+00
      45.13     93.207    1512.20  0.000e+00
      45.10     93.166    1512.19  0.000e+00
      45.10     93.207    1512.19  0.000e+00
      45.13     93.207    1512.19  0.000e+00
      45.10     93.149    1512.20  0.000e+00
      45.10     93.100    1512.21  0.000e+00
      45.10     93.264    1512.21  0.000e+00
      45.10     93.207    1512.20  0.000e+00
      45.05     93.149    1512.21  0.000e+00
      44.98     93.207    1512.22  0.000e+00
      44.96     93.166    1512.23  0.000e+00
      44.96     93.149    1512.24  0.000e+00
      44.96     93.207    1512.25  0.000e+00
      44.96     93.149    1512.25  0.000e+00
      45.01     93.149    1512.25  0.000e+00
      45.15     93.165    1512.26  0.000e+00
      45.18     93.149    1512.27  0.000e+00
      45.18     93.083    1512.31  0.000e+00
      45.18     93.149    1512.35  0.000e+00
      45.15     93.149    1512.37  0.000e+00
      45.13     93.100    1512.37  0.000e+00
      45.03     93.149    1512.38  0.000e+00
      45.01     93.083    1512.37  0.000e+00
      45.01     93.083    1512.35  0.000e+00
      45.01     93.099    1512.33  0.000e+00
      44.98     93.083    1512.32  0.000e+00
      45.01     93.025    1512.34  0.000e+00
      45.01     93.083    1512.36  0.000e+00
      45.01     93.083    1512.37  0.000e+00
      45.01     93.042    1512.38  0.000e+00
      45.01     93.025    1512.40  0.000e+00
      44.98     93.025    1512.42  0.000e+00
      45.03     93.025    1512.43  0.000e+00
      45.05     93.083    1512.45  0.000e+00
      45.08     92.976    1512.46  0.000e+00
      45.08     93.025    1512.49  0.000e+00
      45.08     92.959    1512.50  0.000e+00
      45.05     93.025    1512.51  0.000e+00
      45.03     92.976    1512.52  0.000e+00
      45.01     93.025    1512.52  0.000e+00
      45.01     92.902    1512.51  0.000e+00
      45.01     93.025    1512.51  0.000e+00
      45.03     92.959    1512.51  0.000e+00
      44.98     92.918    1512.52  0.000e+00
      45.05     92.959    1512.53  0.000e+00
      45.15     92.959    1512.55  0.000e+00
      45.18     92.959    1512.55  0.000e+00
      45.18     92.902    1512.56  0.000e+00
      45.18     92.918    1512.56  0.000e+00
      45.18     92.902    1512.56  0.000e+00
      45.20     92.959    1512.56  0.000e+00
      45.30     92.836    1512.56  0.000e+00
      45.32     92.918    1512.56  0.000e+00
      45.35     92.902    1512.57  0.000e+00
      45.32     92.902    1512.57  0.000e+00
      45.30     92.902    1512.57  0.000e+00
      45.32     92.902    1512.57  0.000e+00
      45.37     92.860    1512.57  0.000e+00
      45.35     92.902    1512.57  0.000e+00
      45.37     92.836    1512.57  0.000e+00
      45.35     92.902    1512.58  0.000e+00
      45.32     92.860    1512.58  0.000e+00
      45.30     92.836    1512.57  0.000e+00
      45.23     92.836    1512.57  0.000e+00
      45.20     92.901    1512.58  0.000e+00
      45.20     92.836    1512.58  0.000e+00
