test_casts/EN695_016_test.cnv
* Sea-Bird SBE 9 Data File:
* FileName = D:\ctd\raw\EN695_016.hdr
* Software Version Seasave V 7.26.7.121
* Temperature SN = 4333
* Conductivity SN = 2459
* Number of Bytes Per Scan = 40
* Number of Voltage Words = 5
* Number of Scans Averaged by the Deck Unit = 1
* NMEA Latitude = 41 18.74 N
* NMEA Longitude = 070 34.75 W
* NMEA UTC (Time) = Jan 14 2023  20:39:27
* NMEA baud rate = 4800
** Ship: R/V Endeavor
** Cruise: EN695
** Principal Investigator: Heidi Sosik
** Chief Scientist: Heidi Sosik
** Project: NES-LTER Transect 12 Winter
** Cruise Start Date: 11 Jan 2023
** Ports: Senesco Shipyard to Senesco Shipyard, North Kingstown, Rhode Island
** Station:  mvco
** Bottom Depth: 20 m
** Operator:
# nquan = 4
# nvalues = 7194                                  
# units = specified
# name 0 = altM: Altimeter [m]
# name 1 = depSM: Depth [salt water, m]
# name 2 = svCM: Sound Velocity [Chen-Millero, m/s]
# name 3 = flag:  0.000e+00
# span 0 =       5.01,      18.58                 
# span 1 =      2.122,     15.310                 
# span 2 =    1470.53,    1470.78                 
# span 3 = 0.0000e+00, 0.0000e+00                 
# interval = seconds: 0.0416667
# start_time = Jan 14 2023 20:39:30 [System UTC, header]
# bad_flag = -9.990e-29
*END*
[from data line 2845]
       5.45     14.781    1470.77  0.000e+00
       5.42     14.781    1470.77  0.000e+00
       5.42     14.781    1470.77  0.000e+00
       5.42     14.781    1470.77  0.000e+00
       5.40     14.839    1470.77  0.000e+00
       5.42     14.781    1470.77  0.000e+00
       5.42     14.765    1470.77  0.000e+00
       5.40     14.781    1470.77  0.000e+00
       5.45     14.781    1470.77  0.000e+00
       5.45     14.781    1470.77  0.000e+00
       5.47     14.781    1470.77  0.000e+00
       5.47     14.781    1470.77  0.000e+00
       5.47     14.781    1470.77  0.000e+00
       5.47     14.781    1470.77  0.000e+00
       5.42     14.781    1470.77  0.000e+00
       5.40     14.822    1470.77  0.000e+00
       5.40     14.715    1470.77  0.000e+00
       5.40     14.839    1470.77  0.000e+00
       5.40     14.781    1470.77  0.000e+00
       5.40     14.839    1470.77  0.000e+00
       5.42     14.715    1470.77  0.000e+00
       5.40     14.839    1470.77  0.000e+00
       5.42     14.781    1470.77  0.000e+00
       5.40     14.781    1470.77  0.000e+00
       5.42     14.822    1470.77  0.000e+00
       5.42     14.781    1470.77  0.000e+00
       5.40     14.838    1470.77  0.000e+00
       5.40     14.781    1470.77  0.000e+00
       5.40     14.838    1470.77  0.000e+00
       5.40     14.781    1470.77  0.000e+00
       5.40     14.781    1470.77  0.000e+00
       5.40     14.838    1470.77  0.000e+00
       5.40     14.781    1470.77  0.000e+00
       5.37     14.822    1470.77  0.000e+00
       5.42     14.838    1470.77  0.000e+00
       5.45     14.838    1470.77  0.000e+00
       5.45     14.838    1470.77  0.000e+00
       5.47     14.781    1470.77  0.000e+00
       5.45     14.838    1470.77  0.000e+00
       5.42     14.838    1470.77  0.000e+00
       5.40     14.838    1470.77  0.000e+00
       5.35     14.838    1470.77  0.000e+00
       5.37     14.822    1470.77  0.000e+00
       5.37     14.838    1470.77  0.000e+00
       5.37     14.838    1470.77  0.000e+00
       5.37     14.896    1470.77  0.000e+00
       5.35     14.838    1470.77  0.000e+00
       5.37     14.838    1470.77  0.000e+00
       5.35     14.838    1470.77  0.000e+00
       5.37     14.896    1470.77  0.000e+00
       5.35     14.838    1470.77  0.000e+00
       5.35     14.879    1470.77  0.000e+00
       5.35     14.896    1470.77  0.000e+00
       5.37     14.838    1470.77  0.000e+00
       5.37     14.838    1470.77  0.000e+00
       5.37     14.961    1470.77  0.000e+00
       5.37     14.838    1470.77  0.000e+00
       5.40     14.896    1470.77  0.000e+00
       5.40     14.896    1470.77  0.000e+00
       5.42     14.896    1470.77  0.000e+00
       5.42     14.879    1470.77  0.000e+00
       5.42     14.896    1470.77  0.000e+00
       5.42     14.961    1470.77  0.000e+00
       5.37     14.896    1470.77  0.000e+00
       5.37     14.896    1470.77  0.000e+00
       5.37     14.961    1470.77  0.000e+00
       5.37     14.896    1470.77  0.000e+00
       5.37     14.961    1470.77  0.000e+00
       5.37     14.896    1470.77  0.000e+00
       5.35     14.945    1470.77  0.000e+00
       5.35     14.961    1470.77  0.000e+00
       5.35     14.961    1470.77  0.000e+00
       5.35     14.961    1470.77  0.000e+00
       5.37     14.961    1470.77  0.000e+00
       5.35     14.961    1470.77  0.000e+00
       5.35     14.961    1470.77  0.000e+00
       5.35     14.961    1470.77  0.000e+00
       5.35     15.019    1470.77  0.000e+00
       5.35     15.002    1470.77  0.000e+00
       5.32     14.961    1470.77  0.000e+00
       5.32     15.019    1470.77  0.000e+00
       5.35     15.019    1470.77  0.000e+00
       5.35     15.019    1470.77  0.000e+00
       5.35     14.961    1470.77  0.000e+00
       5.37     15.084    1470.77  0.000e+00
       5.32     15.019    1470.77  0.000e+00
       5.35     14.961    1470.77  0.000e+00
       5.35     15.068    1470.77  0.000e+00
       5.35     15.084    1470.77  0.000e+00
       5.35     15.084    1470.77  0.000e+00
       5.32     15.019    1470.77  0.000e+00
       5.35     15.084    1470.77  0.000e+00
       5.35     15.019    1470.77  0.000e+00
       5.35     15.084    1470.77  0.000e+00
       5.32     15.084    1470.77  0.000e+00
       5.35     15.068    1470.77  0.000e+00
       5.35     15.084    1470.77  0.000e+00
       5.35     15.142    1470.77  0.000e+00
       5.35     15.084    1470.77  0.000e+00
       5.32     15.018    1470.77  0.000e+00
       5.35     15.084    1470.77  0.000e+00
       5.35     15.142    1470.77  0.000e+00
       5.35     15.084    1470.78  0.000e+00
       5.35     15.084    1470.78  0.000e+00
       5.37     15.125    1470.78  0.000e+00
       5.37     15.084    1470.78  0.000e+00
       5.37     15.084    1470.78  0.000e+00
       5.35     15.084    1470.78  0.000e+00
       5.37     15.142    1470.78  0.000e+00
       5.37     15.084    1470.78  0.000e+00
       5.37     15.084    1470.78  0.000e+00
       5.37     15.084    1470.78  0.000e+00
       5.37     15.125    1470.78  0.000e+00
       5.40     15.084    1470.78  0.000e+00
       5.40     15.084    1470.78  0.000e+00
       5.40     15.084    1470.78  0.000e+00
       5.40     15.084    1470.78  0.000e+00
       5.40     15.084    1470.78  0.000e+00
       5.40     15.142    1470.78  0.000e+00
       5.40     15.084    1470.78  0.000e+00
       5.37     15.084    1470.78  0.000e+00
       5.40     15.068    1470.78  0.000e+00
       5.37     15.084    1470.78  0.000e+00
       5.37     15.084    1470.78  0.000e+00
       5.40     15.018    1470.78  0.000e+00
       5.40     15.084    1470.78  0.000e+00
       5.40     15.084    1470.78  0.000e+00
       5.40     15.018    1470.78  0.000e+00
       5.40     15.018    1470.78  0.000e+00
       5.40     15.084    1470.78  0.000e+00
       5.42     15.002    1470.78  0.000e+00
       5.40     15.018    1470.78  0.000e+00
       5.42     15.084    1470.78  0.000e+00
       5.47     14.961    1470.78  0.000e+00
       5.47     15.018    1470.78  0.000e+00
       5.47     15.018    1470.78  0.000e+00
       5.47     15.018    1470.78  0.000e+00
       5.47     14.961    1470.78  0.000e+00
       5.47     15.002    1470.78  0.000e+00
       5.47     15.018    1470.78  0.000e+00
       5.47     14.961    1470.78  0.000e+00
       5.47     14.961    1470.78  0.000e+00
       5.47     15.018    1470.78  0.000e+00
       5.47     14.960    1470.77  0.000e+00
       5.49     14.960    1470.77  0.000e+00
       5.52     14.895    1470.77  0.000e+00
       5.52     15.018    1470.77  0.000e+00
       5.52     14.944    1470.77  0.000e+00
       5.52     14.960    1470.77  0.000e+00
       5.52     15.018    1470.77  0.000e+00
       5.49     14.895    1470.77  0.000e+00
       5.49     14.960    1470.77  0.000e+00
       5.52     14.960    1470.77  0.000e+00
       5.49     14.960    1470.77  0.000e+00
       5.52     14.960    1470.77  0.000e+00
       5.52     14.960    1470.77  0.000e+00
       5.57     14.944    1470.77  0.000e+00
       5.57     14.960    1470.77  0.000e+00
       5.57     14.960    1470.77  0.000e+00
       5.57     14.960    1470.77  0.000e+00
       5.57     14.960    1470.77  0.000e+00
       5.54     14.960    1470.77  0.000e+00
       5.57     14.960    1470.77  0.000e+00
       5.57     14.960    1470.77  0.000e+00
       5.57     14.960    1470.77  0.000e+00
       5.57     15.001    1470.77  0.000e+00
       5.57     14.894    1470.77  0.000e+00
       5.54     15.018    1470.77  0.000e+00
       5.49     14.960    1470.77  0.000e+00
       5.49     14.960    1470.77  0.000e+00
       5.49     14.960    1470.77  0.000e+00
       5.49     14.960    1470.77  0.000e+00
       5.49     14.960    1470.77  0.000e+00
       5.49     15.018    1470.77  0.000e+00
       5.52     14.944    1470.77  0.000e+00
       5.49     14.960    1470.77  0.000e+00
       5.49     14.960    1470.77  0.000e+00
       5.49     14.960    1470.77  0.000e+00
       5.49     14.960    1470.77  0.000e+00
       5.49     14.960    1470.77  0.000e+00
       5.47     15.017    1470.77  0.000e+00
       5.47     14.960    1470.78  0.000e+00
       5.47     14.894    1470.78  0.000e+00
       5.47     15.001    1470.78  0.000e+00
       5.47     14.960    1470.78  0.000e+00
       5.47     14.960    1470.78  0.000e+00
       5.47     14.960    1470.78  0.000e+00
       5.47     14.960    1470.78  0.000e+00
       5.47     14.894    1470.78  0.000e+00
       5.49     14.960    1470.78  0.000e+00
       5.47     14.894    1470.78  0.000e+00
       5.49     14.943    1470.78  0.000e+00
       5.52     14.960    1470.78  0.000e+00
       5.52     14.894    1470.78  0.000e+00
       5.52     14.894    1470.77  0.000e+00
       5.52     14.960    1470.78  0.000e+00
       5.52     14.894    1470.78  0.000e+00
       5.52     14.894    1470.78  0.000e+00
       5.54     14.836    1470.77  0.000e+00
       5.52     14.894    1470.78  0.000e+00
       5.54     14.878    1470.78  0.000e+00
       5.54     14.894    1470.78  0.000e+00
       5.52     14.836    1470.78  0.000e+00
       5.52     14.894    1470.78  0.000e+00
       5.54     14.836    1470.78  0.000e+00
       5.54     14.836    1470.78  0.000e+00
       5.54     14.836    1470.78  0.000e+00
       5.54     14.779    1470.78  0.000e+00
       5.54     14.836    1470.78  0.000e+00
       5.54     14.820    1470.78  0.000e+00
       5.57     14.779    1470.78  0.000e+00
       5.57     14.836    1470.78  0.000e+00
       5.57     14.779    1470.78  0.000e+00
       5.54     14.779    1470.78  0.000e+00
       5.54     14.779    1470.78  0.000e+00
       5.57     14.779    1470.78  0.000e+00
       5.54     14.779    1470.78  0.000e+00
       5.57     14.779    1470.78  0.000e+00
       5.57     14.696    1470.77  0.000e+00
       5.57     14.779    1470.78  0.000e+00
       5.57     14.713    1470.77  0.000e+00
       5.57     14.713    1470.77  0.000e+00
       5.59     14.713    1470.77  0.000e+00
       5.59     14.713    1470.77  0.000e+00
       5.59     14.713    1470.77  0.000e+00
       5.57     14.713    1470.77  0.000e+00
       5.57     14.713    1470.78  0.000e+00
       5.62     14.655    1470.77  0.000e+00
       5.64     14.762    1470.78  0.000e+00
       5.64     14.655    1470.78  0.000e+00
       5.64     14.713    1470.78  0.000e+00
       5.62     14.713    1470.78  0.000e+00
       5.64     14.713    1470.78  0.000e+00
       5.62     14.655    1470.77  0.000e+00
       5.62     14.655    1470.77  0.000e+00
       5.62     14.713    1470.77  0.000e+00
       5.59     14.713    1470.77  0.000e+00
       5.59     14.696    1470.77  0.000e+00
       5.62     14.655    1470.77  0.000e+00
       5.64     14.712    1470.77  0.000e+00
       5.64     14.712    1470.78  0.000e+00
       5.64     14.655    1470.77  0.000e+00
       5.62     14.712    1470.78  0.000e+00
       5.64     14.712    1470.77  0.000e+00
       5.62     14.712    1470.78  0.000e+00
       5.62     14.655    1470.77  0.000e+00
       5.59     14.762    1470.78  0.000e+00
       5.59     14.712    1470.78  0.000e+00
       5.57     14.655    1470.77  0.000e+00
       5.57     14.778    1470.78  0.000e+00
       5.59     14.712    1470.78  0.000e+00
       5.59     14.712    1470.77  0.000e+00
       5.57     14.712    1470.77  0.000e+00
       5.57     14.712    1470.77  0.000e+00
       5.57     14.712    1470.77  0.000e+00
       5.59     14.762    1470.78  0.000e+00
       5.57     14.778    1470.78  0.000e+00
       5.57     14.712    1470.78  0.000e+00
       5.57     14.778    1470.78  0.000e+00
       5.57     14.712    1470.78  0.000e+00
       5.54     14.778    1470.78  0.000e+00
       5.54     14.778    1470.78  0.000e+00
       5.57     14.712    1470.78  0.000e+00
       5.57     14.778    1470.78  0.000e+00
       5.54     14.761    1470.78  0.000e+00
       5.52     14.835    1470.78  0.000e+00
       5.52     14.712    1470.77  0.000e+00
       5.54     14.778    1470.78  0.000e+00
       5.52     14.835    1470.78  0.000e+00
       5.52     14.778    1470.78  0.000e+00
       5.52     14.778    1470.78  0.000e+00
       5.54     14.835    1470.78  0.000e+00
       5.54     14.778    1470.78  0.000e+00
       5.52     14.819    1470.78  0.000e+00
       5.54     14.778    1470.78  0.000e+00
       5.52     14.835    1470.78  0.000e+00
       5.54     14.778    1470.78  0.000e+00
       5.52     14.835    1470.78  0.000e+00
       5.52     14.835    1470.78  0.000e+00
       5.52     14.835    1470.78  0.000e+00
       5.52     14.778    1470.78  0.000e+00
       5.52     14.835    1470.78  0.000e+00
       5.52     14.819    1470.78  0.000e+00
       5.52     14.835    1470.78  0.000e+00
       5.54     14.835    1470.78  0.000e+00
       5.54     14.835    1470.78  0.000e+00
       5.54     14.835    1470.78  0.000e+00
       5.54     14.835    1470.78  0.000e+00
       5.52     14.835    1470.78  0.000e+00
       5.52     14.835    1470.78  0.000e+00
       5.49     14.835    1470.78  0.000e+00
       5.52     14.777    1470.77  0.000e+00
       5.52     14.876    1470.78  0.000e+00
       5.52     14.892    1470.78  0.000e+00
       5.49     14.835    1470.78  0.000e+00
       5.52     14.777    1470.78  0.000e+00
       5.52     14.892    1470.78  0.000e+00
       5.49     14.777    1470.78  0.000e+00
       5.49     14.892    1470.78  0.000e+00
       5.49     14.835    1470.78  0.000e+00
       5.49     14.777    1470.78  0.000e+00
       5.52     14.942    1470.78  0.000e+00
       5.52     14.835    1470.78  0.000e+00
       5.49     14.892    1470.78  0.000e+00
       5.52     14.777    1470.78  0.000e+00
       5.52     14.892    1470.78  0.000e+00
       5.49     14.892    1470.78  0.000e+00
       5.49     14.835    1470.78  0.000e+00
       5.49     14.835    1470.78  0.000e+00
       5.49     14.876    1470.78  0.000e+00
       5.49     14.835    1470.78  0.000e+00
       5.47     14.892    1470.78  0.000e+00
       5.47     14.892    1470.78  0.000e+00
       5.49     14.834    1470.78  0.000e+00
       5.49     14.834    1470.78  0.000e+00
       5.49     14.892    1470.78  0.000e+00
       5.47     14.892    1470.78  0.000e+00
       5.45     14.834    1470.78  0.000e+00
       5.42     14.876    1470.78  0.000e+00
       5.42     14.892    1470.78  0.000e+00
       5.42     14.892    1470.78  0.000e+00
       5.42     14.834    1470.78  0.000e+00
       5.42     14.892    1470.78  0.000e+00
       5.42     14.892    1470.78  0.000e+00
       5.45     14.892    1470.78  0.000e+00
       5.45     14.892    1470.78  0.000e+00
       5.47     14.892    1470.78  0.000e+00
       5.47     14.875    1470.78  0.000e+00
       5.47     14.892    1470.78  0.000e+00
       5.42     14.892    1470.78  0.000e+00
       5.42     14.958    1470.78  0.000e+00
       5.40     14.892    1470.78  0.000e+00
       5.40     14.892    1470.78  0.000e+00
       5.40     14.957    1470.78  0.000e+00
       5.40     14.892    1470.78  0.000e+00
       5.37     14.957    1470.78  0.000e+00
       5.37     14.875    1470.78  0.000e+00
       5.35     14.957    1470.78  0.000e+00
       5.35     14.892    1470.78  0.000e+00
       5.35     14.957    1470.78  0.000e+00
       5.32     14.892    1470.78  0.000e+00
       5.35     14.957    1470.78  0.000e+00
       5.32     14.957    1470.78  0.000e+00
       5.35     14.957    1470.78  0.000e+00
       5.32     14.957    1470.78  0.000e+00
       5.35     14.941    1470.78  0.000e+00
       5.32     14.957    1470.78  0.000e+00
       5.32     14.891    1470.78  0.000e+00
       5.30     15.015    1470.78  0.000e+00
       5.30     14.891    1470.78  0.000e+00
       5.30     15.015    1470.78  0.000e+00
       5.30     14.891    1470.78  0.000e+00
       5.30     14.957    1470.78  0.000e+00
       5.32     14.957    1470.78  0.000e+00
       5.32     14.941    1470.78  0.000e+00
