test_casts/EN695_009_test.cnv
* Sea-Bird SBE 9 Data File:
* FileName = D:\ctd\raw\EN695_009.hdr
* Software Version Seasave V 7.26.7.121
* Temperature SN = 4333
* Conductivity SN = 2459
* Number of Bytes Per Scan = 40
* Number of Voltage Words = 5
* Number of Scans Averaged by the Deck Unit = 1
* NMEA Latitude = 40 41.80 N
* NMEA Longitude = 070 53.03 W
* NMEA UTC (Time) = Jan 13 2023  04:19:11
* NMEA baud rate = 4800
** Ship: R/V Endeavor
** Cruise: EN695
** Principal Investigator: Heidi Sosik
** Chief Scientist: Heidi Sosik
** Project: NES-LTER Transect 12 Winter
** Cruise Start Date: 11 Jan 2023
** Ports: Senesco Shipyard to Senesco Shipyard, North Kingstown, Rhode Island
** Station:  L4
** Bottom Depth: 66m
** Operator:  tc
# nquan = 4
# nvalues = 19011                                 
# units = specified
# name 0 = altM: Altimeter [m]
# name 1 = depSM: Depth [salt water, m]
# name 2 = svCM: Sound Velocity [Chen-Millero, m/s]
# name 3 = flag:  0.000e+00
# span 0 =       0.00,      92.31                 
# span 1 =      2.040,     61.814                 
# span 2 =    1485.95,    1487.77                 
# span 3 = 0.0000e+00, 0.0000e+00                 
# interval = seconds: 0.0416667
# start_time = Jan 13 2023 04:19:14 [System UTC, header]
# bad_flag = -9.990e-29
*END*
[from data line 18134]
      62.15      5.146    1487.04  0.000e+00
      62.12      5.146    1487.03  0.000e+00
      62.20      5.146    1487.03  0.000e+00
      62.22      5.089    1487.03  0.000e+00
      62.27      5.089    1487.03  0.000e+00
      62.25      5.146    1487.03  0.000e+00
      62.25      5.089    1487.03  0.000e+00
      62.22      5.089    1487.03  0.000e+00
      62.27      5.089    1487.03  0.000e+00
      62.32      5.023    1487.03  0.000e+00
      62.32      5.072    1487.03  0.000e+00
      62.34      5.023    1487.03  0.000e+00
      62.32      5.089    1487.03  0.000e+00
      62.30      4.966    1487.03  0.000e+00
      62.32      5.023    1487.03  0.000e+00
      62.34      5.023    1487.03  0.000e+00
      62.34      4.966    1487.03  0.000e+00
      62.34      5.023    1487.03  0.000e+00
      62.34      4.966    1487.03  0.000e+00
      62.32      4.966    1487.03  0.000e+00
      62.52      4.900    1487.03  0.000e+00
      62.69      4.966    1487.03  0.000e+00
      62.74      4.900    1487.04  0.000e+00
      62.74      4.900    1487.03  0.000e+00
      62.71      4.900    1487.03  0.000e+00
      62.69      4.966    1487.03  0.000e+00
      62.56      4.842    1487.03  0.000e+00
      62.44      4.892    1487.03  0.000e+00
      62.42      4.842    1487.03  0.000e+00
      62.44      4.842    1487.03  0.000e+00
      62.44      4.900    1487.03  0.000e+00
      62.39      4.842    1487.03  0.000e+00
      62.47      4.785    1487.03  0.000e+00
      62.52      4.842    1487.03  0.000e+00
      62.52      4.842    1487.03  0.000e+00
      62.54      4.785    1487.03  0.000e+00
      62.52      4.785    1487.03  0.000e+00
      62.49      4.785    1487.03  0.000e+00
      62.49      4.842    1487.03  0.000e+00
      62.52      4.719    1487.03  0.000e+00
      62.52      4.785    1487.03  0.000e+00
      62.52      4.785    1487.03  0.000e+00
      62.49      4.719    1487.03  0.000e+00
      62.49      4.785    1487.03  0.000e+00
      62.54      4.785    1487.03  0.000e+00
      62.59      4.768    1487.03  0.000e+00
      62.61      4.719    1487.03  0.000e+00
      62.61      4.719    1487.03  0.000e+00
      62.59      4.785    1487.03  0.000e+00
      62.59      4.785    1487.03  0.000e+00
      62.66      4.719    1487.03  0.000e+00
      62.71      4.785    1487.03  0.000e+00
      62.74      4.785    1487.03  0.000e+00
      62.74      4.719    1487.03  0.000e+00
      62.71      4.785    1487.03  0.000e+00
      62.69      4.785    1487.03  0.000e+00
      62.59      4.785    1487.03  0.000e+00
      62.52      4.785    1487.03  0.000e+00
      62.49      4.785    1487.03  0.000e+00
      62.49      4.842    1487.03  0.000e+00
      62.49      4.785    1487.03  0.000e+00
      62.47      4.900    1487.03  0.000e+00
      62.49      4.842    1487.03  0.000e+00
      62.52      4.900    1487.03  0.000e+00
      62.49      4.826    1487.03  0.000e+00
      62.52      4.900    1487.03  0.000e+00
      62.52      4.966    1487.03  0.000e+00
      62.47      4.966    1487.04  0.000e+00
      62.47      4.966    1487.04  0.000e+00
      62.44      4.966    1487.04  0.000e+00
      62.44      4.966    1487.04  0.000e+00
      62.44      5.089    1487.04  0.000e+00
      62.42      5.023    1487.04  0.000e+00
      62.42      5.089    1487.04  0.000e+00
      62.66      5.089    1487.04  0.000e+00
      62.88      5.146    1487.04  0.000e+00
      62.93      5.089    1487.04  0.000e+00
      62.91      5.146    1487.04  0.000e+00
      62.88      5.212    1487.04  0.000e+00
      62.88      5.212    1487.04  0.000e+00
      62.83      5.146    1487.04  0.000e+00
      62.78      5.311    1487.04  0.000e+00
      62.76      5.270    1487.04  0.000e+00
      62.74      5.270    1487.04  0.000e+00
      62.76      5.327    1487.04  0.000e+00
      62.74      5.327    1487.04  0.000e+00
      62.69      5.327    1487.04  0.000e+00
      62.61      5.393    1487.04  0.000e+00
      62.61      5.393    1487.04  0.000e+00
      62.64      5.393    1487.04  0.000e+00
      62.61      5.393    1487.05  0.000e+00
      62.59      5.393    1487.05  0.000e+00
      62.78      5.451    1487.05  0.000e+00
      62.95      5.516    1487.05  0.000e+00
      63.00      5.393    1487.05  0.000e+00
      63.00      5.516    1487.05  0.000e+00
      62.98      5.500    1487.05  0.000e+00
      62.95      5.451    1487.05  0.000e+00
      63.27      5.451    1487.05  0.000e+00
      63.61      5.516    1487.05  0.000e+00
      63.69      5.516    1487.05  0.000e+00
      63.69      5.451    1487.05  0.000e+00
      63.66      5.516    1487.05  0.000e+00
      63.66      5.574    1487.05  0.000e+00
      63.30      5.451    1487.05  0.000e+00
      62.98      5.451    1487.05  0.000e+00
      62.93      5.516    1487.05  0.000e+00
      62.95      5.451    1487.05  0.000e+00
      62.95      5.451    1487.05  0.000e+00
      62.93      5.451    1487.05  0.000e+00
      62.69      5.500    1487.05  0.000e+00
      62.47      5.393    1487.05  0.000e+00
      62.42      5.451    1487.05  0.000e+00
      62.44      5.327    1487.05  0.000e+00
      62.42      5.393    1487.05  0.000e+00
      62.42      5.393    1487.05  0.000e+00
      62.12      5.270    1487.05  0.000e+00
      61.88      5.393    1487.05  0.000e+00
      61.86      5.327    1487.05  0.000e+00
      61.83      5.270    1487.05  0.000e+00
      61.86      5.270    1487.04  0.000e+00
      61.83      5.270    1487.04  0.000e+00
      62.00      5.270    1487.04  0.000e+00
      62.17      5.146    1487.04  0.000e+00
      62.20      5.212    1487.04  0.000e+00
      62.20      5.146    1487.04  0.000e+00
      62.17      5.130    1487.04  0.000e+00
      62.17      5.146    1487.04  0.000e+00
      62.20      5.089    1487.04  0.000e+00
      62.22      5.089    1487.04  0.000e+00
      62.22      5.089    1487.04  0.000e+00
      62.22      5.023    1487.04  0.000e+00
      62.22      4.966    1487.04  0.000e+00
      62.20      5.089    1487.04  0.000e+00
      62.25      4.966    1487.04  0.000e+00
      62.27      4.966    1487.04  0.000e+00
      62.30      4.966    1487.04  0.000e+00
      62.30      4.966    1487.04  0.000e+00
      62.27      4.900    1487.04  0.000e+00
      62.25      4.900    1487.04  0.000e+00
      62.15      4.966    1487.04  0.000e+00
      62.05      4.900    1487.04  0.000e+00
      62.00      4.900    1487.04  0.000e+00
      62.03      4.892    1487.04  0.000e+00
      62.03      4.900    1487.04  0.000e+00
      62.00      4.900    1487.04  0.000e+00
      62.15      4.900    1487.04  0.000e+00
      62.27      4.900    1487.04  0.000e+00
      62.30      4.900    1487.04  0.000e+00
      62.32      4.900    1487.03  0.000e+00
      62.27      4.900    1487.04  0.000e+00
      62.27      4.900    1487.03  0.000e+00
      62.22      4.900    1487.03  0.000e+00
      62.20      4.900    1487.03  0.000e+00
      62.20      4.966    1487.04  0.000e+00
      62.20      4.900    1487.03  0.000e+00
      62.17      4.900    1487.04  0.000e+00
      62.17      4.966    1487.04  0.000e+00
      62.20      4.966    1487.04  0.000e+00
      62.22      4.966    1487.04  0.000e+00
      62.25      4.949    1487.03  0.000e+00
      62.22      4.966    1487.04  0.000e+00
      62.22      4.966    1487.04  0.000e+00
      62.20      5.023    1487.04  0.000e+00
      62.22      4.966    1487.04  0.000e+00
      62.22      5.023    1487.04  0.000e+00
      62.25      5.023    1487.04  0.000e+00
      62.25      5.023    1487.04  0.000e+00
      62.22      5.023    1487.04  0.000e+00
      62.22      5.089    1487.04  0.000e+00
      62.22      5.023    1487.04  0.000e+00
      62.25      5.023    1487.04  0.000e+00
      62.25      5.089    1487.04  0.000e+00
      62.25      5.023    1487.04  0.000e+00
      62.22      5.089    1487.04  0.000e+00
      62.22      5.089    1487.04  0.000e+00
      62.34      5.146    1487.04  0.000e+00
      62.49      5.130    1487.04  0.000e+00
      62.52      5.089    1487.04  0.000e+00
      62.52      5.146    1487.04  0.000e+00
      62.52      5.146    1487.04  0.000e+00
      62.49      5.146    1487.04  0.000e+00
      62.52      5.146    1487.04  0.000e+00
      62.52      5.146    1487.04  0.000e+00
      62.49      5.212    1487.04  0.000e+00
      62.52      5.146    1487.03  0.000e+00
      62.49      5.270    1487.03  0.000e+00
      62.47      5.212    1487.03  0.000e+00
      62.47      5.212    1487.03  0.000e+00
      62.44      5.212    1487.03  0.000e+00
      62.44      5.270    1487.03  0.000e+00
      62.44      5.270    1487.03  0.000e+00
      62.44      5.270    1487.03  0.000e+00
      62.42      5.253    1487.03  0.000e+00
      62.56      5.270    1487.03  0.000e+00
      62.88      5.270    1487.03  0.000e+00
      62.95      5.327    1487.03  0.000e+00
      62.95      5.327    1487.03  0.000e+00
      62.93      5.270    1487.03  0.000e+00
      62.91      5.327    1487.03  0.000e+00
      63.05      5.327    1487.03  0.000e+00
      63.27      5.327    1487.03  0.000e+00
      63.32      5.393    1487.03  0.000e+00
      63.32      5.327    1487.03  0.000e+00
      63.30      5.327    1487.03  0.000e+00
      63.30      5.393    1487.03  0.000e+00
      63.15      5.393    1487.03  0.000e+00
      62.98      5.327    1487.03  0.000e+00
      62.93      5.451    1487.03  0.000e+00
      62.93      5.377    1487.03  0.000e+00
      62.93      5.393    1487.03  0.000e+00
      62.91      5.393    1487.03  0.000e+00
      62.93      5.451    1487.03  0.000e+00
      62.95      5.451    1487.03  0.000e+00
      62.95      5.393    1487.03  0.000e+00
      62.95      5.451    1487.03  0.000e+00
      62.93      5.451    1487.04  0.000e+00
      62.93      5.393    1487.03  0.000e+00
      62.88      5.451    1487.04  0.000e+00
      62.78      5.451    1487.04  0.000e+00
      62.76      5.451    1487.04  0.000e+00
      62.76      5.393    1487.04  0.000e+00
      62.76      5.451    1487.04  0.000e+00
      62.76      5.327    1487.04  0.000e+00
      62.76      5.557    1487.04  0.000e+00
      62.74      5.451    1487.04  0.000e+00
      62.74      5.451    1487.04  0.000e+00
      62.74      5.451    1487.04  0.000e+00
      62.74      5.451    1487.04  0.000e+00
      62.71      5.393    1487.04  0.000e+00
      62.64      5.451    1487.04  0.000e+00
      62.54      5.393    1487.04  0.000e+00
      62.52      5.516    1487.04  0.000e+00
      62.52      5.393    1487.04  0.000e+00
      62.49      5.451    1487.04  0.000e+00
      62.47      5.393    1487.04  0.000e+00
      62.32      5.393    1487.04  0.000e+00
      62.15      5.393    1487.03  0.000e+00
      62.08      5.377    1487.04  0.000e+00
      62.08      5.393    1487.04  0.000e+00
      62.10      5.327    1487.04  0.000e+00
      62.08      5.393    1487.04  0.000e+00
      62.00      5.327    1487.04  0.000e+00
      61.95      5.327    1487.04  0.000e+00
      61.95      5.327    1487.04  0.000e+00
      61.95      5.327    1487.04  0.000e+00
      61.93      5.327    1487.04  0.000e+00
      61.93      5.270    1487.04  0.000e+00
      62.00      5.270    1487.04  0.000e+00
      62.05      5.270    1487.04  0.000e+00
      62.10      5.270    1487.04  0.000e+00
      62.10      5.212    1487.04  0.000e+00
      62.08      5.212    1487.04  0.000e+00
      62.05      5.270    1487.04  0.000e+00
      62.17      5.196    1487.04  0.000e+00
      62.27      5.146    1487.04  0.000e+00
      62.30      5.146    1487.04  0.000e+00
      62.30      5.212    1487.04  0.000e+00
      62.27      5.089    1487.04  0.000e+00
      62.27      5.146    1487.04  0.000e+00
      62.32      5.089    1487.04  0.000e+00
      62.39      5.089    1487.04  0.000e+00
      62.39      5.089    1487.04  0.000e+00
      62.39      5.023    1487.04  0.000e+00
      62.37      5.089    1487.04  0.000e+00
      62.37      5.023    1487.04  0.000e+00
      62.27      5.023    1487.04  0.000e+00
      62.17      5.023    1487.04  0.000e+00
      62.15      4.966    1487.04  0.000e+00
      62.15      5.023    1487.04  0.000e+00
      62.15      4.842    1487.04  0.000e+00
      62.12      5.072    1487.04  0.000e+00
      62.17      4.966    1487.04  0.000e+00
      62.22      4.900    1487.03  0.000e+00
      62.22      4.900    1487.04  0.000e+00
      62.22      4.966    1487.04  0.000e+00
      62.20      4.900    1487.03  0.000e+00
      62.20      4.900    1487.03  0.000e+00
      62.20      4.900    1487.03  0.000e+00
      62.20      4.842    1487.03  0.000e+00
      62.20      4.900    1487.04  0.000e+00
      62.22      4.842    1487.03  0.000e+00
      62.20      4.900    1487.04  0.000e+00
      62.17      4.842    1487.03  0.000e+00
      62.17      4.842    1487.03  0.000e+00
      62.12      4.842    1487.04  0.000e+00
      62.10      4.842    1487.04  0.000e+00
      62.12      4.785    1487.03  0.000e+00
      62.12      4.826    1487.03  0.000e+00
      62.08      4.842    1487.03  0.000e+00
      62.03      4.842    1487.03  0.000e+00
      61.98      4.842    1487.04  0.000e+00
      61.98      4.785    1487.03  0.000e+00
      61.98      4.785    1487.03  0.000e+00
      61.98      4.842    1487.04  0.000e+00
      61.95      4.785    1487.03  0.000e+00
      62.03      4.842    1487.04  0.000e+00
      62.08      4.842    1487.04  0.000e+00
      62.10      4.785    1487.03  0.000e+00
      62.08      4.842    1487.04  0.000e+00
      62.10      4.785    1487.04  0.000e+00
      62.08      4.900    1487.04  0.000e+00
      62.12      4.785    1487.03  0.000e+00
      62.17      4.842    1487.04  0.000e+00
      62.20      4.842    1487.04  0.000e+00
      62.20      4.842    1487.03  0.000e+00
      62.17      4.826    1487.03  0.000e+00
      62.17      4.900    1487.03  0.000e+00
      62.15      4.842    1487.03  0.000e+00
      62.15      4.900    1487.03  0.000e+00
      62.15      4.900    1487.03  0.000e+00
      62.15      4.842    1487.03  0.000e+00
      62.12      4.900    1487.03  0.000e+00
      62.12      4.900    1487.03  0.000e+00
      62.03      4.900    1487.03  0.000e+00
      61.98      4.900    1487.03  0.000e+00
      61.95      4.966    1487.03  0.000e+00
      61.98      4.900    1487.03  0.000e+00
      61.95      4.966    1487.03  0.000e+00
      61.95      4.966    1487.03  0.000e+00
      62.03      4.966    1487.03  0.000e+00
      62.15      4.966    1487.03  0.000e+00
      62.20      5.023    1487.03  0.000e+00
      62.17      4.966    1487.03  0.000e+00
      62.17      4.949    1487.03  0.000e+00
      62.17      5.023    1487.03  0.000e+00
      62.17      5.023    1487.03  0.000e+00
      62.22      5.089    1487.03  0.000e+00
      62.22      4.966    1487.03  0.000e+00
      62.22      5.023    1487.03  0.000e+00
      62.20      5.089    1487.03  0.000e+00
      62.20      5.023    1487.03  0.000e+00
      62.15      5.089    1487.03  0.000e+00
      62.08      5.089    1487.03  0.000e+00
      62.05      5.023    1487.03  0.000e+00
      62.08      5.146    1487.03  0.000e+00
      62.08      5.089    1487.03  0.000e+00
      62.05      5.089    1487.03  0.000e+00
      62.08      5.146    1487.03  0.000e+00
      62.12      5.146    1487.03  0.000e+00
      62.15      5.146    1487.03  0.000e+00
      62.15      5.072    1487.03  0.000e+00
      62.12      5.212    1487.03  0.000e+00
      62.12      5.146    1487.03  0.000e+00
      62.12      5.146    1487.03  0.000e+00
      62.15      5.212    1487.03  0.000e+00
      62.15      5.146    1487.03  0.000e+00
      62.15      5.212    1487.03  0.000e+00
      62.12      5.146    1487.03  0.000e+00
      62.12      5.212    1487.03  0.000e+00
      62.12      5.212    1487.03  0.000e+00
      62.15      5.146    1487.03  0.000e+00
      62.15      5.212    1487.03  0.000e+00
      62.15      5.212    1487.03  0.000e+00
