test_casts/skq202412s_079_1db.cnv
* Sea-Bird SBE 9 Data File:
* FileName = D:\CTD\SKQ202412S\SKQ202412S_079.hex
* Software Version Seasave V 7.26.7.121
* Temperature SN = 6042
* Conductivity SN = 0501
* Number of Bytes Per Scan = 38
* Number of Voltage Words = 3
* Number of Scans Averaged by the Deck Unit = 1
* NMEA Latitude = 72 28.39 N
* NMEA Longitude = 156 34.31 W
* NMEA UTC (Time) = Aug 22 2024  03:42:43
* NMEA baud rate = 4800
** Ship: R/V Sikuliaq
** Station Number: 079
** Station Name: C9
** Bottom Depth [m]: 956
** Operator: SS
# nquan = 23
# nvalues = 1942                        
# units = specified
# name 0 = latitude: Latitude [deg]
# name 1 = longitude: Longitude [deg]
# name 2 = timeS: Time, Elapsed [seconds]
# name 3 = t090C: Temperature [ITS-90, deg C]
# name 4 = c0S/m: Conductivity [S/m]
# name 5 = sal00: Salinity, Practical [PSU]
# name 6 = prDM: Pressure, Digiquartz [db]
# name 7 = depSM: Depth [salt water, m]
# name 8 = t190C: Temperature, 2 [ITS-90, deg C]
# name 9 = c1S/m: Conductivity, 2 [S/m]
# name 10 = sal11: Salinity, Practical, 2 [PSU]
# name 11 = flECO-AFL: Fluorescence, WET Labs ECO-AFL/FL [mg/m^3]
# name 12 = CStarTr0: Beam Transmission, WET Labs C-Star [%]
# name 13 = par: PAR/Irradiance, Biospherical/Licor
# name 14 = altM: Altimeter [m]
# name 15 = sbeox0ML/L: Oxygen, SBE 43 [ml/l]
# name 16 = sbox0Mm/Kg: Oxygen, SBE 43 [umol/kg]
# name 17 = sbeox1ML/L: Oxygen, SBE 43, 2 [ml/l]
# name 18 = pumps: Pump Status
# name 19 = density00: Density [density, kg/m^3]
# name 20 = density11: Density, 2 [density, kg/m^3]
# name 21 = nbin: number of scans per bin
# name 22 = flag: flag
# span 0 =   72.47350,   72.48199       
# span 1 = -156.57368, -156.57186       
# span 2 =     15.869,   5135.949       
# span 3 =    -1.4339,     2.2288       
# span 4 =   2.338322,   2.992526       
# span 5 =    25.7831,    34.8741       
# span 6 =      2.413,    972.548       
# span 7 =      2.388,    960.316       
# span 8 =    -1.4329,     2.2397       
# span 9 =   2.339897,   2.993046       
# span 10 =    25.7878,    34.8798      
# span 11 =     0.0085,     1.0676      
# span 12 =    87.9662,    96.1524      
# span 13 = 1.0000e-12, 6.3522e+01      
# span 14 =      12.65,     100.00      
# span 15 =     5.9249,     9.5192      
# span 16 =    257.490,    414.831      
# span 17 =     5.8428,     9.3651      
# span 18 =          1,          1      
# span 19 =  1020.5944,  1032.5595      
# span 20 =  1020.5975,  1032.5635      
# span 21 =         16,       2873      
# span 22 = 0.0000e+00, 0.0000e+00      
# interval = decibars: 1                
# start_time = Aug 22 2024 03:44:52 [NMEA time, first data scan]
# bad_flag = -9.990e-29
*END*
[from data line 945]
   72.47548 -156.57316   1283.104     0.4105   2.972132    34.8730    947.979    936.112     0.4115   2.972636    34.8784     0.0380    95.6123 8.4714e-07      35.28     6.5759    285.688     6.4787          1  1032.4401  1032.4443         30 0.0000e+00
   72.47548 -156.57316   1284.457     0.4098   2.972120    34.8730    949.010    937.128     0.4109   2.972640    34.8786     0.0136    95.6897 5.1342e-07      34.04     6.5806    285.891     6.4738          1  1032.4450  1032.4493         33 0.0000e+00
   72.47548 -156.57316   1286.354     0.4099   2.972161    34.8729    949.978    938.081     0.4112   2.972682    34.8783     0.0222    95.6401 1.0224e-06      33.06     6.5777    285.763     6.4733          1  1032.4493  1032.4535         58 0.0000e+00
   72.47548 -156.57316   1288.290     0.4079   2.972029    34.8729    950.966    939.055     0.4090   2.972562    34.8785     0.0198    95.5516 7.7013e-07      32.08     6.5796    285.845     6.4777          1  1032.4541  1032.4585         33 0.0000e+00
   72.47548 -156.57314   1289.438     0.4066   2.971971    34.8729    952.003    940.076     0.4075   2.972495    34.8788     0.0402    95.6522 1.5403e-06      31.18     6.5812    285.916     6.4782          1  1032.4591  1032.4637         22 0.0000e+00
   72.47548 -156.57314   1290.375     0.4040   2.971807    34.8731    953.003    941.061     0.4049   2.972313    34.8788     0.0416    95.7695 2.5783e-06      30.17     6.5826    285.977     6.4768          1  1032.4641  1032.4685         23 0.0000e+00
   72.47548 -156.57316   1291.583     0.4032   2.971777    34.8730    954.067    942.110     0.4042   2.972288    34.8787     0.0370    95.7493 9.6816e-07      29.04     6.5847    286.070     6.4771          1  1032.4690  1032.4735         35 0.0000e+00
   72.47548 -156.57316   1293.270     0.4028   2.971786    34.8731    954.944    942.974     0.4040   2.972300    34.8785     0.0129    95.8044 3.8506e-07      28.26     6.5779    285.771     6.4766          1  1032.4732  1032.4774         44 0.0000e+00
   72.47549 -156.57314   1294.769     0.4027   2.971808    34.8730    955.961    943.975     0.4038   2.972332    34.8786     0.0339    95.7915 9.7747e-07      27.22     6.5760    285.688     6.4758          1  1032.4779  1032.4823         26 0.0000e+00
   72.47550 -156.57314   1295.813     0.3979   2.971439    34.8730    956.986    944.986     0.3991   2.971981    34.8786     0.0185    95.7792 1.0589e-06      26.26     6.5816    285.932     6.4735          1  1032.4830  1032.4875         24 0.0000e+00
   72.47550 -156.57314   1296.750     0.3806   2.970059    34.8738    958.008    945.993     0.3821   2.970617    34.8794     0.0289    95.7955 4.0340e-07      25.32     6.5808    285.897     6.4835          1  1032.4899  1032.4943         21 0.0000e+00
   72.47550 -156.57314   1297.708     0.3757   2.969692    34.8739    958.985    946.955     0.3766   2.970222    34.8798     0.0370    95.7945 1.0166e-06      24.29     6.5852    286.089     6.4832          1  1032.4950  1032.4996         25 0.0000e+00
   72.47550 -156.57314   1298.875     0.3734   2.969534    34.8740    960.001    947.956     0.3744   2.970052    34.8796     0.0401    95.8300 2.4594e-06      23.30     6.5849    286.077     6.4777          1  1032.5000  1032.5044         31 0.0000e+00
   72.47550 -156.57314   1300.083     0.3716   2.969427    34.8739    960.989    948.929     0.3727   2.969953    34.8796     0.0212    95.8264 2.1963e-06      22.40     6.5775    285.754     6.4780          1  1032.5047  1032.5091         27 0.0000e+00
   72.47550 -156.57314   1301.208     0.3704   2.969361    34.8739    961.961    949.887     0.3714   2.969889    34.8797     0.0136    95.8457 3.1376e-07      35.30     6.5783    285.790     6.4816          1  1032.5093  1032.5138         27 0.0000e+00
   72.47550 -156.57314   1302.292     0.3694   2.969317    34.8738    962.985    950.896     0.3704   2.969840    34.8796     0.0136    95.7455 1.0166e-06      27.39     6.5862    286.133     6.4856          1  1032.5141  1032.5186         25 0.0000e+00
   72.47550 -156.57314   1303.271     0.3687   2.969306    34.8739    964.016    951.912     0.3698   2.969833    34.8796     0.0283    95.7126 7.7013e-07      19.39     6.5835    286.014     6.4760          1  1032.5190  1032.5235         22 0.0000e+00
   72.47550 -156.57314   1304.167     0.3686   2.969330    34.8738    964.984    952.865     0.3697   2.969861    34.8794     0.0303    95.7074 1.2102e-06      18.43     6.5850    286.079     6.4731          1  1032.5235  1032.5279         21 0.0000e+00
   72.47550 -156.57314   1305.332     0.3680   2.969331    34.8739    966.044    953.909     0.3690   2.969847    34.8794     0.0234    95.6960 7.7013e-07      17.31     6.5863    286.138     6.4758          1  1032.5285  1032.5329         33 0.0000e+00
   72.47550 -156.57314   1306.938     0.3674   2.969311    34.8738    966.991    954.842     0.3685   2.969825    34.8792     0.0189    95.7398 1.3477e-06      16.31     6.5808    285.895     6.4733          1  1032.5329  1032.5371         44 0.0000e+00
   72.47550 -156.57314   1308.542     0.3667   2.969301    34.8738    967.962    955.799     0.3678   2.969811    34.8793     0.0136    95.7418 1.0268e-06      15.40     6.5844    286.053     6.4756          1  1032.5375  1032.5418         33 0.0000e+00
   72.47550 -156.57314   1309.875     0.3618   2.968932    34.8740    968.984    956.806     0.3622   2.969392    34.8795     0.0136    95.7165 1.3664e-06      14.44     6.5837    286.022     6.4809          1  1032.5428  1032.5472         31 0.0000e+00
   72.47552 -156.57314   1311.457     0.3575   2.968619    34.8741    970.052    957.858     0.3582   2.969096    34.8795     0.0300    95.7513 5.9103e-07      27.30     6.5867    286.152     6.4742          1  1032.5483  1032.5525         43 0.0000e+00
   72.47552 -156.57313   1313.250     0.3569   2.968598    34.8740    970.987    958.779     0.3583   2.969125    34.8793     0.0300    95.7495 1.9701e-06      19.55     6.5857    286.112     6.4783          1  1032.5525  1032.5567         43 0.0000e+00
   72.47552 -156.57312   1317.188     0.3577   2.968707    34.8739    972.091    959.866     0.3593   2.969248    34.8791     0.0212    95.7393 9.8640e-07      13.39     6.5863    286.138     6.4841          1  1032.5576  1032.5616        146 0.0000e+00
   72.47562 -156.57310   1385.602     0.3575   2.968699    34.8737    972.548    960.316     0.3587   2.969193    34.8788     0.0261    95.7190 9.1729e-07      12.92     6.5836    286.018     6.4825          1  1032.5595  1032.5635        314 0.0000e+00
   72.47568 -156.57310   1427.391     0.3568   2.968625    34.8738    972.217    959.991     0.3578   2.969106    34.8789     0.0266    95.6582 1.1848e-06      12.65     6.5858    286.114     6.4823          1  1032.5581  1032.5621        429 0.0000e+00
   72.47570 -156.57310   1440.936     0.3588   2.968747    34.8738    971.016    958.808     0.3601   2.969238    34.8787     0.0204    95.5855 9.2979e-07      13.97     6.5874    286.185     6.4790          1  1032.5523  1032.5562         82 0.0000e+00
   72.47570 -156.57310   1444.291     0.3583   2.968664    34.8738    970.105    957.910     0.3597   2.969166    34.8787     0.0292    95.6920 4.4007e-07      14.88     6.5837    286.024     6.4881          1  1032.5482  1032.5520         77 0.0000e+00
   72.47572 -156.57311   1446.792     0.3587   2.968655    34.8738    968.973    956.795     0.3598   2.969132    34.8788     0.0306    95.6876 1.9701e-06      15.93     6.5887    286.239     6.4818          1  1032.5429  1032.5468         43 0.0000e+00
   72.47572 -156.57311   1449.396     0.3603   2.968732    34.8737    967.981    955.817     0.3608   2.969169    34.8787     0.0290    95.6849 1.3430e-06      24.14     6.5891    286.257     6.4796          1  1032.5380  1032.5420         82 0.0000e+00
   72.47572 -156.57312   1452.039     0.3630   2.968935    34.8737    967.053    954.903     0.3633   2.969323    34.8785     0.0286    95.7243 2.0662e-07      17.87     6.5853    286.090     6.4793          1  1032.5335  1032.5373         41 0.0000e+00
   72.47572 -156.57311   1453.625     0.3638   2.968948    34.8737    965.990    953.856     0.3654   2.969471    34.8786     0.0287    95.7173 2.4204e-07      18.87     6.5845    286.057     6.4858          1  1032.5284  1032.5323         35 0.0000e+00
   72.47572 -156.57310   1455.708     0.3649   2.968987    34.8735    964.960    952.842     0.3660   2.969467    34.8785     0.0257    95.7095 4.0340e-07      20.00     6.5850    286.079     6.4850          1  1032.5235  1032.5273         63 0.0000e+00
   72.47572 -156.57312   1457.896     0.3657   2.969025    34.8736    964.085    951.979     0.3665   2.969466    34.8785     0.0276    95.7378 2.0170e-07      27.42     6.5874    286.185     6.4775          1  1032.5193  1032.5232         42 0.0000e+00
   72.47574 -156.57312   1459.436     0.3665   2.969039    34.8736    963.005    950.916     0.3675   2.969509    34.8785     0.0419    95.7556 1.1295e-06      21.96     6.5836    286.018     6.4800          1  1032.5142  1032.5181         30 0.0000e+00
   72.47574 -156.57312   1460.750     0.3668   2.969031    34.8736    961.971    949.896     0.3683   2.969539    34.8786     0.0172    95.7268 1.0268e-06      22.86     6.5875    286.188     6.4818          1  1032.5094  1032.5133         33 0.0000e+00
   72.47574 -156.57312   1462.332     0.3679   2.969073    34.8735    960.975    948.916     0.3688   2.969526    34.8785     0.0422    95.7243 6.1986e-07      23.87     6.5905    286.320     6.4838          1  1032.5046  1032.5085         41 0.0000e+00
   72.47574 -156.57312   1463.979     0.3684   2.969067    34.8735    960.014    947.969     0.3696   2.969551    34.8784     0.0336    95.7558 8.9173e-07      24.88     6.5841    286.041     6.4791          1  1032.5001  1032.5039         38 0.0000e+00
   72.47574 -156.57312   1465.438     0.3690   2.969079    34.8735    959.007    946.976     0.3702   2.969560    34.8785     0.0127    95.7458 1.3237e-06      25.81     6.5831    285.997     6.4847          1  1032.4953  1032.4992         32 0.0000e+00
   72.47574 -156.57312   1466.771     0.3710   2.969213    34.8736    957.987    945.972     0.3733   2.969778    34.8784     0.0136    95.6872 7.9419e-07      26.91     6.5904    286.314     6.4833          1  1032.4905  1032.4941         32 0.0000e+00
   72.47574 -156.57312   1468.146     0.3743   2.969444    34.8734    957.017    945.017     0.3744   2.969835    34.8784     0.0127    95.7250 2.4916e-07      27.87     6.5908    286.333     6.4784          1  1032.4856  1032.4895         34 0.0000e+00
   72.47574 -156.57312   1469.500     0.3795   2.969849    34.8734    956.041    944.055     0.3791   2.970189    34.8783     0.0136    95.7417 5.4654e-07      36.71     6.5860    286.125     6.4823          1  1032.4805  1032.4845         31 0.0000e+00
   72.47574 -156.57312   1470.771     0.3864   2.970389    34.8733    954.991    943.020     0.3886   2.970930    34.8779     0.0126    95.7477 8.4714e-07      29.95     6.5829    285.990     6.4816          1  1032.4750  1032.4785         30 0.0000e+00
   72.47575 -156.57312   1471.938     0.3952   2.971062    34.8728    953.993    942.037     0.3959   2.971511    34.8779     0.0136    95.7524 9.7747e-07      30.83     6.5815    285.929     6.4815          1  1032.4692  1032.4732         26 0.0000e+00
   72.47576 -156.57312   1473.021     0.3971   2.971192    34.8729    953.051    941.108     0.3995   2.971758    34.8775     0.0136    95.7223 3.2582e-07      31.80     6.5845    286.060     6.4875          1  1032.4647  1032.4682         26 0.0000e+00
   72.47576 -156.57312   1474.165     0.4014   2.971510    34.8728    952.012    940.085     0.4035   2.972052    34.8775     0.0234    95.7463 3.1376e-07      32.85     6.5852    286.091     6.4799          1  1032.4594  1032.4630         27 0.0000e+00
   72.47576 -156.57312   1475.332     0.4049   2.971746    34.8726    950.976    939.064     0.4059   2.972217    34.8776     0.0266    95.7279 6.2751e-07      33.86     6.5856    286.105     6.4826          1  1032.4541  1032.4581         27 0.0000e+00
   72.47576 -156.57312   1476.438     0.4055   2.971762    34.8726    950.016    938.118     0.4072   2.972287    34.8775     0.0136    95.6752 9.7747e-07      34.73     6.5802    285.873     6.4765          1  1032.4496  1032.4534         26 0.0000e+00
   72.47576 -156.57312   1477.521     0.4066   2.971824    34.8727    949.004    937.121     0.4089   2.972391    34.8776     0.0283    95.6963 9.7747e-07      53.00     6.5823    285.963     6.4777          1  1032.4449  1032.4486         26 0.0000e+00
   72.47576 -156.57312   1478.521     0.4081   2.971913    34.8728    948.001    936.133     0.4106   2.972496    34.8776     0.0362    95.6924 7.7013e-07      36.76     6.5815    285.928     6.4770          1  1032.4402  1032.4438         22 0.0000e+00
   72.47576 -156.57312   1479.479     0.4100   2.972024    34.8727    947.041    935.188     0.4118   2.972559    34.8776     0.0429    95.6707 3.5298e-07      37.77     6.5814    285.926     6.4811          1  1032.4355  1032.4392         24 0.0000e+00
   72.47576 -156.57312   1480.603     0.4110   2.972061    34.8726    945.990    934.152     0.4126   2.972572    34.8775     0.0398    95.6894 1.2102e-06      38.92     6.5843    286.051     6.4822          1  1032.4304  1032.4342         28 0.0000e+00
   72.47576 -156.57312   1481.729     0.4131   2.972206    34.8727    945.017    933.193     0.4142   2.972670    34.8775     0.0406    95.6913 6.5165e-07      39.71     6.5809    285.902     6.4816          1  1032.4258  1032.4295         26 0.0000e+00
   72.47576 -156.57312   1482.853     0.4144   2.972267    34.8726    944.030    932.221     0.4162   2.972796    34.8775     0.0384    95.6793 9.7747e-07      40.76     6.5839    286.031     6.4772          1  1032.4210  1032.4248         26 0.0000e+00
   72.47576 -156.57312   1483.875     0.4153   2.972307    34.8727    943.011    931.217     0.4173   2.972850    34.8775     0.0314    95.6675 1.8416e-06      41.75     6.5770    285.734     6.4773          1  1032.4163  1032.4200         23 0.0000e+00
   72.47577 -156.57312   1484.771     0.4161   2.972329    34.8726    942.004    930.224     0.4174   2.972825    34.8776     0.0136    95.6327 8.4714e-07      42.74     6.5800    285.862     6.4760          1  1032.4114  1032.4153         20 0.0000e+00
   72.47578 -156.57312   1485.667     0.4168   2.972348    34.8727    941.005    929.240     0.4181   2.972839    34.8776     0.0136    95.6516 1.4733e-06      43.82     6.5793    285.833     6.4783          1  1032.4068  1032.4106         23 0.0000e+00
   72.47578 -156.57312   1486.708     0.4191   2.972494    34.8726    940.021    928.270     0.4192   2.972890    34.8776     0.0342    95.5967 9.4127e-07      44.82     6.5838    286.027     6.4702          1  1032.4019  1032.4059         27 0.0000e+00
   72.47578 -156.57312   1488.082     0.4150   2.972126    34.8729    939.047    927.311     0.4161   2.972589    34.8777     0.0207    95.6040 9.1583e-07      45.77     6.5832    286.001     6.4736          1  1032.3980  1032.4017         37 0.0000e+00
   72.47578 -156.57312   1489.375     0.4226   2.972736    34.8729    938.030    926.309     0.4238   2.973205    34.8777     0.0406    95.5923 1.0166e-06      46.69     6.5775    285.757     6.4733          1  1032.3926  1032.3963         25 0.0000e+00
   72.47578 -156.57312   1490.333     0.4288   2.973186    34.8724    936.991    925.286     0.4295   2.973618    34.8772     0.0401    95.5759 8.0680e-07      47.66     6.5782    285.788     6.4716          1  1032.3868  1032.3906         21 0.0000e+00
