test_casts/skq202412s_079_1db.cnv
* Sea-Bird SBE 9 Data File:
* FileName = D:\CTD\SKQ202412S\SKQ202412S_079.hex
* Software Version Seasave V 7.26.7.121
* Temperature SN = 6042
* Conductivity SN = 0501
* Number of Bytes Per Scan = 38
* Number of Voltage Words = 3
* Number of Scans Averaged by the Deck Unit = 1
* NMEA Latitude = 72 28.39 N
* NMEA Longitude = 156 34.31 W
* NMEA UTC (Time) = Aug 22 2024  03:42:43
* NMEA baud rate = 4800
** Ship: R/V Sikuliaq
** Station Number: 079
** Station Name: C9
** Bottom Depth [m]: 956
** Operator: SS
# nquan = 23
# nvalues = 1942                        
# units = specified
# name 0 = latitude: Latitude [deg]
# name 1 = longitude: Longitude [deg]
# name 2 = timeS: Time, Elapsed [seconds]
# name 3 = t090C: Temperature [ITS-90, deg C]
# name 4 = c0S/m: Conductivity [S/m]
# name 5 = sal00: Salinity, Practical [PSU]
# name 6 = prDM: Pressure, Digiquartz [db]
# name 7 = depSM: Depth [salt water, m]
# name 8 = t190C: Temperature, 2 [ITS-90, deg C]
# name 9 = c1S/m: Conductivity, 2 [S/m]
# name 10 = sal11: Salinity, Practical, 2 [PSU]
# name 11 = flECO-AFL: Fluorescence, WET Labs ECO-AFL/FL [mg/m^3]
# name 12 = CStarTr0: Beam Transmission, WET Labs C-Star [%]
# name 13 = par: PAR/Irradiance, Biospherical/Licor
# name 14 = altM: Altimeter [m]
# name 15 = sbeox0ML/L: Oxygen, SBE 43 [ml/l]
# name 16 = sbox0Mm/Kg: Oxygen, SBE 43 [umol/kg]
# name 17 = sbeox1ML/L: Oxygen, SBE 43, 2 [ml/l]
# name 18 = pumps: Pump Status
# name 19 = density00: Density [density, kg/m^3]
# name 20 = density11: Density, 2 [density, kg/m^3]
# name 21 = nbin: number of scans per bin
# name 22 = flag: flag
# span 0 =   72.47350,   72.48199       
# span 1 = -156.57368, -156.57186       
# span 2 =     15.869,   5135.949       
# span 3 =    -1.4339,     2.2288       
# span 4 =   2.338322,   2.992526       
# span 5 =    25.7831,    34.8741       
# span 6 =      2.413,    972.548       
# span 7 =      2.388,    960.316       
# span 8 =    -1.4329,     2.2397       
# span 9 =   2.339897,   2.993046       
# span 10 =    25.7878,    34.8798      
# span 11 =     0.0085,     1.0676      
# span 12 =    87.9662,    96.1524      
# span 13 = 1.0000e-12, 6.3522e+01      
# span 14 =      12.65,     100.00      
# span 15 =     5.9249,     9.5192      
# span 16 =    257.490,    414.831      
# span 17 =     5.8428,     9.3651      
# span 18 =          1,          1      
# span 19 =  1020.5944,  1032.5595      
# span 20 =  1020.5975,  1032.5635      
# span 21 =         16,       2873      
# span 22 = 0.0000e+00, 0.0000e+00      
# interval = decibars: 1                
# start_time = Aug 22 2024 03:44:52 [NMEA time, first data scan]
# bad_flag = -9.990e-29
*END*
[from data line 441]
   72.47460 -156.57288    658.938     0.8880   2.988136    34.8360    444.035    439.006     0.8889   2.988598    34.8409     0.0316    95.8867 9.7747e-07      99.61     6.4538    280.398     6.3499          1  1030.0155  1030.0194         26 0.0000e+00
   72.47460 -156.57288    660.063     0.8912   2.988573    34.8375    445.013    439.972     0.8922   2.989033    34.8424     0.0136    95.9174 6.0510e-07      99.61     6.4526    280.343     6.3575          1  1030.0211  1030.0249         28 0.0000e+00
   72.47460 -156.57288    661.248     0.8931   2.988827    34.8381    445.977    440.924     0.8941   2.989292    34.8430     0.0234    95.9045 1.0000e-12      99.61     6.4541    280.412     6.3520          1  1030.0260  1030.0298         27 0.0000e+00
   72.47460 -156.57290    662.250     0.8934   2.988911    34.8383    446.962    441.897     0.8943   2.989378    34.8433     0.0262    95.8861 4.0340e-07      99.61     6.4514    280.291     6.3490          1  1030.0306  1030.0346         21 0.0000e+00
   72.47460 -156.57290    663.104     0.8937   2.989003    34.8386    447.960    442.883     0.8946   2.989471    34.8436     0.0151    95.8789 8.4714e-07      99.61     6.4549    280.443     6.3511          1  1030.0356  1030.0395         20 0.0000e+00
   72.47460 -156.57290    663.979     0.8938   2.989070    34.8387    449.005    443.915     0.8947   2.989534    34.8437     0.0416    95.8926 1.0000e-12      99.61     6.4495    280.207     6.3504          1  1030.0406  1030.0445         22 0.0000e+00
   72.47460 -156.57290    665.000     0.8936   2.989114    34.8390    450.020    444.917     0.8946   2.989592    34.8439     0.0386    95.8621 6.2751e-07      99.61     6.4467    280.088     6.3552          1  1030.0455  1030.0494         27 0.0000e+00
   72.47460 -156.57290    666.146     0.8935   2.989174    34.8393    450.961    445.846     0.8945   2.989650    34.8443     0.0146    95.8625 6.0510e-07      99.61     6.4444    279.989     6.3569          1  1030.0502  1030.0542         28 0.0000e+00
   72.47460 -156.57290    667.271     0.8937   2.989232    34.8392    451.980    446.853     0.8947   2.989707    34.8442     0.0136    95.8546 1.0000e-12      99.61     6.4516    280.301     6.3546          1  1030.0550  1030.0589         26 0.0000e+00
   72.47460 -156.57290    668.250     0.8935   2.989293    34.8396    452.997    447.857     0.8944   2.989761    34.8446     0.0401    95.8700 4.0340e-07      99.61     6.4534    280.380     6.3504          1  1030.0600  1030.0640         21 0.0000e+00
   72.47460 -156.57290    669.167     0.8934   2.989362    34.8401    453.989    448.837     0.8944   2.989828    34.8449     0.0187    95.8205 3.6832e-07      99.61     6.4548    280.441     6.3532          1  1030.0651  1030.0689         23 0.0000e+00
   72.47461 -156.57291    670.146     0.8936   2.989433    34.8402    454.972    449.808     0.8945   2.989905    34.8452     0.0319    95.8151 1.4119e-06      99.61     6.4545    280.425     6.3563          1  1030.0698  1030.0737         24 0.0000e+00
   72.47462 -156.57292    671.229     0.8936   2.989494    34.8403    455.984    450.807     0.8946   2.989964    34.8452     0.0220    95.8048 9.0765e-07      99.61     6.4552    280.459     6.3449          1  1030.0746  1030.0785         28 0.0000e+00
   72.47462 -156.57292    672.313     0.8938   2.989576    34.8405    457.009    451.820     0.8949   2.990043    34.8454     0.0124    95.7434 3.5298e-07      99.61     6.4568    280.525     6.3498          1  1030.0796  1030.0834         24 0.0000e+00
   72.47462 -156.57292    673.271     0.8942   2.989666    34.8407    457.988    452.786     0.8952   2.990135    34.8457     0.0136    95.8038 1.1552e-06      99.61     6.4572    280.543     6.3481          1  1030.0843  1030.0882         22 0.0000e+00
   72.47462 -156.57292    674.229     0.8943   2.989738    34.8410    459.014    453.799     0.8952   2.990212    34.8460     0.0221    95.7717 3.5298e-07      99.61     6.4532    280.371     6.3467          1  1030.0893  1030.0933         24 0.0000e+00
   72.47462 -156.57292    675.229     0.8943   2.989792    34.8411    460.029    454.801     0.8952   2.990262    34.8461     0.0392    95.7608 1.0000e-12      99.61     6.4535    280.382     6.3450          1  1030.0942  1030.0981         24 0.0000e+00
   72.47462 -156.57292    676.271     0.8942   2.989828    34.8411    460.968    455.729     0.8952   2.990303    34.8461     0.0350    95.7164 1.9549e-06      99.61     6.4532    280.370     6.3485          1  1030.0986  1030.1025         26 0.0000e+00
   72.47462 -156.57292    677.415     0.8941   2.989871    34.8412    461.987    456.735     0.8951   2.990342    34.8461     0.0212    95.7453 9.4127e-07      99.61     6.4582    280.586     6.3511          1  1030.1034  1030.1073         27 0.0000e+00
   72.47462 -156.57292    678.458     0.8941   2.989951    34.8416    463.003    457.738     0.8951   2.990428    34.8466     0.0340    95.7774 7.3664e-07      99.61     6.4624    280.769     6.3573          1  1030.1085  1030.1125         23 0.0000e+00
   72.47462 -156.57292    679.396     0.8950   2.990113    34.8421    464.006    458.729     0.8959   2.990592    34.8472     0.0136    95.7766 1.1552e-06      99.61     6.4517    280.307     6.3593          1  1030.1136  1030.1177         22 0.0000e+00
   72.47462 -156.57294    680.333     0.8955   2.990224    34.8424    465.007    459.718     0.8965   2.990697    34.8474     0.0136    95.8159 3.6832e-07      99.61     6.4572    280.543     6.3626          1  1030.1185  1030.1224         23 0.0000e+00
   72.47462 -156.57294    681.313     0.8953   2.990267    34.8426    465.980    460.679     0.8966   2.990765    34.8476     0.0136    95.8075 3.5298e-07      99.61     6.4563    280.504     6.3562          1  1030.1232  1030.1271         24 0.0000e+00
   72.47464 -156.57294    682.394     0.8951   2.990297    34.8426    467.005    461.691     0.8963   2.990794    34.8476     0.0136    95.8126 6.5165e-07      99.61     6.4580    280.576     6.3495          1  1030.1281  1030.1320         26 0.0000e+00
   72.47464 -156.57294    683.417     0.8960   2.990427    34.8427    467.970    462.643     0.8971   2.990925    34.8479     0.0340    95.8431 3.6832e-07      99.61     6.4600    280.666     6.3506          1  1030.1326  1030.1366         23 0.0000e+00
   72.47464 -156.57294    684.415     0.8963   2.990513    34.8430    468.965    463.627     0.8973   2.990988    34.8479     0.0416    95.8239 3.6832e-07      99.61     6.4612    280.719     6.3556          1  1030.1374  1030.1413         23 0.0000e+00
   72.47464 -156.57294    685.354     0.8970   2.990652    34.8434    469.970    464.618     0.8980   2.991121    34.8483     0.0402    95.8216 3.8506e-07      99.61     6.4607    280.694     6.3587          1  1030.1424  1030.1462         22 0.0000e+00
   72.47464 -156.57294    686.333     0.8973   2.990751    34.8437    471.001    465.636     0.8984   2.991222    34.8486     0.0241    95.8310 6.7771e-07      99.61     6.4646    280.864     6.3622          1  1030.1475  1030.1513         25 0.0000e+00
   72.47464 -156.57294    687.396     0.8967   2.990755    34.8438    471.989    466.613     0.8979   2.991252    34.8490     0.0136    95.8466 9.7747e-07      99.61     6.4620    280.753     6.3505          1  1030.1523  1030.1563         26 0.0000e+00
   72.47464 -156.57296    688.540     0.8968   2.990816    34.8439    473.001    467.612     0.8978   2.991291    34.8489     0.0125    95.8351 6.2751e-07      99.61     6.4634    280.811     6.3544          1  1030.1571  1030.1610         27 0.0000e+00
   72.47464 -156.57296    689.583     0.8965   2.990833    34.8439    473.994    468.592     0.8975   2.991318    34.8490     0.0123    95.8238 7.3664e-07      99.61     6.4650    280.882     6.3611          1  1030.1617  1030.1658         23 0.0000e+00
   72.47464 -156.57296    690.582     0.8966   2.990900    34.8441    474.999    469.585     0.8977   2.991375    34.8490     0.0225    95.8182 1.1050e-06      99.62     6.4637    280.826     6.3653          1  1030.1666  1030.1705         23 0.0000e+00
   72.47464 -156.57296    691.563     0.8971   2.991017    34.8445    476.003    470.576     0.8982   2.991493    34.8494     0.0368    95.8324 7.0595e-07      99.61     6.4671    280.976     6.3623          1  1030.1716  1030.1754         24 0.0000e+00
   72.47464 -156.57296    692.521     0.8972   2.991115    34.8450    477.006    471.566     0.8982   2.991599    34.8502     0.0389    95.8180 1.5403e-06      99.61     6.4676    280.996     6.3592          1  1030.1767  1030.1808         22 0.0000e+00
   72.47464 -156.57296    693.479     0.8971   2.991232    34.8460    478.000    472.548     0.8981   2.991704    34.8510     0.0368    95.8064 3.5298e-07      99.61     6.4685    281.036     6.3553          1  1030.1822  1030.1861         24 0.0000e+00
   72.47466 -156.57296    694.521     0.8974   2.991315    34.8462    478.991    473.526     0.8983   2.991787    34.8513     0.0429    95.7464 1.3033e-06      99.61     6.4674    280.988     6.3590          1  1030.1870  1030.1910         26 0.0000e+00
   72.47466 -156.57296    695.583     0.8975   2.991384    34.8464    479.965    474.488     0.8985   2.991861    34.8515     0.0429    95.7142 6.7771e-07      99.61     6.4688    281.045     6.3604          1  1030.1917  1030.1957         25 0.0000e+00
   72.47466 -156.57298    696.604     0.8974   2.991413    34.8464    480.958    475.469     0.8983   2.991904    34.8517     0.0405    95.6750 3.5298e-07      99.61     6.4704    281.115     6.3601          1  1030.1963  1030.2005         24 0.0000e+00
   72.47466 -156.57298    697.604     0.8972   2.991456    34.8465    482.005    476.503     0.8982   2.991938    34.8516     0.0160    95.6837 3.5298e-07      99.61     6.4699    281.093     6.3651          1  1030.2014  1030.2053         24 0.0000e+00
   72.47466 -156.57298    698.604     0.8971   2.991501    34.8466    483.006    477.491     0.8981   2.991977    34.8516     0.0124    95.6783 1.0000e-12      99.61     6.4716    281.167     6.3635          1  1030.2062  1030.2101         24 0.0000e+00
   72.47466 -156.57298    699.667     0.8966   2.991524    34.8470    483.974    478.447     0.8976   2.992008    34.8520     0.0331    95.5118 6.2751e-07      99.61     6.4722    281.195     6.3640          1  1030.2110  1030.2150         27 0.0000e+00
   72.47466 -156.57298    700.729     0.8962   2.991559    34.8472    484.990    479.450     0.8974   2.992050    34.8523     0.0221    95.2647 1.7649e-06      99.61     6.4652    280.888     6.3558          1  1030.2160  1030.2200         24 0.0000e+00
   72.47466 -156.57298    701.688     0.8953   2.991535    34.8474    486.010    480.457     0.8962   2.992011    34.8525     0.0269    95.4912 7.7013e-07      99.61     6.4600    280.666     6.3593          1  1030.2210  1030.2250         22 0.0000e+00
   72.47466 -156.57298    702.625     0.8951   2.991567    34.8474    487.011    481.446     0.8961   2.992055    34.8525     0.0404    95.5871 1.1050e-06      99.62     6.4672    280.975     6.3660          1  1030.2257  1030.2298         23 0.0000e+00
   72.47466 -156.57300    703.604     0.8954   2.991645    34.8475    487.993    482.415     0.8963   2.992125    34.8526     0.0405    95.5860 1.0589e-06      99.61     6.4604    280.683     6.3632          1  1030.2304  1030.2344         24 0.0000e+00
   72.47468 -156.57300    704.688     0.8954   2.991695    34.8475    488.992    483.402     0.8964   2.992172    34.8526     0.0429    95.5694 3.0255e-07      99.61     6.4581    280.582     6.3598          1  1030.2351  1030.2390         28 0.0000e+00
   72.47468 -156.57300    705.813     0.8952   2.991740    34.8477    489.986    484.383     0.8964   2.992230    34.8527     0.0406    95.5550 1.3033e-06      99.61     6.4617    280.740     6.3555          1  1030.2399  1030.2438         26 0.0000e+00
   72.47468 -156.57300    706.896     0.8950   2.991770    34.8478    490.977    485.362     0.8960   2.992252    34.8529     0.0305    95.5590 9.7747e-07      99.61     6.4586    280.605     6.3548          1  1030.2447  1030.2486         26 0.0000e+00
   72.47468 -156.57300    707.917     0.8931   2.991684    34.8482    492.002    486.373     0.8942   2.992167    34.8532     0.0111    95.5837 3.6832e-07      99.61     6.4588    280.610     6.3536          1  1030.2499  1030.2539         23 0.0000e+00
   72.47468 -156.57300    708.833     0.8922   2.991670    34.8484    493.018    487.377     0.8933   2.992148    34.8534     0.0136    95.5834 1.0000e-12      99.61     6.4640    280.838     6.3535          1  1030.2550  1030.2588         21 0.0000e+00
   72.47468 -156.57300    709.729     0.8913   2.991687    34.8491    494.020    488.367     0.8920   2.992138    34.8541     0.0136    95.5610 7.7013e-07      99.61     6.4609    280.703     6.3580          1  1030.2602  1030.2642         22 0.0000e+00
   72.47468 -156.57300    710.688     0.8929   2.991894    34.8494    495.013    489.347     0.8938   2.992372    34.8545     0.0368    95.5860 1.0589e-06      99.61     6.4606    280.690     6.3596          1  1030.2651  1030.2691         24 0.0000e+00
   72.47468 -156.57302    711.771     0.8923   2.991907    34.8497    495.987    490.308     0.8933   2.992390    34.8548     0.0408    95.6885 9.0765e-07      99.61     6.4658    280.914     6.3609          1  1030.2699  1030.2738         28 0.0000e+00
   72.47468 -156.57302    712.938     0.8899   2.991798    34.8504    497.017    491.326     0.8911   2.992289    34.8554     0.0157    95.7574 1.2102e-06      99.61     6.4640    280.837     6.3527          1  1030.2755  1030.2793         28 0.0000e+00
   72.47468 -156.57302    713.958     0.8882   2.991730    34.8508    498.017    492.313     0.8891   2.992206    34.8559     0.0136    95.7025 4.0340e-07      99.61     6.4689    281.051     6.3486          1  1030.2806  1030.2846         21 0.0000e+00
   72.47469 -156.57302    714.896     0.8851   2.991540    34.8512    498.979    493.263     0.8857   2.991989    34.8563     0.0136    95.7401 3.5298e-07      99.61     6.4702    281.107     6.3572          1  1030.2857  1030.2897         24 0.0000e+00
   72.47470 -156.57302    715.896     0.8821   2.991362    34.8517    499.997    494.268     0.8836   2.991883    34.8568     0.0307    95.7608 1.7649e-06      99.61     6.4792    281.496     6.3658          1  1030.2911  1030.2950         24 0.0000e+00
   72.47470 -156.57302    716.938     0.8809   2.991294    34.8516    501.009    495.267     0.8822   2.991806    34.8567     0.0384    95.7805 9.7747e-07      99.62     6.4705    281.119     6.3750          1  1030.2959  1030.2999         26 0.0000e+00
   72.47470 -156.57303    717.979     0.8794   2.991229    34.8518    502.020    496.265     0.8804   2.991695    34.8567     0.0417    95.7890 1.0589e-06      99.61     6.4773    281.415     6.3774          1  1030.3009  1030.3047         24 0.0000e+00
   72.47470 -156.57304    718.938     0.8789   2.991219    34.8517    502.989    497.222     0.8799   2.991700    34.8568     0.0296    95.8547 7.7013e-07      99.61     6.4815    281.596     6.3797          1  1030.3053  1030.3094         22 0.0000e+00
   72.47470 -156.57304    719.938     0.8764   2.991069    34.8520    504.004    498.225     0.8774   2.991546    34.8570     0.0125    95.9328 9.7747e-07      99.61     6.4784    281.462     6.3747          1  1030.3105  1030.3145         26 0.0000e+00
   72.47470 -156.57304    720.979     0.8763   2.991102    34.8519    505.006    499.214     0.8774   2.991592    34.8570     0.0112    95.9877 1.0589e-06      99.61     6.4808    281.568     6.3702          1  1030.3152  1030.3192         24 0.0000e+00
