test_casts/skq202412s_079_1db.cnv
* Sea-Bird SBE 9 Data File:
* FileName = D:\CTD\SKQ202412S\SKQ202412S_079.hex
* Software Version Seasave V 7.26.7.121
* Temperature SN = 6042
* Conductivity SN = 0501
* Number of Bytes Per Scan = 38
* Number of Voltage Words = 3
* Number of Scans Averaged by the Deck Unit = 1
* NMEA Latitude = 72 28.39 N
* NMEA Longitude = 156 34.31 W
* NMEA UTC (Time) = Aug 22 2024  03:42:43
* NMEA baud rate = 4800
** Ship: R/V Sikuliaq
** Station Number: 079
** Station Name: C9
** Bottom Depth [m]: 956
** Operator: SS
# nquan = 23
# nvalues = 1942                        
# units = specified
# name 0 = latitude: Latitude [deg]
# name 1 = longitude: Longitude [deg]
# name 2 = timeS: Time, Elapsed [seconds]
# name 3 = t090C: Temperature [ITS-90, deg C]
# name 4 = c0S/m: Conductivity [S/m]
# name 5 = sal00: Salinity, Practical [PSU]
# name 6 = prDM: Pressure, Digiquartz [db]
# name 7 = depSM: Depth [salt water, m]
# name 8 = t190C: Temperature, 2 [ITS-90, deg C]
# name 9 = c1S/m: Conductivity, 2 [S/m]
# name 10 = sal11: Salinity, Practical, 2 [PSU]
# name 11 = flECO-AFL: Fluorescence, WET Labs ECO-AFL/FL [mg/m^3]
# name 12 = CStarTr0: Beam Transmission, WET Labs C-Star [%]
# name 13 = par: PAR/Irradiance, Biospherical/Licor
# name 14 = altM: Altimeter [m]
# name 15 = sbeox0ML/L: Oxygen, SBE 43 [ml/l]
# name 16 = sbox0Mm/Kg: Oxygen, SBE 43 [umol/kg]
# name 17 = sbeox1ML/L: Oxygen, SBE 43, 2 [ml/l]
# name 18 = pumps: Pump Status
# name 19 = density00: Density [density, kg/m^3]
# name 20 = density11: Density, 2 [density, kg/m^3]
# name 21 = nbin: number of scans per bin
# name 22 = flag: flag
# span 0 =   72.47350,   72.48199       
# span 1 = -156.57368, -156.57186       
# span 2 =     15.869,   5135.949       
# span 3 =    -1.4339,     2.2288       
# span 4 =   2.338322,   2.992526       
# span 5 =    25.7831,    34.8741       
# span 6 =      2.413,    972.548       
# span 7 =      2.388,    960.316       
# span 8 =    -1.4329,     2.2397       
# span 9 =   2.339897,   2.993046       
# span 10 =    25.7878,    34.8798      
# span 11 =     0.0085,     1.0676      
# span 12 =    87.9662,    96.1524      
# span 13 = 1.0000e-12, 6.3522e+01      
# span 14 =      12.65,     100.00      
# span 15 =     5.9249,     9.5192      
# span 16 =    257.490,    414.831      
# span 17 =     5.8428,     9.3651      
# span 18 =          1,          1      
# span 19 =  1020.5944,  1032.5595      
# span 20 =  1020.5975,  1032.5635      
# span 21 =         16,       2873      
# span 22 = 0.0000e+00, 0.0000e+00      
# interval = decibars: 1                
# start_time = Aug 22 2024 03:44:52 [NMEA time, first data scan]
# bad_flag = -9.990e-29
*END*
[from data line 1008]
   72.47578 -156.57312   1491.896     0.4418   2.974168    34.8718    934.981    923.305     0.4433   2.974691    34.8769     0.0195    95.5675 1.2707e-06      49.74     6.5730    285.559     6.4779          1  1032.3759  1032.3798         20 0.0000e+00
   72.47578 -156.57312   1492.792     0.4439   2.974322    34.8720    933.971    922.309     0.4452   2.974805    34.8769     0.0123    95.5701 1.4733e-06      50.75     6.5766    285.716     6.4733          1  1032.3711  1032.3749         23 0.0000e+00
   72.47578 -156.57312   1494.040     0.4410   2.974010    34.8718    932.978    921.332     0.4389   2.974250    34.8772     0.0128    95.5685 1.6943e-06      51.87     6.5857    286.114     6.4744          1  1032.3666  1032.3711         35 0.0000e+00
   72.47578 -156.57312   1495.394     0.4442   2.974298    34.8724    932.040    920.407     0.4434   2.974598    34.8772     0.0136    95.5638 9.0765e-07      52.82     6.5753    285.658     6.4692          1  1032.3625  1032.3664         28 0.0000e+00
   72.47578 -156.57312   1496.479     0.4471   2.974447    34.8717    931.031    919.413     0.4464   2.974775    34.8767     0.0136    95.5610 1.4119e-06      53.69     6.5745    285.626     6.4676          1  1032.3569  1032.3610         24 0.0000e+00
   72.47578 -156.57312   1497.417     0.4554   2.975204    34.8729    929.976    918.374     0.4590   2.975850    34.8772     0.0122    95.5896 8.0680e-07      55.33     6.5776    285.759     6.4693          1  1032.3523  1032.3554         21 0.0000e+00
   72.47578 -156.57312   1498.250     0.4730   2.976573    34.8715    928.965    917.377     0.4790   2.977427    34.8759     0.0259    95.5692 8.9173e-07      71.60     6.5756    285.672     6.4654          1  1032.3449  1032.3479         19 0.0000e+00
   72.47579 -156.57312   1499.125     0.4833   2.977392    34.8711    927.969    916.396     0.4837   2.977775    34.8757     0.0391    95.5610 1.8416e-06      56.70     6.5768    285.725     6.4688          1  1032.3392  1032.3427         23 0.0000e+00
   72.47580 -156.57312   1500.167     0.4860   2.977554    34.8709    926.946    915.388     0.4869   2.978007    34.8757     0.0418    95.5446 9.4127e-07      57.90     6.5768    285.726     6.4722          1  1032.3340  1032.3377         27 0.0000e+00
   72.47580 -156.57312   1501.333     0.4855   2.977502    34.8712    925.978    914.434     0.4879   2.978057    34.8757     0.0308    95.5628 5.8424e-07      58.98     6.5747    285.635     6.4699          1  1032.3298  1032.3331         29 0.0000e+00
   72.47580 -156.57312   1502.542     0.4882   2.977687    34.8712    925.008    913.478     0.4882   2.978050    34.8759     0.0237    95.5413 2.9212e-07      59.90     6.5702    285.441     6.4629          1  1032.3250  1032.3287         29 0.0000e+00
   72.47580 -156.57312   1503.625     0.4918   2.977944    34.8711    924.000    912.485     0.4918   2.978338    34.8762     0.0391    95.5474 1.1050e-06      60.81     6.5660    285.256     6.4625          1  1032.3199  1032.3240         23 0.0000e+00
   72.47580 -156.57312   1504.542     0.4912   2.977884    34.8716    923.009    911.508     0.4970   2.978750    34.8763     0.0415    95.5089 1.2102e-06      61.69     6.5685    285.364     6.4598          1  1032.3157  1032.3190         21 0.0000e+00
   72.47580 -156.57312   1505.417     0.5054   2.979043    34.8713    921.979    910.494     0.5075   2.979543    34.8754     0.0415    95.5077 1.6136e-06      62.85     6.5625    285.103     6.4623          1  1032.3095  1032.3126         21 0.0000e+00
   72.47580 -156.57312   1506.292     0.5099   2.979341    34.8708    920.981    909.510     0.5119   2.979886    34.8755     0.0429    95.4903 1.6136e-06      63.77     6.5633    285.140     6.4589          1  1032.3040  1032.3077         21 0.0000e+00
   72.47580 -156.57312   1507.292     0.5122   2.979510    34.8709    920.006    908.549     0.5147   2.980067    34.8753     0.0386    95.4559 6.2751e-07      64.71     6.5714    285.490     6.4634          1  1032.2994  1032.3027         27 0.0000e+00
   72.47580 -156.57312   1508.646     0.5066   2.978948    34.8704    918.981    907.540     0.5110   2.979769    34.8761     0.0205    95.4760 1.1147e-06      65.89     6.5693    285.402     6.4637          1  1032.2947  1032.2989         38 0.0000e+00
   72.47580 -156.57312   1510.271     0.5068   2.978956    34.8709    918.009    906.582     0.5105   2.979638    34.8756     0.0261    95.4653 1.6943e-06      66.91     6.5678    285.336     6.4637          1  1032.2905  1032.2940         40 0.0000e+00
   72.47581 -156.57312   1512.104     0.5055   2.978821    34.8712    916.995    905.582     0.5052   2.979176    34.8760     0.0276    95.4872 1.5884e-06      67.98     6.5645    285.191     6.4592          1  1032.2861  1032.2900         48 0.0000e+00
   72.47582 -156.57312   1514.770     0.4966   2.978033    34.8714    915.958    904.561     0.4977   2.978520    34.8765     0.0384    95.4688 1.3033e-06      69.03     6.5623    285.096     6.4558          1  1032.2823  1032.2862         78 0.0000e+00
   72.47582 -156.57312   1518.144     0.5011   2.978399    34.8716    915.044    903.660     0.5051   2.979075    34.8760     0.0297    95.5229 7.4125e-07      71.40     6.5625    285.104     6.4625          1  1032.2778  1032.2810         80 0.0000e+00
   72.47582 -156.57312   1522.833     0.5080   2.978900    34.8710    913.996    902.627     0.5134   2.979737    34.8759     0.0230    95.6474 1.2441e-06      71.22     6.5654    285.231     6.4623          1  1032.2719  1032.2753        143 0.0000e+00
   72.47584 -156.57312   1528.562     0.5150   2.979476    34.8713    912.926    901.573     0.5149   2.979818    34.8759     0.0188    95.7460 1.6291e-06      72.44     6.5572    284.873     6.4601          1  1032.2665  1032.2702        130 0.0000e+00
   72.47585 -156.57312   1540.583     0.5273   2.980470    34.8711    911.740    900.404     0.5285   2.980938    34.8758     0.0259    95.7643 1.3077e-06      73.83     6.5576    284.893     6.4588          1  1032.2598  1032.2634        447 0.0000e+00
   72.47599 -156.57307   1639.562     0.5343   2.981077    34.8714    911.356    900.025     0.5356   2.981543    34.8760     0.0271    95.7598 1.3847e-06      75.09     6.5592    284.962     6.4557          1  1032.2576  1032.2612        208 0.0000e+00
   72.47610 -156.57302   1705.167     0.5359   2.981152    34.8713    909.908    898.599     0.5374   2.981641    34.8760     0.0253    95.7527 7.1338e-07      76.90     6.5615    285.062     6.4539          1  1032.2507  1032.2543         95 0.0000e+00
   72.47610 -156.57302   1708.104     0.5362   2.981138    34.8713    909.048    897.752     0.5377   2.981628    34.8760     0.0308    95.7621 3.6832e-07      77.73     6.5597    284.983     6.4534          1  1032.2466  1032.2503         46 0.0000e+00
   72.47610 -156.57300   1709.854     0.5363   2.981098    34.8713    907.979    896.698     0.5377   2.981588    34.8760     0.0283    95.7358 6.6880e-07      78.65     6.5634    285.147     6.4544          1  1032.2416  1032.2453         38 0.0000e+00
   72.47610 -156.57300   1711.708     0.5368   2.981086    34.8712    906.981    895.715     0.5382   2.981574    34.8760     0.0125    95.7373 8.3053e-07      79.70     6.5610    285.041     6.4535          1  1032.2369  1032.2406         51 0.0000e+00
   72.47610 -156.57300   1713.854     0.5371   2.981080    34.8713    906.030    894.777     0.5386   2.981571    34.8760     0.0271    95.7329 1.6291e-06      83.37     6.5642    285.180     6.4578          1  1032.2325  1032.2361         52 0.0000e+00
   72.47610 -156.57300   1715.750     0.5394   2.981235    34.8713    905.019    893.781     0.5402   2.981668    34.8760     0.0181    95.7494 1.3033e-06      83.33     6.5612    285.050     6.4581          1  1032.2276  1032.2313         39 0.0000e+00
   72.47611 -156.57300   1717.313     0.5400   2.981228    34.8711    903.996    892.773     0.5422   2.981793    34.8759     0.0234    95.7810 1.1766e-06      82.75     6.5601    285.004     6.4594          1  1032.2226  1032.2263         36 0.0000e+00
   72.47612 -156.57300   1718.792     0.5426   2.981415    34.8712    902.969    891.761     0.5444   2.981926    34.8759     0.0136    95.7657 2.4204e-07      83.79     6.5607    285.029     6.4558          1  1032.2177  1032.2213         35 0.0000e+00
   72.47612 -156.57300   1720.354     0.5442   2.981499    34.8711    902.000    890.806     0.5456   2.981984    34.8758     0.0414    95.7812 8.4714e-07      84.75     6.5609    285.036     6.4579          1  1032.2129  1032.2166         40 0.0000e+00
   72.47612 -156.57300   1721.958     0.5453   2.981556    34.8712    901.015    889.836     0.5475   2.982101    34.8758     0.0207    95.7680 2.2896e-07      85.58     6.5600    284.997     6.4542          1  1032.2083  1032.2118         37 0.0000e+00
   72.47612 -156.57298   1723.396     0.5490   2.981827    34.8711    900.011    888.845     0.5506   2.982334    34.8758     0.0365    95.7898 1.0589e-06      86.73     6.5663    285.272     6.4579          1  1032.2033  1032.2069         32 0.0000e+00
   72.47612 -156.57298   1724.708     0.5524   2.982069    34.8710    899.026    887.876     0.5550   2.982647    34.8756     0.0136    95.7375 1.3664e-06      87.71     6.5611    285.046     6.4593          1  1032.1983  1032.2017         31 0.0000e+00
   72.47612 -156.57298   1726.021     0.5570   2.982417    34.8709    898.010    886.874     0.5593   2.982968    34.8755     0.0136    95.7581 1.5884e-06      88.98     6.5586    284.939     6.4558          1  1032.1931  1032.1965         32 0.0000e+00
   72.47612 -156.57298   1727.396     0.5594   2.982557    34.8707    897.008    885.886     0.5606   2.983032    34.8754     0.0317    95.7633 1.2458e-06      89.79     6.5605    285.021     6.4536          1  1032.1880  1032.1918         34 0.0000e+00
   72.47612 -156.57298   1728.729     0.5601   2.982577    34.8707    896.012    884.905     0.5621   2.983109    34.8754     0.0409    95.7799 2.5414e-06      90.60     6.5554    284.796     6.4525          1  1032.1834  1032.1869         30 0.0000e+00
   72.47613 -156.57298   1729.938     0.5610   2.982605    34.8707    894.989    883.897     0.5629   2.983144    34.8754     0.0335    95.8318 1.5128e-06      91.49     6.5584    284.926     6.4493          1  1032.1785  1032.1822         28 0.0000e+00
   72.47614 -156.57298   1731.146     0.5625   2.982693    34.8706    894.002    882.924     0.5658   2.983327    34.8752     0.0195    95.8407 5.6476e-07      92.69     6.5582    284.918     6.4501          1  1032.1738  1032.1771         30 0.0000e+00
   72.47614 -156.57298   1732.417     0.5649   2.982851    34.8705    893.022    881.959     0.5667   2.983361    34.8751     0.0401    95.7980 1.0931e-06      93.57     6.5594    284.970     6.4538          1  1032.1689  1032.1724         31 0.0000e+00
   72.47614 -156.57298   1733.583     0.5665   2.982944    34.8706    892.010    880.961     0.5683   2.983461    34.8752     0.0230    95.7663 3.3886e-07      94.54     6.5570    284.865     6.4516          1  1032.1641  1032.1676         25 0.0000e+00
   72.47614 -156.57298   1734.688     0.5674   2.982979    34.8706    890.993    879.959     0.5686   2.983441    34.8752     0.0241    95.8123 3.0255e-07      96.51     6.5549    284.777     6.4483          1  1032.1593  1032.1628         28 0.0000e+00
   72.47614 -156.57298   1735.896     0.5683   2.983006    34.8705    889.983    878.963     0.5698   2.983501    34.8752     0.0224    95.7851 1.0000e-12      96.62     6.5611    285.047     6.4500          1  1032.1544  1032.1580         30 0.0000e+00
   72.47614 -156.57298   1737.188     0.5683   2.982954    34.8704    889.001    877.996     0.5703   2.983489    34.8751     0.0127    95.7858 7.9419e-07      97.81     6.5571    284.874     6.4568          1  1032.1497  1032.1533         32 0.0000e+00
   72.47614 -156.57298   1738.458     0.5694   2.983020    34.8706    888.024    877.033     0.5712   2.983540    34.8752     0.0126    95.7919 8.7635e-07      99.22     6.5547    284.766     6.4541          1  1032.1453  1032.1488         29 0.0000e+00
   72.47614 -156.57298   1739.623     0.5704   2.983070    34.8706    887.016    876.039     0.5724   2.983603    34.8753     0.0136    95.7945 1.0166e-06      99.36     6.5587    284.941     6.4506          1  1032.1405  1032.1441         25 0.0000e+00
   72.47614 -156.57298   1740.625     0.5722   2.983177    34.8706    886.031    875.069     0.5740   2.983693    34.8753     0.0365    95.7672 7.3664e-07      99.63     6.5542    284.746     6.4521          1  1032.1358  1032.1393         23 0.0000e+00
   72.47614 -156.57298   1741.583     0.5731   2.983204    34.8705    885.023    874.076     0.5746   2.983718    34.8754     0.0404    95.7434 1.4733e-06      99.63     6.5561    284.827     6.4502          1  1032.1309  1032.1347         23 0.0000e+00
   72.47614 -156.57298   1742.582     0.5734   2.983187    34.8706    883.995    873.062     0.5751   2.983702    34.8753     0.0391    95.7638 7.3664e-07      99.63     6.5582    284.917     6.4469          1  1032.1261  1032.1298         23 0.0000e+00
   72.47616 -156.57298   1743.625     0.5741   2.983191    34.8704    883.009    872.091     0.5754   2.983689    34.8753     0.0212    95.7598 9.4127e-07      99.63     6.5559    284.822     6.4479          1  1032.1214  1032.1252         27 0.0000e+00
   72.47616 -156.57298   1744.771     0.5741   2.983153    34.8704    881.998    871.094     0.5756   2.983656    34.8753     0.0136    95.7527 1.8153e-06      99.63     6.5577    284.898     6.4521          1  1032.1167  1032.1204         28 0.0000e+00
   72.47616 -156.57298   1745.854     0.5744   2.983144    34.8705    881.013    870.123     0.5759   2.983632    34.8752     0.0136    95.7727 2.1179e-06      99.63     6.5537    284.725     6.4573          1  1032.1121  1032.1158         24 0.0000e+00
   72.47616 -156.57298   1746.875     0.5749   2.983141    34.8706    880.005    869.129     0.5762   2.983626    34.8753     0.0335    95.7611 1.3554e-06      99.63     6.5601    285.003     6.4519          1  1032.1074  1032.1111         25 0.0000e+00
   72.47616 -156.57298   1747.875     0.5753   2.983130    34.8705    878.976    868.116     0.5768   2.983634    34.8754     0.0378    95.7604 1.4733e-06      99.63     6.5559    284.819     6.4497          1  1032.1026  1032.1063         23 0.0000e+00
   72.47616 -156.57298   1748.771     0.5756   2.983119    34.8706    878.044    867.197     0.5771   2.983613    34.8753     0.0370    95.7538 8.4714e-07      99.63     6.5560    284.823     6.4505          1  1032.0982  1032.1019         20 0.0000e+00
   72.47616 -156.57297   1749.727     0.5761   2.983107    34.8705    877.040    866.207     0.5775   2.983610    34.8754     0.0405    95.7304 1.4119e-06      99.63     6.5556    284.807     6.4502          1  1032.0934  1032.0972         24 0.0000e+00
   72.47616 -156.57296   1750.729     0.5762   2.983082    34.8706    876.017    865.199     0.5776   2.983574    34.8753     0.0319    95.7608 1.4119e-06      99.63     6.5590    284.953     6.4486          1  1032.0887  1032.0924         24 0.0000e+00
   72.47616 -156.57296   1751.813     0.5765   2.983060    34.8705    875.024    864.221     0.5778   2.983547    34.8754     0.0136    95.7583 1.8153e-06      99.63     6.5590    284.953     6.4542          1  1032.0841  1032.0878         28 0.0000e+00
   72.47616 -156.57296   1753.000     0.5767   2.983030    34.8705    874.032    863.242     0.5782   2.983533    34.8753     0.0187    95.7281 1.1685e-06      99.63     6.5614    285.057     6.4537          1  1032.0794  1032.0831         29 0.0000e+00
