test_casts/skq202412s_079_1db.cnv
* Sea-Bird SBE 9 Data File:
* FileName = D:\CTD\SKQ202412S\SKQ202412S_079.hex
* Software Version Seasave V 7.26.7.121
* Temperature SN = 6042
* Conductivity SN = 0501
* Number of Bytes Per Scan = 38
* Number of Voltage Words = 3
* Number of Scans Averaged by the Deck Unit = 1
* NMEA Latitude = 72 28.39 N
* NMEA Longitude = 156 34.31 W
* NMEA UTC (Time) = Aug 22 2024  03:42:43
* NMEA baud rate = 4800
** Ship: R/V Sikuliaq
** Station Number: 079
** Station Name: C9
** Bottom Depth [m]: 956
** Operator: SS
# nquan = 23
# nvalues = 1942                        
# units = specified
# name 0 = latitude: Latitude [deg]
# name 1 = longitude: Longitude [deg]
# name 2 = timeS: Time, Elapsed [seconds]
# name 3 = t090C: Temperature [ITS-90, deg C]
# name 4 = c0S/m: Conductivity [S/m]
# name 5 = sal00: Salinity, Practical [PSU]
# name 6 = prDM: Pressure, Digiquartz [db]
# name 7 = depSM: Depth [salt water, m]
# name 8 = t190C: Temperature, 2 [ITS-90, deg C]
# name 9 = c1S/m: Conductivity, 2 [S/m]
# name 10 = sal11: Salinity, Practical, 2 [PSU]
# name 11 = flECO-AFL: Fluorescence, WET Labs ECO-AFL/FL [mg/m^3]
# name 12 = CStarTr0: Beam Transmission, WET Labs C-Star [%]
# name 13 = par: PAR/Irradiance, Biospherical/Licor
# name 14 = altM: Altimeter [m]
# name 15 = sbeox0ML/L: Oxygen, SBE 43 [ml/l]
# name 16 = sbox0Mm/Kg: Oxygen, SBE 43 [umol/kg]
# name 17 = sbeox1ML/L: Oxygen, SBE 43, 2 [ml/l]
# name 18 = pumps: Pump Status
# name 19 = density00: Density [density, kg/m^3]
# name 20 = density11: Density, 2 [density, kg/m^3]
# name 21 = nbin: number of scans per bin
# name 22 = flag: flag
# span 0 =   72.47350,   72.48199       
# span 1 = -156.57368, -156.57186       
# span 2 =     15.869,   5135.949       
# span 3 =    -1.4339,     2.2288       
# span 4 =   2.338322,   2.992526       
# span 5 =    25.7831,    34.8741       
# span 6 =      2.413,    972.548       
# span 7 =      2.388,    960.316       
# span 8 =    -1.4329,     2.2397       
# span 9 =   2.339897,   2.993046       
# span 10 =    25.7878,    34.8798      
# span 11 =     0.0085,     1.0676      
# span 12 =    87.9662,    96.1524      
# span 13 = 1.0000e-12, 6.3522e+01      
# span 14 =      12.65,     100.00      
# span 15 =     5.9249,     9.5192      
# span 16 =    257.490,    414.831      
# span 17 =     5.8428,     9.3651      
# span 18 =          1,          1      
# span 19 =  1020.5944,  1032.5595      
# span 20 =  1020.5975,  1032.5635      
# span 21 =         16,       2873      
# span 22 = 0.0000e+00, 0.0000e+00      
# interval = decibars: 1                
# start_time = Aug 22 2024 03:44:52 [NMEA time, first data scan]
# bad_flag = -9.990e-29
*END*
[from data line 756]
   72.47509 -156.57354    977.208     0.6889   2.987447    34.8677    759.046    749.883     0.6898   2.987949    34.8733     0.0251    95.9787 1.5403e-06      99.62     6.5327    283.814     6.4328          1  1031.5315  1031.5358         33 0.0000e+00
   72.47510 -156.57353    978.646     0.6876   2.987384    34.8679    759.926    750.750     0.6887   2.987888    34.8732     0.0388    95.9569 1.6472e-06      99.62     6.5364    283.975     6.4303          1  1031.5358  1031.5400         36 0.0000e+00
   72.47510 -156.57352    979.915     0.6879   2.987459    34.8679    760.996    751.806     0.6889   2.987978    34.8735     0.0149    95.9076 1.1050e-06      99.62     6.5413    284.190     6.4369          1  1031.5408  1031.5452         23 0.0000e+00
   72.47510 -156.57352    980.792     0.6880   2.987515    34.8679    762.017    752.812     0.6890   2.988034    34.8735     0.0136    95.9587 1.7835e-06      99.62     6.5440    284.306     6.4345          1  1031.5456  1031.5500         19 0.0000e+00
   72.47510 -156.57352    981.542     0.6876   2.987535    34.8681    763.025    753.807     0.6886   2.988054    34.8737     0.0136    96.0039 4.9832e-07      99.62     6.5331    283.831     6.4294          1  1031.5504  1031.5549         17 0.0000e+00
   72.47510 -156.57352    982.271     0.6857   2.987424    34.8681    764.019    754.787     0.6866   2.987940    34.8738     0.0136    95.8809 1.8825e-06      99.62     6.5226    283.378     6.4321          1  1031.5553  1031.5598         18 0.0000e+00
   72.47510 -156.57352    983.146     0.6836   2.987292    34.8682    765.023    755.777     0.6844   2.987813    34.8741     0.0356    96.0018 7.0595e-07      99.62     6.5115    282.893     6.4325          1  1031.5602  1031.5648         24 0.0000e+00
   72.47510 -156.57352    984.414     0.6827   2.987262    34.8683    766.008    756.747     0.6838   2.987781    34.8738     0.0153    95.9682 1.2102e-06      99.62     6.5069    282.693     6.4295          1  1031.5650  1031.5693         35 0.0000e+00
   72.47510 -156.57352    985.667     0.6822   2.987259    34.8683    766.987    757.713     0.6832   2.987775    34.8738     0.0171    95.9977 6.7771e-07      99.62     6.5143    283.017     6.4291          1  1031.5696  1031.5739         25 0.0000e+00
   72.47510 -156.57352    986.646     0.6814   2.987235    34.8683    767.961    758.674     0.6824   2.987755    34.8739     0.0429    95.9554 1.9253e-06      99.62     6.5291    283.658     6.4339          1  1031.5742  1031.5786         22 0.0000e+00
   72.47510 -156.57352    987.521     0.6812   2.987266    34.8683    768.983    759.681     0.6822   2.987790    34.8740     0.0400    95.9740 1.2707e-06      99.62     6.5374    284.018     6.4389          1  1031.5790  1031.5834         20 0.0000e+00
   72.47510 -156.57352    988.354     0.6808   2.987267    34.8682    769.996    760.680     0.6817   2.987780    34.8739     0.0400    95.9219 8.4714e-07      99.62     6.5455    284.369     6.4377          1  1031.5836  1031.5881         20 0.0000e+00
   72.47510 -156.57352    989.292     0.6799   2.987238    34.8683    771.000    761.670     0.6809   2.987760    34.8739     0.0406    95.9852 1.6943e-06      99.62     6.5448    284.339     6.4407          1  1031.5885  1031.5928         25 0.0000e+00
   72.47510 -156.57352    990.478     0.6776   2.987083    34.8683    771.995    762.651     0.6787   2.987612    34.8739     0.0390    95.9562 1.4119e-06      99.62     6.5396    284.113     6.4377          1  1031.5933  1031.5977         30 0.0000e+00
   72.47512 -156.57352    991.625     0.6752   2.986926    34.8684    772.974    763.616     0.6767   2.987483    34.8739     0.0417    95.9508 6.7771e-07      99.62     6.5489    284.516     6.4309          1  1031.5982  1031.6024         25 0.0000e+00
   72.47512 -156.57352    992.583     0.6742   2.986881    34.8684    773.956    764.585     0.6751   2.987397    34.8740     0.0262    95.9816 8.0680e-07      99.62     6.5511    284.613     6.4356          1  1031.6028  1031.6072         21 0.0000e+00
   72.47512 -156.57352    993.477     0.6733   2.986845    34.8683    774.993    765.608     0.6744   2.987379    34.8740     0.0209    95.9948 8.4714e-07      99.62     6.5403    284.146     6.4378          1  1031.6076  1031.6121         20 0.0000e+00
   72.47512 -156.57352    994.375     0.6703   2.986641    34.8685    776.016    766.617     0.6716   2.987187    34.8741     0.0404    95.9824 1.1050e-06      99.62     6.5288    283.642     6.4402          1  1031.6128  1031.6172         23 0.0000e+00
   72.47512 -156.57350    995.396     0.6692   2.986591    34.8685    776.997    767.584     0.6703   2.987117    34.8740     0.0373    95.9779 2.2808e-06      99.62     6.5176    283.157     6.4400          1  1031.6175  1031.6219         26 0.0000e+00
   72.47512 -156.57350    996.582     0.6684   2.986570    34.8685    777.989    768.562     0.6694   2.987092    34.8741     0.0187    95.9895 1.4606e-06      99.62     6.5132    282.967     6.4357          1  1031.6222  1031.6266         29 0.0000e+00
   72.47512 -156.57350    997.646     0.6673   2.986521    34.8685    779.004    769.562     0.6685   2.987066    34.8742     0.0362    95.9411 1.5403e-06      99.62     6.5160    283.086     6.4435          1  1031.6270  1031.6315         22 0.0000e+00
   72.47512 -156.57350    998.542     0.6673   2.986557    34.8684    779.995    770.540     0.6681   2.987067    34.8741     0.0136    95.9171 1.2102e-06      99.62     6.5127    282.943     6.4446          1  1031.6316  1031.6361         21 0.0000e+00
   72.47512 -156.57350    999.417     0.6644   2.986361    34.8685    781.021    771.551     0.6649   2.986854    34.8743     0.0136    95.9742 1.6136e-06      99.62     6.5247    283.465     6.4414          1  1031.6367  1031.6413         21 0.0000e+00
   72.47512 -156.57350   1000.333     0.6631   2.986293    34.8686    782.024    772.540     0.6644   2.986842    34.8742     0.0136    95.9643 1.1050e-06      99.62     6.5376    284.026     6.4392          1  1031.6416  1031.6459         23 0.0000e+00
   72.47512 -156.57350   1001.417     0.6629   2.986324    34.8686    783.018    773.521     0.6647   2.986906    34.8741     0.0136    95.9734 1.7527e-06      99.62     6.5377    284.030     6.4384          1  1031.6462  1031.6505         29 0.0000e+00
   72.47512 -156.57350   1002.604     0.6624   2.986322    34.8686    783.986    774.475     0.6630   2.986804    34.8742     0.0136    95.9705 1.5128e-06      99.62     6.5498    284.557     6.4427          1  1031.6508  1031.6552         28 0.0000e+00
   72.47512 -156.57350   1003.708     0.6583   2.986018    34.8687    784.985    775.460     0.6595   2.986564    34.8744     0.0335    95.9195 6.7771e-07      99.62     6.5461    284.395     6.4414          1  1031.6559  1031.6603         25 0.0000e+00
   72.47512 -156.57350   1004.667     0.6556   2.985846    34.8688    786.003    776.464     0.6567   2.986382    34.8746     0.0220    95.9282 8.0680e-07      99.62     6.5454    284.364     6.4415          1  1031.6609  1031.6655         21 0.0000e+00
   72.47514 -156.57350   1005.500     0.6540   2.985762    34.8690    786.973    777.421     0.6549   2.986278    34.8747     0.0136    95.9628 1.3376e-06      99.62     6.5484    284.495     6.4440          1  1031.6658  1031.6702         19 0.0000e+00
   72.47514 -156.57350   1006.354     0.6519   2.985626    34.8690    787.993    778.426     0.6528   2.986145    34.8747     0.0149    95.9992 1.9253e-06      99.62     6.5521    284.658     6.4463          1  1031.6707  1031.6752         22 0.0000e+00
   72.47514 -156.57350   1007.292     0.6509   2.985588    34.8691    789.022    779.441     0.6518   2.986127    34.8750     0.0429    96.0107 1.1050e-06      99.62     6.5532    284.706     6.4459          1  1031.6757  1031.6803         23 0.0000e+00
   72.47514 -156.57350   1008.458     0.6507   2.985636    34.8693    790.010    780.415     0.6519   2.986151    34.8746     0.0393    96.0094 1.0268e-06      99.62     6.5505    284.585     6.4439          1  1031.6804  1031.6846         33 0.0000e+00
   72.47514 -156.57348   1009.688     0.6504   2.985639    34.8692    790.957    781.349     0.6515   2.986158    34.8747     0.0406    96.0470 1.3033e-06      99.62     6.5488    284.512     6.4456          1  1031.6848  1031.6891         26 0.0000e+00
   72.47514 -156.57348   1010.708     0.6502   2.985665    34.8692    791.934    782.312     0.6513   2.986179    34.8746     0.0404    96.0368 3.6832e-07      99.62     6.5570    284.867     6.4484          1  1031.6893  1031.6936         23 0.0000e+00
   72.47514 -156.57348   1011.625     0.6499   2.985685    34.8692    792.975    783.338     0.6510   2.986209    34.8747     0.0429    96.0151 4.0340e-07      99.62     6.5545    284.760     6.4464          1  1031.6942  1031.6986         21 0.0000e+00
   72.47514 -156.57348   1012.479     0.6492   2.985665    34.8691    794.006    784.355     0.6502   2.986185    34.8747     0.0165    96.0261 4.2357e-07      99.62     6.5506    284.593     6.4438          1  1031.6990  1031.7034         20 0.0000e+00
   72.47514 -156.57348   1013.354     0.6483   2.985642    34.8692    795.006    785.341     0.6494   2.986168    34.8748     0.0136    95.9755 7.7013e-07      99.62     6.5525    284.675     6.4400          1  1031.7039  1031.7083         22 0.0000e+00
   72.47514 -156.57348   1014.333     0.6480   2.985651    34.8692    795.982    786.303     0.6490   2.986162    34.8746     0.0265    96.0070 1.3554e-06      99.62     6.5487    284.511     6.4443          1  1031.7084  1031.7127         25 0.0000e+00
   72.47514 -156.57348   1015.478     0.6473   2.985632    34.8691    796.995    787.301     0.6483   2.986149    34.8746     0.0251    96.0170 1.2102e-06      99.62     6.5494    284.541     6.4394          1  1031.7132  1031.7175         28 0.0000e+00
   72.47514 -156.57348   1016.646     0.6467   2.985628    34.8692    797.999    788.292     0.6478   2.986147    34.8747     0.0126    96.0207 6.0510e-07      99.62     6.5534    284.714     6.4431          1  1031.7180  1031.7223         28 0.0000e+00
   72.47514 -156.57348   1017.771     0.6465   2.985663    34.8692    799.003    789.282     0.6476   2.986182    34.8747     0.0125    96.0490 6.5165e-07      99.62     6.5525    284.675     6.4463          1  1031.7227  1031.7270         26 0.0000e+00
   72.47515 -156.57347   1018.771     0.6463   2.985686    34.8692    800.019    790.283     0.6472   2.986205    34.8749     0.0283    96.0324 1.1552e-06      99.62     6.5526    284.676     6.4471          1  1031.7275  1031.7319         22 0.0000e+00
   72.47516 -156.57346   1019.625     0.6458   2.985694    34.8692    801.011    791.261     0.6469   2.986215    34.8748     0.0306    96.0273 2.6752e-06      99.62     6.5556    284.808     6.4424          1  1031.7321  1031.7365         19 0.0000e+00
   72.47516 -156.57346   1020.438     0.6453   2.985694    34.8693    802.006    792.243     0.6464   2.986212    34.8748     0.0121    96.0105 2.1179e-06      99.62     6.5552    284.789     6.4440          1  1031.7368  1031.7412         20 0.0000e+00
   72.47516 -156.57346   1021.313     0.6448   2.985690    34.8692    802.997    793.220     0.6458   2.986212    34.8749     0.0123    95.9968 1.1552e-06      99.62     6.5497    284.550     6.4414          1  1031.7415  1031.7458         22 0.0000e+00
   72.47516 -156.57346   1022.417     0.6438   2.985651    34.8693    803.992    794.200     0.6448   2.986165    34.8748     0.0363    96.0451 1.0931e-06      99.62     6.5475    284.455     6.4455          1  1031.7462  1031.7506         31 0.0000e+00
   72.47516 -156.57346   1023.707     0.6435   2.985680    34.8694    804.999    795.193     0.6446   2.986191    34.8748     0.0126    96.0300 8.7635e-07      99.62     6.5531    284.700     6.4398          1  1031.7510  1031.7552         29 0.0000e+00
   72.47516 -156.57346   1024.813     0.6435   2.985721    34.8693    805.991    796.171     0.6446   2.986240    34.8749     0.0148    96.0169 1.0589e-06      99.62     6.5532    284.705     6.4499          1  1031.7556  1031.7600         24 0.0000e+00
   72.47516 -156.57346   1025.750     0.6436   2.985778    34.8694    806.997    797.163     0.6446   2.986282    34.8748     0.0415    96.0027 8.0680e-07      99.62     6.5509    284.606     6.4457          1  1031.7604  1031.7646         21 0.0000e+00
   72.47516 -156.57346   1026.604     0.6424   2.985713    34.8693    808.016    798.167     0.6435   2.986237    34.8749     0.0195    95.9766 8.4714e-07      99.62     6.5485    284.500     6.4487          1  1031.7651  1031.7695         20 0.0000e+00
   72.47516 -156.57346   1027.438     0.6411   2.985651    34.8694    809.029    799.167     0.6423   2.986185    34.8749     0.0136    95.9987 8.4714e-07      99.62     6.5508    284.600     6.4501          1  1031.7700  1031.7744         20 0.0000e+00
   72.47516 -156.57346   1028.396     0.6401   2.985618    34.8696    810.044    800.167     0.6412   2.986130    34.8749     0.0237    96.0139 9.7747e-07      99.62     6.5522    284.658     6.4429          1  1031.7750  1031.7792         26 0.0000e+00
   72.47516 -156.57345   1029.625     0.6395   2.985607    34.8695    811.025    801.134     0.6406   2.986121    34.8749     0.0269    96.0268 7.7013e-07      99.62     6.5522    284.659     6.4323          1  1031.7795  1031.7838         33 0.0000e+00
   72.47516 -156.57344   1030.833     0.6386   2.985574    34.8695    811.981    802.076     0.6396   2.986089    34.8751     0.0124    96.0446 1.0166e-06      99.62     6.5529    284.689     6.4418          1  1031.7842  1031.7885         25 0.0000e+00
   72.47516 -156.57344   1031.792     0.6372   2.985493    34.8696    812.964    803.046     0.6387   2.986054    34.8750     0.0262    95.9543 1.6136e-06      99.62     6.5564    284.843     6.4506          1  1031.7888  1031.7931         21 0.0000e+00
   72.47516 -156.57344   1032.646     0.6366   2.985493    34.8695    813.992    804.059     0.6376   2.986017    34.8752     0.0414    95.9818 4.2357e-07      99.62     6.5548    284.773     6.4511          1  1031.7937  1031.7981         20 0.0000e+00
   72.47518 -156.57344   1033.479     0.6360   2.985479    34.8694    815.042    805.094     0.6371   2.986018    34.8753     0.0400    96.0078 8.4714e-07      99.62     6.5531    284.700     6.4523          1  1031.7986  1031.8031         20 0.0000e+00
   72.47518 -156.57344   1034.438     0.6335   2.985328    34.8697    816.071    806.109     0.6346   2.985850    34.8752     0.0373    96.0240 1.3033e-06      99.62     6.5500    284.566     6.4408          1  1031.8038  1031.8081         26 0.0000e+00
   72.47518 -156.57344   1035.646     0.6318   2.985222    34.8697    816.997    807.022     0.6327   2.985730    34.8752     0.0145    96.0414 1.0589e-06      99.62     6.5534    284.710     6.4427          1  1031.8082  1031.8126         32 0.0000e+00
   72.47518 -156.57344   1036.813     0.6309   2.985179    34.8697    817.978    807.989     0.6320   2.985702    34.8752     0.0136    96.0354 7.0595e-07      99.62     6.5532    284.705     6.4420          1  1031.8129  1031.8172         24 0.0000e+00
   72.47518 -156.57344   1037.771     0.6283   2.985014    34.8697    818.996    808.993     0.6294   2.985539    34.8754     0.0389    96.0312 1.5403e-06      99.62     6.5577    284.900     6.4390          1  1031.8179  1031.8223         22 0.0000e+00
   72.47518 -156.57344   1038.646     0.6280   2.985040    34.8699    820.012    809.994     0.6292   2.985561    34.8753     0.0414    96.0300 1.2707e-06      99.62     6.5483    284.491     6.4423          1  1031.8227  1031.8270         20 0.0000e+00
