test_casts/tn-422_ctd_07_1db.cnv
* Sea-Bird SBE 9 Data File:
* FileName = C:\data\TN422\TN-422_CTD_07.hex
* Software Version Seasave V 7.26.7.107
* Temperature SN = 2195
* Conductivity SN = 2903
* Number of Bytes Per Scan = 41
* Number of Voltage Words = 4
* Number of Scans Averaged by the Deck Unit = 1
* NMEA Latitude = 44 31.42 N
* NMEA Longitude = 125 22.54 W
* NMEA UTC (Time) = Sep 11 2023  19:35:36
* NMEA baud rate = 4800
** Cruise: TN-422_CTD_007
** Cast: CTD_03_RS03AXPD
** Location: Slope Base DP
** Date: Sep 11, 2023
** Water Depth: 2905
** Operator: JN
** 500 m SE of DP
# nquan = 23
# nvalues = 5856                        
# units = specified
# name 0 = latitude: Latitude [deg]
# name 1 = longitude: Longitude [deg]
# name 2 = t090C: Temperature [ITS-90, deg C]
# name 3 = c0S/m: Conductivity [S/m]
# name 4 = sal00: Salinity, Practical [PSU]
# name 5 = prDM: Pressure, Digiquartz [db]
# name 6 = depSM: Depth [salt water, m]
# name 7 = t190C: Temperature, 2 [ITS-90, deg C]
# name 8 = c1S/m: Conductivity, 2 [S/m]
# name 9 = sal11: Salinity, Practical, 2 [PSU]
# name 10 = ph: pH
# name 11 = sbeox0ML/L: Oxygen, SBE 43 [ml/l]
# name 12 = sbox0Mm/Kg: Oxygen, SBE 43 [umol/kg]
# name 13 = sbeox1ML/L: Oxygen, SBE 43, 2 [ml/l]
# name 14 = flECO-AFL: Fluorescence, WET Labs ECO-AFL/FL [mg/m^3]
# name 15 = CStarTr0: Beam Transmission, WET Labs C-Star [%]
# name 16 = altM: Altimeter [m]
# name 17 = par: PAR/Irradiance, Biospherical/Licor
# name 18 = pumps: Pump Status
# name 19 = density00: Density [density, kg/m^3]
# name 20 = density11: Density, 2 [density, kg/m^3]
# name 21 = nbin: number of scans per bin
# name 22 = flag: flag
# span 0 =   44.52358,   44.52370       
# span 1 = -125.37590, -125.37564       
# span 2 =     1.7093,    18.9703       
# span 3 =   3.122546,   4.333026       
# span 4 =    32.0511,    34.6431       
# span 5 =      2.348,   2934.728       
# span 6 =      2.330,   2890.890       
# span 7 =     1.7125,    18.9847       
# span 8 =   3.122578,   4.348381       
# span 9 =    32.1071,    34.6398       
# span 10 =     -2.974,     -2.379      
# span 11 =     0.2226,     6.5873      
# span 12 =      9.677,    287.151      
# span 13 =     0.2046,     6.5740      
# span 14 =    -0.0832,     2.3912      
# span 15 =    94.1285,    99.9534      
# span 16 =      10.01,      99.92      
# span 17 = 1.0000e-12, 1.0000e-12      
# span 18 =          1,          1      
# span 19 =  1022.7867,  1041.1250      
# span 20 =  1022.8707,  1041.1221      
# span 21 =         13,       3440      
# span 22 = 0.0000e+00, 0.0000e+00      
# interval = decibars: 1                
# start_time = Sep 11 2023 19:35:37 [System UTC, first data scan.]
# bad_flag = -9.990e-29
*END*
[from data line 4662]
   44.52360 -125.37586     3.1213   3.186107    34.4703   1194.978   1181.933     3.1229   3.186047    34.4679     -2.917     0.4970     21.603     0.4804    -0.0172    99.5729      99.90 1.0000e-12          1  1032.9754  1032.9733         16 0.0000e+00
   44.52360 -125.37586     3.1255   3.186388    34.4697   1194.016   1180.985     3.1272   3.186350    34.4674     -2.917     0.4978     21.636     0.4767    -0.0177    99.5656      99.90 1.0000e-12          1  1032.9701  1032.9681         15 0.0000e+00
   44.52360 -125.37586     3.1269   3.186446    34.4694   1192.951   1179.934     3.1279   3.186393    34.4677     -2.915     0.4976     21.631     0.4773    -0.0185    99.5653      99.90 1.0000e-12          1  1032.9648  1032.9634         25 0.0000e+00
   44.52360 -125.37586     3.1249   3.186268    34.4698   1192.096   1179.092     3.1265   3.186249    34.4679     -2.917     0.4927     21.416     0.4760    -0.0170    99.5685      99.90 1.0000e-12          1  1032.9615  1032.9598         49 0.0000e+00
   44.52360 -125.37586     3.1251   3.186248    34.4699   1191.027   1178.037     3.1286   3.186361    34.4676     -2.918     0.4895     21.278     0.4704    -0.0134    99.5680      99.90 1.0000e-12          1  1032.9566  1032.9544         22 0.0000e+00
   44.52360 -125.37586     3.1304   3.186625    34.4694   1189.956   1176.981     3.1319   3.186582    34.4674     -2.917     0.4895     21.279     0.4699    -0.0206    99.5614      99.90 1.0000e-12          1  1032.9507  1032.9489         19 0.0000e+00
   44.52360 -125.37586     3.1368   3.187062    34.4684   1188.978   1176.016     3.1398   3.187133    34.4661     -2.916     0.4923     21.400     0.4689    -0.0310    99.5729      99.90 1.0000e-12          1  1032.9447  1032.9425         17 0.0000e+00
   44.52360 -125.37586     3.1389   3.187187    34.4682   1187.984   1175.036     3.1410   3.187191    34.4661     -2.915     0.4877     21.197     0.4699    -0.0327    99.5753      99.90 1.0000e-12          1  1032.9397  1032.9378         23 0.0000e+00
   44.52360 -125.37586     3.1396   3.187199    34.4681   1186.969   1174.034     3.1415   3.187205    34.4662     -2.915     0.4848     21.071     0.4699    -0.0138    99.5638      99.90 1.0000e-12          1  1032.9349  1032.9332         30 0.0000e+00
   44.52360 -125.37586     3.1400   3.187195    34.4682   1186.026   1173.105     3.1420   3.187214    34.4663     -2.916     0.4851     21.086     0.4675    -0.0152    99.5767      99.90 1.0000e-12          1  1032.9306  1032.9289         29 0.0000e+00
   44.52360 -125.37586     3.1396   3.187117    34.4682   1184.961   1172.054     3.1415   3.187117    34.4662     -2.917     0.4838     21.027     0.4611    -0.0251    99.5470      99.90 1.0000e-12          1  1032.9258  1032.9241         21 0.0000e+00
   44.52360 -125.37586     3.1408   3.187173    34.4681   1183.963   1171.070     3.1430   3.187186    34.4660     -2.918     0.4818     20.940     0.4629    -0.0288    99.5729      99.90 1.0000e-12          1  1032.9210  1032.9191         17 0.0000e+00
   44.52360 -125.37586     3.1417   3.187201    34.4680   1182.975   1170.095     3.1436   3.187193    34.4660     -2.917     0.4806     20.890     0.4634    -0.0267    99.5743      99.90 1.0000e-12          1  1032.9163  1032.9145         19 0.0000e+00
   44.52360 -125.37586     3.1436   3.187322    34.4679   1181.974   1169.108     3.1453   3.187304    34.4659     -2.918     0.4805     20.885     0.4632    -0.0195    99.5755      99.90 1.0000e-12          1  1032.9115  1032.9097         21 0.0000e+00
   44.52360 -125.37586     3.1454   3.187419    34.4677   1180.974   1168.121     3.1473   3.187422    34.4658     -2.917     0.4816     20.934     0.4625    -0.0297    99.5702      99.90 1.0000e-12          1  1032.9065  1032.9048         30 0.0000e+00
   44.52360 -125.37586     3.1465   3.187450    34.4675   1179.998   1167.159     3.1484   3.187461    34.4656     -2.915     0.4814     20.925     0.4630    -0.0223    99.5785      99.90 1.0000e-12          1  1032.9018  1032.9001         29 0.0000e+00
   44.52360 -125.37586     3.1471   3.187459    34.4675   1179.020   1166.194     3.1488   3.187447    34.4654     -2.914     0.4800     20.866     0.4607    -0.0282    99.5623      99.90 1.0000e-12          1  1032.8972  1032.8954         23 0.0000e+00
   44.52360 -125.37586     3.1499   3.187646    34.4672   1178.024   1165.212     3.1520   3.187662    34.4652     -2.913     0.4781     20.782     0.4607    -0.0216    99.5718      99.90 1.0000e-12          1  1032.8922  1032.8902         24 0.0000e+00
   44.52360 -125.37586     3.1528   3.187828    34.4669   1177.016   1164.218     3.1549   3.187838    34.4648     -2.914     0.4781     20.780     0.4608    -0.0180    99.5865      99.90 1.0000e-12          1  1032.8869  1032.8850         22 0.0000e+00
   44.52360 -125.37586     3.1554   3.187992    34.4666   1176.018   1163.233     3.1571   3.187971    34.4646     -2.914     0.4761     20.696     0.4602    -0.0243    99.5797      99.90 1.0000e-12          1  1032.8818  1032.8800         24 0.0000e+00
   44.52360 -125.37586     3.1577   3.188141    34.4665   1175.000   1162.229     3.1595   3.188127    34.4644     -2.912     0.4758     20.680     0.4587    -0.0283    99.5687      99.90 1.0000e-12          1  1032.8768  1032.8749         26 0.0000e+00
   44.52360 -125.37586     3.1600   3.188257    34.4660   1174.010   1161.253     3.1614   3.188237    34.4642     -2.914     0.4754     20.666     0.4567    -0.0287    99.5751      99.90 1.0000e-12          1  1032.8716  1032.8700         25 0.0000e+00
   44.52360 -125.37586     3.1605   3.188267    34.4661   1173.014   1160.270     3.1629   3.188310    34.4640     -2.914     0.4756     20.672     0.4556    -0.0194    99.5752      99.90 1.0000e-12          1  1032.8671  1032.8651         24 0.0000e+00
   44.52360 -125.37586     3.1656   3.188648    34.4658   1171.994   1159.264     3.1683   3.188684    34.4634     -2.914     0.4759     20.684     0.4542    -0.0264    99.5778      99.90 1.0000e-12          1  1032.8616  1032.8593         22 0.0000e+00
   44.52360 -125.37586     3.1702   3.188971    34.4654   1171.008   1158.292     3.1724   3.188978    34.4631     -2.916     0.4718     20.509     0.4537    -0.0289    99.5794      99.90 1.0000e-12          1  1032.8561  1032.8541         21 0.0000e+00
   44.52360 -125.37586     3.1728   3.189130    34.4650   1170.004   1157.301     3.1749   3.189145    34.4629     -2.916     0.4719     20.511     0.4531    -0.0280    99.5808      99.90 1.0000e-12          1  1032.8509  1032.8491         24 0.0000e+00
   44.52360 -125.37586     3.1753   3.189288    34.4647   1169.013   1156.323     3.1773   3.189285    34.4627     -2.912     0.4733     20.571     0.4538    -0.0337    99.5791      99.90 1.0000e-12          1  1032.8459  1032.8441         22 0.0000e+00
   44.52360 -125.37586     3.1765   3.189333    34.4646   1168.017   1155.341     3.1785   3.189342    34.4626     -2.914     0.4716     20.498     0.4509    -0.0307    99.5812      99.90 1.0000e-12          1  1032.8411  1032.8393         23 0.0000e+00
   44.52360 -125.37586     3.1772   3.189345    34.4646   1166.986   1154.325     3.1792   3.189354    34.4625     -2.915     0.4688     20.376     0.4505    -0.0214    99.5791      99.90 1.0000e-12          1  1032.8363  1032.8345         22 0.0000e+00
   44.52360 -125.37586     3.1789   3.189449    34.4644   1166.018   1153.369     3.1809   3.189453    34.4624     -2.914     0.4694     20.405     0.4494    -0.0180    99.5741      99.90 1.0000e-12          1  1032.8316  1032.8297         22 0.0000e+00
   44.52360 -125.37586     3.1811   3.189579    34.4642   1164.984   1152.349     3.1836   3.189633    34.4622     -2.914     0.4675     20.319     0.4479    -0.0180    99.5691      99.90 1.0000e-12          1  1032.8264  1032.8245         29 0.0000e+00
   44.52360 -125.37586     3.1841   3.189763    34.4638   1164.022   1151.401     3.1866   3.189818    34.4617     -2.914     0.4643     20.181     0.4476    -0.0257    99.5773      99.90 1.0000e-12          1  1032.8213  1032.8194         31 0.0000e+00
   44.52360 -125.37586     3.1853   3.189825    34.4637   1163.038   1150.430     3.1879   3.189882    34.4617     -2.914     0.4652     20.222     0.4474    -0.0187    99.5738      99.90 1.0000e-12          1  1032.8166  1032.8147         29 0.0000e+00
   44.52360 -125.37586     3.1867   3.189897    34.4636   1162.029   1149.434     3.1891   3.189939    34.4616     -2.914     0.4648     20.204     0.4457    -0.0170    99.5922      99.90 1.0000e-12          1  1032.8117  1032.8098         24 0.0000e+00
   44.52360 -125.37586     3.1904   3.190150    34.4633   1161.008   1148.427     3.1928   3.190168    34.4610     -2.915     0.4632     20.133     0.4440    -0.0181    99.5781      99.90 1.0000e-12          1  1032.8064  1032.8043         21 0.0000e+00
   44.52360 -125.37586     3.1932   3.190326    34.4630   1159.988   1147.422     3.1952   3.190322    34.4609     -2.915     0.4624     20.102     0.4445    -0.0182    99.5743      99.90 1.0000e-12          1  1032.8011  1032.7992         19 0.0000e+00
   44.52360 -125.37586     3.1976   3.190641    34.4627   1158.984   1146.430     3.1995   3.190632    34.4605     -2.917     0.4610     20.037     0.4423    -0.0175    99.5729      99.90 1.0000e-12          1  1032.7958  1032.7939         18 0.0000e+00
   44.52360 -125.37586     3.2028   3.191014    34.4622   1158.001   1145.461     3.2047   3.191009    34.4600     -2.916     0.4615     20.062     0.4411    -0.0176    99.5713      99.90 1.0000e-12          1  1032.7902  1032.7883         17 0.0000e+00
   44.52360 -125.37586     3.2072   3.191334    34.4619   1157.021   1144.495     3.2098   3.191369    34.4595     -2.911     0.4614     20.057     0.4417    -0.0175    99.5686      99.90 1.0000e-12          1  1032.7850  1032.7828         19 0.0000e+00
   44.52360 -125.37586     3.2120   3.191656    34.4612   1156.036   1143.522     3.2142   3.191689    34.4592     -2.914     0.4607     20.024     0.4416    -0.0244    99.5797      99.90 1.0000e-12          1  1032.7794  1032.7775         20 0.0000e+00
   44.52360 -125.37584     3.2179   3.192092    34.4607   1154.988   1142.489     3.2206   3.192146    34.4585     -2.913     0.4599     19.993     0.4410    -0.0132    99.5696      99.90 1.0000e-12          1  1032.7734  1032.7714         33 0.0000e+00
   44.52360 -125.37585     3.2106   3.191483    34.4616   1154.073   1141.586     3.2126   3.191532    34.4600     -2.912     0.4578     19.899     0.4385    -0.0278    99.5782      99.90 1.0000e-12          1  1032.7709  1032.7694         41 0.0000e+00
   44.52360 -125.37586     3.2213   3.192265    34.4602   1153.030   1140.557     3.2234   3.192279    34.4581     -2.914     0.4527     19.678     0.4353    -0.0346    99.5729      99.90 1.0000e-12          1  1032.7637  1032.7618         23 0.0000e+00
   44.52360 -125.37586     3.2296   3.192959    34.4603   1152.011   1139.553     3.2330   3.192992    34.4571     -2.913     0.4505     19.581     0.4343    -0.0186    99.5872      99.90 1.0000e-12          1  1032.7582  1032.7552         19 0.0000e+00
   44.52360 -125.37586     3.2443   3.193991    34.4577   1150.989   1138.544     3.2461   3.193957    34.4554     -2.914     0.4548     19.769     0.4362    -0.0163    99.5972      99.90 1.0000e-12          1  1032.7496  1032.7476         19 0.0000e+00
   44.52360 -125.37586     3.2470   3.194174    34.4576   1149.977   1137.545     3.2484   3.194131    34.4557     -2.913     0.4548     19.768     0.4345    -0.0182    99.6001      99.90 1.0000e-12          1  1032.7445  1032.7429         20 0.0000e+00
   44.52360 -125.37586     3.2480   3.194218    34.4576   1148.984   1136.566     3.2507   3.194282    34.4555     -2.908     0.4484     19.490     0.4297    -0.0157    99.6020      99.90 1.0000e-12          1  1032.7399  1032.7379         28 0.0000e+00
   44.52360 -125.37586     3.2496   3.194310    34.4575   1148.010   1135.605     3.2527   3.194408    34.4554     -2.912     0.4462     19.394     0.4243    -0.0275    99.6037      99.90 1.0000e-12          1  1032.7352  1032.7332         30 0.0000e+00
   44.52360 -125.37586     3.2519   3.194474    34.4576   1147.002   1134.611     3.2554   3.194578    34.4551     -2.913     0.4381     19.042     0.4198    -0.0205    99.6117      99.90 1.0000e-12          1  1032.7304  1032.7280         21 0.0000e+00
   44.52360 -125.37586     3.2607   3.195115    34.4565   1146.001   1133.624     3.2629   3.195120    34.4543     -2.910     0.4354     18.927     0.4162    -0.0253    99.6036      99.90 1.0000e-12          1  1032.7239  1032.7218         23 0.0000e+00
   44.52360 -125.37586     3.2703   3.195832    34.4555   1144.975   1132.611     3.2727   3.195832    34.4530     -2.909     0.4363     18.963     0.4161    -0.0185    99.6123      99.90 1.0000e-12          1  1032.7172  1032.7149         20 0.0000e+00
   44.52360 -125.37586     3.2762   3.196250    34.4548   1143.999   1131.649     3.2782   3.196219    34.4524     -2.911     0.4349     18.903     0.4172    -0.0152    99.6096      99.90 1.0000e-12          1  1032.7115  1032.7093         20 0.0000e+00
   44.52360 -125.37586     3.2825   3.196687    34.4539   1142.991   1130.654     3.2837   3.196627    34.4520     -2.909     0.4336     18.846     0.4163    -0.0216    99.6078      99.90 1.0000e-12          1  1032.7054  1032.7037         21 0.0000e+00
   44.52360 -125.37586     3.2841   3.196770    34.4538   1141.985   1129.662     3.2861   3.196774    34.4518     -2.910     0.4300     18.692     0.4159    -0.0261    99.5975      99.90 1.0000e-12          1  1032.7005  1032.6986         21 0.0000e+00
   44.52360 -125.37586     3.2853   3.196829    34.4537   1140.990   1128.679     3.2874   3.196860    34.4518     -2.910     0.4301     18.696     0.4130    -0.0170    99.6055      99.90 1.0000e-12          1  1032.6957  1032.6940         25 0.0000e+00
   44.52360 -125.37586     3.2870   3.196940    34.4538   1139.978   1127.682     3.2893   3.196973    34.4518     -2.911     0.4257     18.506     0.4046    -0.0176    99.6010      99.90 1.0000e-12          1  1032.6910  1032.6891         31 0.0000e+00
   44.52360 -125.37586     3.2890   3.197053    34.4536   1138.994   1126.711     3.2907   3.197047    34.4517     -2.911     0.4234     18.405     0.4045    -0.0138    99.6107      99.90 1.0000e-12          1  1032.6861  1032.6843         28 0.0000e+00
   44.52360 -125.37586     3.2904   3.197128    34.4535   1138.014   1125.744     3.2928   3.197165    34.4514     -2.912     0.4221     18.346     0.4045    -0.0175    99.5971      99.90 1.0000e-12          1  1032.6814  1032.6794         27 0.0000e+00
   44.52360 -125.37586     3.2915   3.197180    34.4534   1136.994   1124.738     3.2942   3.197218    34.4511     -2.910     0.4224     18.358     0.4047    -0.0268    99.6148      99.90 1.0000e-12          1  1032.6765  1032.6744         24 0.0000e+00
   44.52360 -125.37586     3.2934   3.197270    34.4531   1135.976   1123.734     3.2954   3.197277    34.4511     -2.911     0.4191     18.220     0.4017    -0.0188    99.5990      99.90 1.0000e-12          1  1032.6714  1032.6695         24 0.0000e+00
   44.52360 -125.37586     3.2935   3.197252    34.4532   1134.979   1122.750     3.2956   3.197260    34.4511     -2.909     0.4213     18.312     0.4029    -0.0265    99.5910      99.90 1.0000e-12          1  1032.6669  1032.6650         24 0.0000e+00
   44.52360 -125.37586     3.2937   3.197224    34.4532   1134.021   1121.805     3.2957   3.197235    34.4512     -2.909     0.4205     18.280     0.4025    -0.0174    99.6124      99.90 1.0000e-12          1  1032.6625  1032.6607         22 0.0000e+00
