test_casts/tn-422_ctd_07_1db.cnv
* Sea-Bird SBE 9 Data File:
* FileName = C:\data\TN422\TN-422_CTD_07.hex
* Software Version Seasave V 7.26.7.107
* Temperature SN = 2195
* Conductivity SN = 2903
* Number of Bytes Per Scan = 41
* Number of Voltage Words = 4
* Number of Scans Averaged by the Deck Unit = 1
* NMEA Latitude = 44 31.42 N
* NMEA Longitude = 125 22.54 W
* NMEA UTC (Time) = Sep 11 2023  19:35:36
* NMEA baud rate = 4800
** Cruise: TN-422_CTD_007
** Cast: CTD_03_RS03AXPD
** Location: Slope Base DP
** Date: Sep 11, 2023
** Water Depth: 2905
** Operator: JN
** 500 m SE of DP
# nquan = 23
# nvalues = 5856                        
# units = specified
# name 0 = latitude: Latitude [deg]
# name 1 = longitude: Longitude [deg]
# name 2 = t090C: Temperature [ITS-90, deg C]
# name 3 = c0S/m: Conductivity [S/m]
# name 4 = sal00: Salinity, Practical [PSU]
# name 5 = prDM: Pressure, Digiquartz [db]
# name 6 = depSM: Depth [salt water, m]
# name 7 = t190C: Temperature, 2 [ITS-90, deg C]
# name 8 = c1S/m: Conductivity, 2 [S/m]
# name 9 = sal11: Salinity, Practical, 2 [PSU]
# name 10 = ph: pH
# name 11 = sbeox0ML/L: Oxygen, SBE 43 [ml/l]
# name 12 = sbox0Mm/Kg: Oxygen, SBE 43 [umol/kg]
# name 13 = sbeox1ML/L: Oxygen, SBE 43, 2 [ml/l]
# name 14 = flECO-AFL: Fluorescence, WET Labs ECO-AFL/FL [mg/m^3]
# name 15 = CStarTr0: Beam Transmission, WET Labs C-Star [%]
# name 16 = altM: Altimeter [m]
# name 17 = par: PAR/Irradiance, Biospherical/Licor
# name 18 = pumps: Pump Status
# name 19 = density00: Density [density, kg/m^3]
# name 20 = density11: Density, 2 [density, kg/m^3]
# name 21 = nbin: number of scans per bin
# name 22 = flag: flag
# span 0 =   44.52358,   44.52370       
# span 1 = -125.37590, -125.37564       
# span 2 =     1.7093,    18.9703       
# span 3 =   3.122546,   4.333026       
# span 4 =    32.0511,    34.6431       
# span 5 =      2.348,   2934.728       
# span 6 =      2.330,   2890.890       
# span 7 =     1.7125,    18.9847       
# span 8 =   3.122578,   4.348381       
# span 9 =    32.1071,    34.6398       
# span 10 =     -2.974,     -2.379      
# span 11 =     0.2226,     6.5873      
# span 12 =      9.677,    287.151      
# span 13 =     0.2046,     6.5740      
# span 14 =    -0.0832,     2.3912      
# span 15 =    94.1285,    99.9534      
# span 16 =      10.01,      99.92      
# span 17 = 1.0000e-12, 1.0000e-12      
# span 18 =          1,          1      
# span 19 =  1022.7867,  1041.1250      
# span 20 =  1022.8707,  1041.1221      
# span 21 =         13,       3440      
# span 22 = 0.0000e+00, 0.0000e+00      
# interval = decibars: 1                
# start_time = Sep 11 2023 19:35:37 [System UTC, first data scan.]
# bad_flag = -9.990e-29
*END*
[from data line 2961]
   44.52368 -125.37568     1.7165   3.145769    34.6428   2895.985   2852.980     1.7194   3.145775    34.6397     -2.966     1.8823     81.795     1.8855    -0.0160    99.2938      47.08 1.0000e-12          1  1040.9539  1040.9510         30 0.0000e+00
   44.52368 -125.37568     1.7164   3.145724    34.6428   2894.994   2852.011     1.7194   3.145723    34.6396     -2.964     1.8781     81.614     1.8775    -0.0173    99.3199      48.03 1.0000e-12          1  1040.9495  1040.9466         26 0.0000e+00
   44.52368 -125.37568     1.7163   3.145680    34.6427   2894.035   2851.072     1.7192   3.145684    34.6397     -2.966     1.8813     81.754     1.8802    -0.0314    99.3273      48.95 1.0000e-12          1  1040.9452  1040.9424         26 0.0000e+00
   44.52367 -125.37569     1.7162   3.145635    34.6429   2893.004   2850.064     1.7192   3.145632    34.6396     -2.965     1.8815     81.762     1.8791    -0.0159    99.3192      49.94 1.0000e-12          1  1040.9407  1040.9378         27 0.0000e+00
   44.52366 -125.37570     1.7161   3.145579    34.6427   2892.013   2849.094     1.7191   3.145576    34.6394     -2.964     1.8780     81.610     1.8808    -0.0127    99.3295      50.86 1.0000e-12          1  1040.9362  1040.9332         22 0.0000e+00
   44.52366 -125.37570     1.7161   3.145542    34.6428   2891.024   2848.126     1.7190   3.145536    34.6395     -2.966     1.8777     81.596     1.8826    -0.0284    99.3201      51.79 1.0000e-12          1  1040.9319  1040.9289         20 0.0000e+00
   44.52368 -125.37570     1.7159   3.145485    34.6427   2889.992   2847.116     1.7189   3.145488    34.6395     -2.967     1.8815     81.761     1.8794    -0.0352    99.3197      52.76 1.0000e-12          1  1040.9273  1040.9243         19 0.0000e+00
   44.52368 -125.37568     1.7158   3.145440    34.6427   2888.992   2846.137     1.7189   3.145440    34.6394     -2.965     1.8808     81.733     1.8788    -0.0261    99.3313      53.79 1.0000e-12          1  1040.9229  1040.9198         18 0.0000e+00
   44.52368 -125.37568     1.7157   3.145399    34.6428   2887.980   2845.148     1.7187   3.145398    34.6396     -2.963     1.8772     81.573     1.8795    -0.0167    99.3378      54.81 1.0000e-12          1  1040.9185  1040.9156         23 0.0000e+00
   44.52368 -125.37568     1.7156   3.145341    34.6427   2886.956   2844.145     1.7185   3.145344    34.6396     -2.965     1.8839     81.866     1.8841    -0.0162    99.3358      55.85 1.0000e-12          1  1040.9139  1040.9111         29 0.0000e+00
   44.52368 -125.37568     1.7155   3.145301    34.6427   2886.008   2843.218     1.7183   3.145300    34.6397     -2.965     1.8832     81.836     1.8805    -0.0141    99.3037      56.89 1.0000e-12          1  1040.9097  1040.9069         31 0.0000e+00
   44.52368 -125.37568     1.7154   3.145259    34.6427   2885.041   2842.271     1.7185   3.145262    34.6395     -2.967     1.8824     81.799     1.8789    -0.0282    99.3318      57.77 1.0000e-12          1  1040.9054  1040.9025         23 0.0000e+00
   44.52368 -125.37568     1.7153   3.145204    34.6426   2884.027   2841.279     1.7184   3.145211    34.6394     -2.963     1.8797     81.683     1.8800    -0.0339    99.3224      58.67 1.0000e-12          1  1040.9009  1040.8979         23 0.0000e+00
   44.52368 -125.37568     1.7152   3.145162    34.6427   2882.986   2840.260     1.7183   3.145163    34.6394     -2.965     1.8863     81.968     1.8843    -0.0129    99.3192      59.65 1.0000e-12          1  1040.8964  1040.8933         21 0.0000e+00
   44.52368 -125.37568     1.7151   3.145113    34.6426   2882.003   2839.298     1.7181   3.145116    34.6394     -2.964     1.8850     81.914     1.8842    -0.0130    99.3283      60.63 1.0000e-12          1  1040.8919  1040.8890         20 0.0000e+00
   44.52368 -125.37568     1.7150   3.145066    34.6426   2881.021   2838.337     1.7180   3.145073    34.6395     -2.966     1.8791     81.658     1.8864    -0.0174    99.3308      61.62 1.0000e-12          1  1040.8876  1040.8847         22 0.0000e+00
   44.52368 -125.37568     1.7149   3.145018    34.6426   2879.994   2837.332     1.7179   3.145023    34.6395     -2.966     1.8830     81.827     1.8811    -0.0304    99.3224      62.60 1.0000e-12          1  1040.8831  1040.8802         23 0.0000e+00
   44.52368 -125.37568     1.7148   3.144978    34.6427   2878.996   2836.355     1.7178   3.144985    34.6397     -2.966     1.8838     81.862     1.8808    -0.0237    99.3283      63.69 1.0000e-12          1  1040.8787  1040.8759         23 0.0000e+00
   44.52368 -125.37568     1.7147   3.144934    34.6428   2877.996   2835.376     1.7176   3.144931    34.6396     -2.965     1.8814     81.756     1.8792    -0.0267    99.3111      64.68 1.0000e-12          1  1040.8743  1040.8715         30 0.0000e+00
   44.52368 -125.37568     1.7146   3.144883    34.6427   2877.020   2834.422     1.7174   3.144889    34.6397     -2.964     1.8825     81.803     1.8835    -0.0121    99.3319      65.62 1.0000e-12          1  1040.8700  1040.8672         30 0.0000e+00
   44.52368 -125.37568     1.7145   3.144834    34.6426   2876.013   2833.436     1.7175   3.144840    34.6396     -2.965     1.8803     81.707     1.8833    -0.0247    99.3366      66.55 1.0000e-12          1  1040.8654  1040.8626         23 0.0000e+00
   44.52368 -125.37568     1.7144   3.144791    34.6427   2875.010   2832.455     1.7174   3.144788    34.6394     -2.968     1.8809     81.734     1.8808    -0.0174    99.3231      67.47 1.0000e-12          1  1040.8610  1040.8581         21 0.0000e+00
   44.52368 -125.37568     1.7143   3.144747    34.6427   2873.993   2831.459     1.7173   3.144746    34.6395     -2.966     1.8823     81.796     1.8823    -0.0179    99.3269      68.44 1.0000e-12          1  1040.8566  1040.8536         19 0.0000e+00
   44.52368 -125.37568     1.7143   3.144705    34.6427   2873.020   2830.507     1.7172   3.144701    34.6395     -2.966     1.8834     81.845     1.8832    -0.0130    99.3365      69.39 1.0000e-12          1  1040.8523  1040.8493         20 0.0000e+00
   44.52368 -125.37568     1.7141   3.144649    34.6427   2871.978   2829.487     1.7170   3.144654    34.6396     -2.965     1.8823     81.795     1.8840    -0.0276    99.3163      70.51 1.0000e-12          1  1040.8477  1040.8449         25 0.0000e+00
   44.52368 -125.37568     1.7140   3.144607    34.6427   2870.994   2828.524     1.7169   3.144607    34.6396     -2.967     1.8822     81.790     1.8800    -0.0181    99.3128      71.62 1.0000e-12          1  1040.8433  1040.8405         42 0.0000e+00
   44.52368 -125.37568     1.7139   3.144559    34.6426   2870.031   2827.582     1.7168   3.144562    34.6396     -2.967     1.8800     81.696     1.8829    -0.0324    99.3105      72.47 1.0000e-12          1  1040.8390  1040.8362         29 0.0000e+00
   44.52367 -125.37568     1.7139   3.144514    34.6426   2869.002   2826.575     1.7169   3.144518    34.6394     -2.965     1.8778     81.599     1.8837    -0.0185    99.3337      73.42 1.0000e-12          1  1040.8344  1040.8315         20 0.0000e+00
   44.52367 -125.37568     1.7137   3.144461    34.6425   2868.009   2825.603     1.7167   3.144461    34.6394     -2.967     1.8830     81.827     1.8810    -0.0285    99.3313      74.22 1.0000e-12          1  1040.8300  1040.8271         18 0.0000e+00
   44.52368 -125.37568     1.7136   3.144415    34.6426   2867.001   2824.617     1.7167   3.144415    34.6393     -2.967     1.8849     81.907     1.8781    -0.0281    99.3177      75.29 1.0000e-12          1  1040.8256  1040.8226         18 0.0000e+00
   44.52368 -125.37568     1.7135   3.144373    34.6426   2865.992   2823.629     1.7165   3.144372    34.6394     -2.965     1.8779     81.606     1.8791    -0.0204    99.3268      76.19 1.0000e-12          1  1040.8212  1040.8182         18 0.0000e+00
   44.52368 -125.37568     1.7134   3.144316    34.6425   2864.984   2822.642     1.7164   3.144325    34.6395     -2.962     1.8806     81.723     1.8825    -0.0147    99.3246      77.32 1.0000e-12          1  1040.8166  1040.8138         22 0.0000e+00
   44.52368 -125.37568     1.7133   3.144275    34.6427   2863.937   2821.618     1.7161   3.144277    34.6396     -2.967     1.8844     81.885     1.8872    -0.0245    99.3209      78.42 1.0000e-12          1  1040.8121  1040.8093         33 0.0000e+00
   44.52368 -125.37568     1.7134   3.144239    34.6425   2863.028   2820.728     1.7161   3.144235    34.6395     -2.966     1.8820     81.783     1.8814    -0.0233    99.3225      79.41 1.0000e-12          1  1040.8080  1040.8052         42 0.0000e+00
   44.52366 -125.37568     1.7132   3.144180    34.6425   2862.040   2819.761     1.7161   3.144178    34.6393     -2.966     1.8870     81.998     1.8878    -0.0212    99.3293      80.31 1.0000e-12          1  1040.8036  1040.8007         26 0.0000e+00
   44.52366 -125.37568     1.7130   3.144127    34.6425   2860.979   2818.723     1.7161   3.144132    34.6393     -2.967     1.8842     81.877     1.8821    -0.0266    99.3174      81.19 1.0000e-12          1  1040.7989  1040.7960         20 0.0000e+00
   44.52367 -125.37568     1.7129   3.144090    34.6426   2860.006   2817.770     1.7159   3.144091    34.6394     -2.967     1.8823     81.797     1.8814    -0.0231    99.2943      82.13 1.0000e-12          1  1040.7946  1040.7917         16 0.0000e+00
   44.52368 -125.37568     1.7128   3.144042    34.6426   2859.041   2816.826     1.7158   3.144038    34.6393     -2.967     1.8810     81.739     1.8810    -0.0204    99.3177      83.00 1.0000e-12          1  1040.7904  1040.7873         18 0.0000e+00
   44.52368 -125.37568     1.7127   3.143988    34.6426   2857.981   2815.788     1.7156   3.143987    34.6394     -2.967     1.8887     82.075     1.8817    -0.0279    99.3140      84.05 1.0000e-12          1  1040.7857  1040.7828         19 0.0000e+00
   44.52368 -125.37568     1.7125   3.143940    34.6426   2856.962   2814.791     1.7155   3.143942    34.6395     -2.967     1.8840     81.869     1.8831    -0.0176    99.3385      85.20 1.0000e-12          1  1040.7812  1040.7784         24 0.0000e+00
   44.52366 -125.37568     1.7124   3.143887    34.6425   2856.002   2813.851     1.7153   3.143892    34.6395     -2.967     1.8811     81.745     1.8834    -0.0134    99.3386      86.13 1.0000e-12          1  1040.7769  1040.7741         29 0.0000e+00
   44.52367 -125.37568     1.7123   3.143842    34.6425   2855.009   2812.879     1.7153   3.143845    34.6393     -2.964     1.8845     81.892     1.8820    -0.0105    99.3398      87.13 1.0000e-12          1  1040.7725  1040.7696         26 0.0000e+00
   44.52368 -125.37568     1.7123   3.143797    34.6424   2854.044   2811.935     1.7152   3.143800    34.6393     -2.968     1.8818     81.774     1.8832    -0.0129    99.3126      88.03 1.0000e-12          1  1040.7682  1040.7653         19 0.0000e+00
   44.52368 -125.37568     1.7121   3.143751    34.6425   2853.013   2810.926     1.7152   3.143760    34.6393     -2.965     1.8847     81.902     1.8871    -0.0256    99.3260      88.98 1.0000e-12          1  1040.7637  1040.7608         24 0.0000e+00
   44.52368 -125.37568     1.7120   3.143701    34.6425   2851.964   2809.899     1.7149   3.143700    34.6394     -2.967     1.8883     82.058     1.8831    -0.0134    99.3340      90.03 1.0000e-12          1  1040.7591  1040.7562         24 0.0000e+00
   44.52368 -125.37568     1.7119   3.143641    34.6424   2850.974   2808.930     1.7147   3.143649    34.6395     -2.966     1.8858     81.946     1.8845    -0.0114    99.3273      91.09 1.0000e-12          1  1040.7546  1040.7519         26 0.0000e+00
   44.52367 -125.37568     1.7117   3.143589    34.6423   2849.999   2807.976     1.7147   3.143597    34.6393     -2.966     1.8848     81.904     1.8841    -0.0173    99.3586      92.02 1.0000e-12          1  1040.7502  1040.7474         26 0.0000e+00
   44.52366 -125.37568     1.7115   3.143532    34.6423   2848.998   2806.996     1.7145   3.143537    34.6392     -2.963     1.8856     81.937     1.8857    -0.0143    99.3887      93.03 1.0000e-12          1  1040.7458  1040.7429         27 0.0000e+00
   44.52366 -125.37568     1.7114   3.143482    34.6423   2847.972   2805.992     1.7143   3.143487    34.6392     -2.968     1.8850     81.912     1.8836    -0.0252    99.4196      94.03 1.0000e-12          1  1040.7412  1040.7385         25 0.0000e+00
   44.52366 -125.37568     1.7113   3.143434    34.6422   2846.996   2805.037     1.7142   3.143432    34.6391     -2.963     1.8883     82.059     1.8840    -0.0284    99.4209      95.02 1.0000e-12          1  1040.7369  1040.7340         22 0.0000e+00
   44.52366 -125.37568     1.7111   3.143359    34.6420   2846.009   2804.071     1.7142   3.143367    34.6388     -2.964     1.8893     82.101     1.8921    -0.0158    99.4517      98.30 1.0000e-12          1  1040.7324  1040.7295         24 0.0000e+00
   44.52366 -125.37568     1.7110   3.143291    34.6418   2844.978   2803.062     1.7139   3.143316    34.6389     -2.965     1.8884     82.059     1.8939    -0.0260    99.5309      98.33 1.0000e-12          1  1040.7277  1040.7250         22 0.0000e+00
   44.52366 -125.37568     1.7110   3.143251    34.6417   2844.018   2802.122     1.7139   3.143256    34.6387     -2.965     1.8936     82.288     1.8939    -0.0283    99.5557      99.91 1.0000e-12          1  1040.7234  1040.7206         19 0.0000e+00
   44.52368 -125.37568     1.7108   3.143210    34.6419   2843.035   2801.160     1.7139   3.143206    34.6385     -2.967     1.8979     82.474     1.8985    -0.0220    99.5766      99.31 1.0000e-12          1  1040.7191  1040.7160         22 0.0000e+00
   44.52368 -125.37568     1.7106   3.143150    34.6418   2841.974   2800.121     1.7136   3.143153    34.6387     -2.967     1.9041     82.744     1.8979    -0.0176    99.5899      99.90 1.0000e-12          1  1040.7144  1040.7115         24 0.0000e+00
   44.52366 -125.37568     1.7106   3.143098    34.6417   2840.950   2799.119     1.7135   3.143106    34.6387     -2.966     1.9077     82.901     1.9062    -0.0246    99.6095      99.90 1.0000e-12          1  1040.7098  1040.7070         26 0.0000e+00
   44.52366 -125.37568     1.7105   3.143050    34.6416   2840.003   2798.192     1.7134   3.143053    34.6386     -2.964     1.9196     83.419     1.9197    -0.0286    99.6178      99.90 1.0000e-12          1  1040.7055  1040.7027         26 0.0000e+00
   44.52366 -125.37568     1.7104   3.143001    34.6416   2839.007   2797.218     1.7134   3.143010    34.6385     -2.966     1.9307     83.899     1.9201    -0.0292    99.6292      99.90 1.0000e-12          1  1040.7011  1040.6982         27 0.0000e+00
   44.52366 -125.37568     1.7103   3.142953    34.6416   2837.980   2796.212     1.7134   3.142958    34.6384     -2.966     1.9239     83.604     1.9270    -0.0270    99.6316      99.90 1.0000e-12          1  1040.6965  1040.6936         25 0.0000e+00
   44.52366 -125.37568     1.7102   3.142909    34.6416   2836.995   2795.248     1.7132   3.142907    34.6384     -2.963     1.9302     83.877     1.9303    -0.0216    99.6232      99.90 1.0000e-12          1  1040.6922  1040.6893         27 0.0000e+00
   44.52366 -125.37568     1.7102   3.142861    34.6415   2836.017   2794.291     1.7131   3.142868    34.6385     -2.965     1.9281     83.785     1.9288    -0.0376    99.6222      99.90 1.0000e-12          1  1040.6877  1040.6849         27 0.0000e+00
   44.52366 -125.37568     1.7103   3.142827    34.6415   2835.022   2793.317     1.7132   3.142830    34.6383     -2.963     1.9311     83.918     1.9301    -0.0407    99.6198      99.90 1.0000e-12          1  1040.6833  1040.6804         22 0.0000e+00
