test_casts/tn-422_ctd_07_1db.cnv
* Sea-Bird SBE 9 Data File:
* FileName = C:\data\TN422\TN-422_CTD_07.hex
* Software Version Seasave V 7.26.7.107
* Temperature SN = 2195
* Conductivity SN = 2903
* Number of Bytes Per Scan = 41
* Number of Voltage Words = 4
* Number of Scans Averaged by the Deck Unit = 1
* NMEA Latitude = 44 31.42 N
* NMEA Longitude = 125 22.54 W
* NMEA UTC (Time) = Sep 11 2023  19:35:36
* NMEA baud rate = 4800
** Cruise: TN-422_CTD_007
** Cast: CTD_03_RS03AXPD
** Location: Slope Base DP
** Date: Sep 11, 2023
** Water Depth: 2905
** Operator: JN
** 500 m SE of DP
# nquan = 23
# nvalues = 5856                        
# units = specified
# name 0 = latitude: Latitude [deg]
# name 1 = longitude: Longitude [deg]
# name 2 = t090C: Temperature [ITS-90, deg C]
# name 3 = c0S/m: Conductivity [S/m]
# name 4 = sal00: Salinity, Practical [PSU]
# name 5 = prDM: Pressure, Digiquartz [db]
# name 6 = depSM: Depth [salt water, m]
# name 7 = t190C: Temperature, 2 [ITS-90, deg C]
# name 8 = c1S/m: Conductivity, 2 [S/m]
# name 9 = sal11: Salinity, Practical, 2 [PSU]
# name 10 = ph: pH
# name 11 = sbeox0ML/L: Oxygen, SBE 43 [ml/l]
# name 12 = sbox0Mm/Kg: Oxygen, SBE 43 [umol/kg]
# name 13 = sbeox1ML/L: Oxygen, SBE 43, 2 [ml/l]
# name 14 = flECO-AFL: Fluorescence, WET Labs ECO-AFL/FL [mg/m^3]
# name 15 = CStarTr0: Beam Transmission, WET Labs C-Star [%]
# name 16 = altM: Altimeter [m]
# name 17 = par: PAR/Irradiance, Biospherical/Licor
# name 18 = pumps: Pump Status
# name 19 = density00: Density [density, kg/m^3]
# name 20 = density11: Density, 2 [density, kg/m^3]
# name 21 = nbin: number of scans per bin
# name 22 = flag: flag
# span 0 =   44.52358,   44.52370       
# span 1 = -125.37590, -125.37564       
# span 2 =     1.7093,    18.9703       
# span 3 =   3.122546,   4.333026       
# span 4 =    32.0511,    34.6431       
# span 5 =      2.348,   2934.728       
# span 6 =      2.330,   2890.890       
# span 7 =     1.7125,    18.9847       
# span 8 =   3.122578,   4.348381       
# span 9 =    32.1071,    34.6398       
# span 10 =     -2.974,     -2.379      
# span 11 =     0.2226,     6.5873      
# span 12 =      9.677,    287.151      
# span 13 =     0.2046,     6.5740      
# span 14 =    -0.0832,     2.3912      
# span 15 =    94.1285,    99.9534      
# span 16 =      10.01,      99.92      
# span 17 = 1.0000e-12, 1.0000e-12      
# span 18 =          1,          1      
# span 19 =  1022.7867,  1041.1250      
# span 20 =  1022.8707,  1041.1221      
# span 21 =         13,       3440      
# span 22 = 0.0000e+00, 0.0000e+00      
# interval = decibars: 1                
# start_time = Sep 11 2023 19:35:37 [System UTC, first data scan.]
# bad_flag = -9.990e-29
*END*
[from data line 2583]
   44.52368 -125.37570     1.7199   3.134121    34.6361   2596.019   2559.246     1.7230   3.134146    34.6331     -2.968     1.9290     83.827     1.9300    -0.0362    99.8541      99.90 1.0000e-12          1  1039.6140  1039.6112         23 0.0000e+00
   44.52368 -125.37570     1.7200   3.134163    34.6361   2597.011   2560.218     1.7230   3.134186    34.6331     -2.967     1.9279     83.777     1.9288    -0.0223    99.8295      99.90 1.0000e-12          1  1039.6184  1039.6156         25 0.0000e+00
   44.52368 -125.37570     1.7198   3.134196    34.6362   2598.001   2561.187     1.7229   3.134213    34.6331     -2.968     1.9271     83.744     1.9311    -0.0395    99.8486      99.90 1.0000e-12          1  1039.6229  1039.6200         28 0.0000e+00
   44.52368 -125.37569     1.7198   3.134238    34.6362   2599.026   2562.192     1.7229   3.134256    34.6332     -2.969     1.9248     83.645     1.9291    -0.0309    99.8330      99.90 1.0000e-12          1  1039.6275  1039.6247         28 0.0000e+00
   44.52368 -125.37568     1.7200   3.134291    34.6362   2600.064   2563.209     1.7230   3.134306    34.6332     -2.967     1.9276     83.765     1.9267    -0.0344    99.8472      99.90 1.0000e-12          1  1039.6321  1039.6293         22 0.0000e+00
   44.52368 -125.37568     1.7200   3.134332    34.6363   2601.036   2564.162     1.7230   3.134346    34.6332     -2.968     1.9253     83.666     1.9287    -0.0292    99.8447      99.90 1.0000e-12          1  1039.6365  1039.6337         20 0.0000e+00
   44.52368 -125.37568     1.7199   3.134364    34.6363   2602.029   2565.135     1.7229   3.134378    34.6333     -2.970     1.9259     83.692     1.9318    -0.0446    99.8460      99.90 1.0000e-12          1  1039.6409  1039.6382         21 0.0000e+00
   44.52368 -125.37568     1.7196   3.134378    34.6363   2603.029   2566.114     1.7227   3.134406    34.6333     -2.968     1.9308     83.903     1.9319    -0.0300    99.8459      99.90 1.0000e-12          1  1039.6454  1039.6427         22 0.0000e+00
   44.52368 -125.37568     1.7192   3.134388    34.6364   2604.023   2567.089     1.7223   3.134407    34.6333     -2.968     1.9237     83.596     1.9319    -0.0362    99.8447      99.90 1.0000e-12          1  1039.6500  1039.6471         26 0.0000e+00
   44.52368 -125.37568     1.7187   3.134381    34.6364   2605.011   2568.057     1.7218   3.134401    34.6333     -2.967     1.9280     83.784     1.9325    -0.0422    99.8557      99.90 1.0000e-12          1  1039.6545  1039.6516         27 0.0000e+00
   44.52368 -125.37568     1.7183   3.134403    34.6365   2605.992   2569.018     1.7214   3.134422    34.6335     -2.969     1.9248     83.644     1.9278    -0.0290    99.8566      99.90 1.0000e-12          1  1039.6590  1039.6562         25 0.0000e+00
   44.52368 -125.37568     1.7174   3.134380    34.6367   2607.000   2570.006     1.7206   3.134402    34.6337     -2.968     1.9306     83.893     1.9343    -0.0354    99.8300      99.90 1.0000e-12          1  1039.6638  1039.6610         24 0.0000e+00
   44.52368 -125.37568     1.7170   3.134377    34.6367   2608.012   2570.997     1.7201   3.134403    34.6337     -2.966     1.9306     83.895     1.9324    -0.0361    99.8566      99.90 1.0000e-12          1  1039.6684  1039.6655         25 0.0000e+00
   44.52368 -125.37568     1.7166   3.134399    34.6369   2608.984   2571.950     1.7197   3.134399    34.6336     -2.968     1.9287     83.814     1.9328    -0.0337    99.8740      99.90 1.0000e-12          1  1039.6730  1039.6699         25 0.0000e+00
   44.52368 -125.37568     1.7166   3.134427    34.6368   2609.972   2572.917     1.7198   3.134453    34.6337     -2.968     1.9312     83.923     1.9347    -0.0329    99.8664      99.90 1.0000e-12          1  1039.6772  1039.6744         25 0.0000e+00
   44.52368 -125.37568     1.7166   3.134481    34.6369   2610.974   2573.900     1.7197   3.134492    34.6338     -2.968     1.9299     83.866     1.9358    -0.0363    99.8485      99.90 1.0000e-12          1  1039.6819  1039.6790         21 0.0000e+00
   44.52368 -125.37568     1.7160   3.134474    34.6371   2612.002   2574.906     1.7191   3.134489    34.6340     -2.969     1.9288     83.816     1.9351    -0.0365    99.8637      99.90 1.0000e-12          1  1039.6866  1039.6838         20 0.0000e+00
   44.52368 -125.37568     1.7155   3.134483    34.6372   2613.008   2575.892     1.7187   3.134498    34.6340     -2.972     1.9315     83.935     1.9339    -0.0342    99.8507      99.90 1.0000e-12          1  1039.6913  1039.6883         18 0.0000e+00
   44.52368 -125.37568     1.7157   3.134518    34.6370   2614.001   2576.866     1.7188   3.134534    34.6339     -2.970     1.9334     84.018     1.9380    -0.0304    99.8632      99.90 1.0000e-12          1  1039.6955  1039.6926         22 0.0000e+00
   44.52368 -125.37568     1.7157   3.134556    34.6370   2615.015   2577.859     1.7188   3.134575    34.6338     -2.967     1.9350     84.085     1.9347    -0.0392    99.8699      99.90 1.0000e-12          1  1039.7000  1039.6971         28 0.0000e+00
   44.52368 -125.37568     1.7157   3.134598    34.6370   2615.925   2578.750     1.7189   3.134616    34.6338     -2.968     1.9327     83.987     1.9378    -0.0311    99.8596      99.90 1.0000e-12          1  1039.7041  1039.7012         29 0.0000e+00
   44.52368 -125.37568     1.7158   3.134644    34.6370   2616.962   2579.766     1.7189   3.134657    34.6339     -2.966     1.9342     84.052     1.9398    -0.0201    99.8655      99.90 1.0000e-12          1  1039.7087  1039.7058         26 0.0000e+00
   44.52368 -125.37568     1.7157   3.134687    34.6372   2617.992   2580.776     1.7188   3.134701    34.6341     -2.971     1.9338     84.034     1.9413    -0.0350    99.8669      99.90 1.0000e-12          1  1039.7134  1039.7106         22 0.0000e+00
   44.52368 -125.37568     1.7159   3.134740    34.6372   2618.992   2581.756     1.7189   3.134753    34.6341     -2.969     1.9331     84.003     1.9400    -0.0387    99.8628      99.90 1.0000e-12          1  1039.7179  1039.7150         21 0.0000e+00
   44.52368 -125.37568     1.7156   3.134752    34.6372   2619.993   2582.737     1.7187   3.134769    34.6340     -2.968     1.9385     84.240     1.9402    -0.0355    99.8671      99.90 1.0000e-12          1  1039.7224  1039.7195         23 0.0000e+00
   44.52368 -125.37568     1.7156   3.134792    34.6372   2620.982   2583.706     1.7187   3.134808    34.6340     -2.970     1.9348     84.079     1.9394    -0.0409    99.8671      99.90 1.0000e-12          1  1039.7268  1039.7239         23 0.0000e+00
   44.52368 -125.37568     1.7156   3.134834    34.6372   2621.985   2584.688     1.7187   3.134850    34.6341     -2.969     1.9327     83.984     1.9394    -0.0433    99.8107      99.90 1.0000e-12          1  1039.7313  1039.7284         24 0.0000e+00
   44.52368 -125.37568     1.7156   3.134869    34.6371   2623.003   2585.686     1.7187   3.134896    34.6342     -2.969     1.9320     83.955     1.9375    -0.0387    99.8570      99.90 1.0000e-12          1  1039.7357  1039.7330         22 0.0000e+00
   44.52368 -125.37568     1.7157   3.134926    34.6373   2624.007   2586.669     1.7189   3.134937    34.6340     -2.969     1.9360     84.128     1.9418    -0.0407    99.8669      99.90 1.0000e-12          1  1039.7403  1039.7374         22 0.0000e+00
   44.52368 -125.37568     1.7155   3.134954    34.6373   2625.007   2587.649     1.7187   3.134958    34.6340     -2.966     1.9403     84.318     1.9391    -0.0387    99.8620      99.90 1.0000e-12          1  1039.7449  1039.7418         25 0.0000e+00
   44.52368 -125.37568     1.7153   3.134966    34.6373   2626.010   2588.632     1.7185   3.134982    34.6340     -2.965     1.9309     83.907     1.9417    -0.0229    99.8561      99.90 1.0000e-12          1  1039.7493  1039.7463         31 0.0000e+00
   44.52368 -125.37568     1.7152   3.135002    34.6373   2626.988   2589.590     1.7184   3.135024    34.6342     -2.967     1.9380     84.215     1.9429    -0.0361    99.8686      99.90 1.0000e-12          1  1039.7537  1039.7509         25 0.0000e+00
   44.52368 -125.37568     1.7151   3.135034    34.6373   2627.976   2590.558     1.7182   3.135049    34.6342     -2.970     1.9387     84.247     1.9409    -0.0495    99.8563      99.90 1.0000e-12          1  1039.7582  1039.7553         21 0.0000e+00
   44.52368 -125.37568     1.7151   3.135072    34.6373   2628.984   2591.545     1.7182   3.135104    34.6344     -2.970     1.9394     84.279     1.9411    -0.0429    99.8461      99.90 1.0000e-12          1  1039.7627  1039.7599         19 0.0000e+00
   44.52368 -125.37568     1.7151   3.135112    34.6373   2630.007   2592.548     1.7181   3.135137    34.6345     -2.970     1.9365     84.152     1.9432    -0.0436    99.8460      99.90 1.0000e-12          1  1039.7672  1039.7646         21 0.0000e+00
   44.52368 -125.37568     1.7149   3.135141    34.6374   2631.058   2593.578     1.7180   3.135155    34.6343     -2.969     1.9355     84.106     1.9415    -0.0257    99.8405      99.90 1.0000e-12          1  1039.7721  1039.7691         26 0.0000e+00
   44.52368 -125.37568     1.7148   3.135174    34.6375   2632.033   2594.533     1.7180   3.135186    34.6342     -2.966     1.9362     84.140     1.9438    -0.0366    99.8397      99.90 1.0000e-12          1  1039.7764  1039.7734         38 0.0000e+00
   44.52368 -125.37568     1.7149   3.135210    34.6374   2632.962   2595.443     1.7179   3.135227    34.6344     -2.969     1.9355     84.107     1.9437    -0.0352    99.8219      99.90 1.0000e-12          1  1039.7805  1039.7777         25 0.0000e+00
   44.52368 -125.37568     1.7149   3.135263    34.6376   2633.966   2596.427     1.7179   3.135275    34.6345     -2.969     1.9374     84.190     1.9405    -0.0394    99.8229      99.90 1.0000e-12          1  1039.7851  1039.7823         20 0.0000e+00
   44.52368 -125.37568     1.7150   3.135312    34.6375   2634.997   2597.437     1.7180   3.135327    34.6345     -2.969     1.9411     84.350     1.9435    -0.0367    99.8311      99.90 1.0000e-12          1  1039.7897  1039.7869         18 0.0000e+00
   44.52368 -125.37568     1.7150   3.135354    34.6375   2636.046   2598.464     1.7182   3.135375    34.6345     -2.971     1.9414     84.366     1.9457    -0.0428    99.8145      99.90 1.0000e-12          1  1039.7943  1039.7915         18 0.0000e+00
   44.52368 -125.37568     1.7150   3.135384    34.6374   2637.038   2599.436     1.7181   3.135407    34.6344     -2.969     1.9357     84.116     1.9441    -0.0293    99.8069      99.90 1.0000e-12          1  1039.7987  1039.7959         18 0.0000e+00
   44.52368 -125.37568     1.7149   3.135414    34.6375   2638.033   2600.411     1.7181   3.135431    34.6344     -2.966     1.9360     84.128     1.9431    -0.0334    99.8290      99.90 1.0000e-12          1  1039.8032  1039.8003         26 0.0000e+00
   44.52368 -125.37568     1.7148   3.135452    34.6376   2638.991   2601.350     1.7181   3.135468    34.6343     -2.966     1.9412     84.357     1.9456    -0.0337    99.8128      99.90 1.0000e-12          1  1039.8075  1039.8045         35 0.0000e+00
   44.52368 -125.37568     1.7150   3.135499    34.6375   2639.962   2602.301     1.7182   3.135523    34.6345     -2.969     1.9399     84.298     1.9466    -0.0308    99.8081      99.90 1.0000e-12          1  1039.8118  1039.8089         26 0.0000e+00
   44.52368 -125.37568     1.7152   3.135553    34.6375   2640.998   2603.315     1.7183   3.135574    34.6345     -2.969     1.9374     84.189     1.9445    -0.0364    99.8311      99.90 1.0000e-12          1  1039.8163  1039.8135         22 0.0000e+00
   44.52368 -125.37568     1.7153   3.135594    34.6374   2641.987   2604.285     1.7183   3.135610    34.6344     -2.969     1.9371     84.176     1.9441    -0.0416    99.8281      99.90 1.0000e-12          1  1039.8207  1039.8179         18 0.0000e+00
   44.52368 -125.37568     1.7149   3.135615    34.6376   2642.978   2605.256     1.7181   3.135636    34.6345     -2.970     1.9435     84.454     1.9423    -0.0565    99.8149      99.90 1.0000e-12          1  1039.8253  1039.8224         21 0.0000e+00
   44.52368 -125.37568     1.7147   3.135629    34.6375   2644.023   2606.280     1.7177   3.135655    34.6346     -2.970     1.9385     84.241     1.9482    -0.0368    99.8140      99.90 1.0000e-12          1  1039.8299  1039.8273         23 0.0000e+00
   44.52368 -125.37568     1.7146   3.135666    34.6376   2645.027   2607.263     1.7177   3.135688    34.6346     -2.966     1.9398     84.297     1.9466    -0.0400    99.8205      99.90 1.0000e-12          1  1039.8345  1039.8317         27 0.0000e+00
   44.52368 -125.37568     1.7141   3.135667    34.6377   2645.972   2608.189     1.7173   3.135686    34.6346     -2.968     1.9388     84.252     1.9451    -0.0309    99.8139      99.90 1.0000e-12          1  1039.8389  1039.8359         30 0.0000e+00
   44.52368 -125.37568     1.7140   3.135700    34.6378   2646.954   2609.151     1.7171   3.135725    34.6348     -2.968     1.9429     84.428     1.9479    -0.0356    99.8217      99.90 1.0000e-12          1  1039.8433  1039.8405         26 0.0000e+00
   44.52368 -125.37568     1.7139   3.135740    34.6379   2647.985   2610.161     1.7170   3.135753    34.6348     -2.970     1.9404     84.323     1.9467    -0.0404    99.8188      99.90 1.0000e-12          1  1039.8480  1039.8451         21 0.0000e+00
   44.52368 -125.37568     1.7140   3.135789    34.6379   2649.004   2611.159     1.7170   3.135802    34.6349     -2.972     1.9434     84.451     1.9456    -0.0395    99.8161      99.90 1.0000e-12          1  1039.8526  1039.8497         19 0.0000e+00
   44.52368 -125.37568     1.7139   3.135820    34.6379   2650.029   2612.164     1.7169   3.135841    34.6349     -2.971     1.9415     84.369     1.9445    -0.0354    99.8161      99.90 1.0000e-12          1  1039.8571  1039.8543         20 0.0000e+00
   44.52368 -125.37568     1.7137   3.135844    34.6379   2651.042   2613.156     1.7168   3.135865    34.6349     -2.967     1.9408     84.339     1.9461    -0.0359    99.8045      99.90 1.0000e-12          1  1039.8616  1039.8589         21 0.0000e+00
   44.52368 -125.37568     1.7136   3.135873    34.6380   2652.038   2614.132     1.7168   3.135889    34.6348     -2.967     1.9428     84.425     1.9492    -0.0336    99.7863      99.90 1.0000e-12          1  1039.8662  1039.8632         27 0.0000e+00
   44.52368 -125.37568     1.7136   3.135909    34.6380   2653.005   2615.079     1.7168   3.135925    34.6348     -2.966     1.9433     84.449     1.9458    -0.0364    99.7922      99.90 1.0000e-12          1  1039.8705  1039.8675         29 0.0000e+00
   44.52368 -125.37568     1.7136   3.135946    34.6379   2653.999   2616.053     1.7168   3.135974    34.6349     -2.968     1.9435     84.457     1.9496    -0.0444    99.7952      99.90 1.0000e-12          1  1039.8748  1039.8720         28 0.0000e+00
   44.52368 -125.37568     1.7136   3.136004    34.6381   2655.023   2617.056     1.7168   3.136007    34.6348     -2.967     1.9437     84.465     1.9528    -0.0375    99.8107      99.90 1.0000e-12          1  1039.8796  1039.8765         24 0.0000e+00
   44.52368 -125.37568     1.7136   3.136036    34.6381   2656.003   2618.016     1.7167   3.136048    34.6349     -2.968     1.9444     84.496     1.9491    -0.0300    99.8113      99.90 1.0000e-12          1  1039.8839  1039.8810         22 0.0000e+00
   44.52368 -125.37568     1.7136   3.136063    34.6380   2657.008   2619.001     1.7166   3.136086    34.6350     -2.971     1.9467     84.596     1.9461    -0.0339    99.8210      99.90 1.0000e-12          1  1039.8883  1039.8855         23 0.0000e+00
