test_casts/tn-422_ctd_07_1db.cnv
* Sea-Bird SBE 9 Data File:
* FileName = C:\data\TN422\TN-422_CTD_07.hex
* Software Version Seasave V 7.26.7.107
* Temperature SN = 2195
* Conductivity SN = 2903
* Number of Bytes Per Scan = 41
* Number of Voltage Words = 4
* Number of Scans Averaged by the Deck Unit = 1
* NMEA Latitude = 44 31.42 N
* NMEA Longitude = 125 22.54 W
* NMEA UTC (Time) = Sep 11 2023  19:35:36
* NMEA baud rate = 4800
** Cruise: TN-422_CTD_007
** Cast: CTD_03_RS03AXPD
** Location: Slope Base DP
** Date: Sep 11, 2023
** Water Depth: 2905
** Operator: JN
** 500 m SE of DP
# nquan = 23
# nvalues = 5856                        
# units = specified
# name 0 = latitude: Latitude [deg]
# name 1 = longitude: Longitude [deg]
# name 2 = t090C: Temperature [ITS-90, deg C]
# name 3 = c0S/m: Conductivity [S/m]
# name 4 = sal00: Salinity, Practical [PSU]
# name 5 = prDM: Pressure, Digiquartz [db]
# name 6 = depSM: Depth [salt water, m]
# name 7 = t190C: Temperature, 2 [ITS-90, deg C]
# name 8 = c1S/m: Conductivity, 2 [S/m]
# name 9 = sal11: Salinity, Practical, 2 [PSU]
# name 10 = ph: pH
# name 11 = sbeox0ML/L: Oxygen, SBE 43 [ml/l]
# name 12 = sbox0Mm/Kg: Oxygen, SBE 43 [umol/kg]
# name 13 = sbeox1ML/L: Oxygen, SBE 43, 2 [ml/l]
# name 14 = flECO-AFL: Fluorescence, WET Labs ECO-AFL/FL [mg/m^3]
# name 15 = CStarTr0: Beam Transmission, WET Labs C-Star [%]
# name 16 = altM: Altimeter [m]
# name 17 = par: PAR/Irradiance, Biospherical/Licor
# name 18 = pumps: Pump Status
# name 19 = density00: Density [density, kg/m^3]
# name 20 = density11: Density, 2 [density, kg/m^3]
# name 21 = nbin: number of scans per bin
# name 22 = flag: flag
# span 0 =   44.52358,   44.52370       
# span 1 = -125.37590, -125.37564       
# span 2 =     1.7093,    18.9703       
# span 3 =   3.122546,   4.333026       
# span 4 =    32.0511,    34.6431       
# span 5 =      2.348,   2934.728       
# span 6 =      2.330,   2890.890       
# span 7 =     1.7125,    18.9847       
# span 8 =   3.122578,   4.348381       
# span 9 =    32.1071,    34.6398       
# span 10 =     -2.974,     -2.379      
# span 11 =     0.2226,     6.5873      
# span 12 =      9.677,    287.151      
# span 13 =     0.2046,     6.5740      
# span 14 =    -0.0832,     2.3912      
# span 15 =    94.1285,    99.9534      
# span 16 =      10.01,      99.92      
# span 17 = 1.0000e-12, 1.0000e-12      
# span 18 =          1,          1      
# span 19 =  1022.7867,  1041.1250      
# span 20 =  1022.8707,  1041.1221      
# span 21 =         13,       3440      
# span 22 = 0.0000e+00, 0.0000e+00      
# interval = decibars: 1                
# start_time = Sep 11 2023 19:35:37 [System UTC, first data scan.]
# bad_flag = -9.990e-29
*END*
[from data line 2016]
   44.52366 -125.37568     1.8809   3.123228    34.6040   2029.028   2002.933     1.8838   3.123273    34.6014     -2.960     1.5071     65.495     1.5019    -0.0380    99.8210      99.90 1.0000e-12          1  1037.0226  1037.0202         31 0.0000e+00
   44.52366 -125.37568     1.8805   3.123239    34.6040   2029.949   2003.838     1.8835   3.123280    34.6014     -2.959     1.5102     65.631     1.5033    -0.0293    99.8162      99.90 1.0000e-12          1  1037.0269  1037.0244         42 0.0000e+00
   44.52366 -125.37568     1.8785   3.123123    34.6043   2031.006   2004.876     1.8812   3.123160    34.6017     -2.960     1.5141     65.799     1.5091    -0.0214    99.8237      99.90 1.0000e-12          1  1037.0321  1037.0298         22 0.0000e+00
   44.52366 -125.37568     1.8775   3.123090    34.6044   2032.024   2005.877     1.8803   3.123131    34.6019     -2.963     1.5151     65.844     1.5088    -0.0222    99.8161      99.90 1.0000e-12          1  1037.0370  1037.0346         20 0.0000e+00
   44.52366 -125.37568     1.8775   3.123125    34.6044   2033.060   2006.894     1.8803   3.123170    34.6019     -2.964     1.5125     65.730     1.5083    -0.0288    99.8287      99.90 1.0000e-12          1  1037.0416  1037.0393         17 0.0000e+00
   44.52366 -125.37568     1.8775   3.123169    34.6044   2034.029   2007.846     1.8803   3.123213    34.6019     -2.963     1.5150     65.837     1.5081    -0.0357    99.8335      99.90 1.0000e-12          1  1037.0459  1037.0436         17 0.0000e+00
   44.52366 -125.37568     1.8775   3.123207    34.6044   2034.991   2008.791     1.8804   3.123250    34.6018     -2.960     1.5146     65.820     1.5132    -0.0294    99.8247      99.90 1.0000e-12          1  1037.0503  1037.0479         19 0.0000e+00
   44.52366 -125.37568     1.8774   3.123242    34.6045   2036.014   2009.796     1.8803   3.123280    34.6018     -2.958     1.5143     65.805     1.5139    -0.0338    99.8356      99.90 1.0000e-12          1  1037.0550  1037.0525         27 0.0000e+00
   44.52366 -125.37568     1.8761   3.123181    34.6046   2036.999   2010.764     1.8790   3.123223    34.6019     -2.961     1.5176     65.951     1.5145    -0.0353    99.8248      99.90 1.0000e-12          1  1037.0597  1037.0572         30 0.0000e+00
   44.52366 -125.37568     1.8757   3.123204    34.6047   2037.988   2011.736     1.8787   3.123243    34.6020     -2.961     1.5140     65.795     1.5173    -0.0363    99.8322      99.90 1.0000e-12          1  1037.0643  1037.0618         24 0.0000e+00
   44.52366 -125.37568     1.8756   3.123227    34.6047   2038.961   2012.691     1.8786   3.123273    34.6021     -2.964     1.5205     66.076     1.5110    -0.0344    99.8212      99.90 1.0000e-12          1  1037.0687  1037.0662         22 0.0000e+00
   44.52366 -125.37568     1.8755   3.123261    34.6047   2039.996   2013.708     1.8784   3.123303    34.6021     -2.964     1.5192     66.020     1.5132    -0.0349    99.8222      99.90 1.0000e-12          1  1037.0734  1037.0710         23 0.0000e+00
   44.52366 -125.37568     1.8754   3.123293    34.6047   2041.037   2014.731     1.8783   3.123342    34.6022     -2.964     1.5176     65.949     1.5143    -0.0301    99.8175      99.90 1.0000e-12          1  1037.0781  1037.0758         22 0.0000e+00
   44.52366 -125.37568     1.8749   3.123288    34.6047   2042.021   2015.698     1.8776   3.123326    34.6022     -2.959     1.5206     66.081     1.5158    -0.0344    99.8360      99.90 1.0000e-12          1  1037.0826  1037.0803         22 0.0000e+00
   44.52366 -125.37568     1.8726   3.123148    34.6050   2043.020   2016.679     1.8754   3.123182    34.6023     -2.963     1.5195     66.032     1.5138    -0.0425    99.8273      99.90 1.0000e-12          1  1037.0876  1037.0852         25 0.0000e+00
   44.52366 -125.37568     1.8713   3.123088    34.6051   2044.032   2017.673     1.8742   3.123128    34.6025     -2.960     1.5192     66.019     1.5139    -0.0316    99.8400      99.90 1.0000e-12          1  1037.0925  1037.0900         29 0.0000e+00
   44.52366 -125.37568     1.8680   3.122886    34.6056   2044.991   2018.616     1.8710   3.122926    34.6030     -2.960     1.5214     66.115     1.5158    -0.0318    99.8439      99.90 1.0000e-12          1  1037.0977  1037.0952         32 0.0000e+00
   44.52366 -125.37568     1.8673   3.122880    34.6058   2045.982   2019.589     1.8703   3.122923    34.6032     -2.964     1.5198     66.047     1.5196    -0.0296    99.8153      99.90 1.0000e-12          1  1037.1023  1037.0999         25 0.0000e+00
   44.52366 -125.37568     1.8667   3.122879    34.6059   2047.000   2020.588     1.8696   3.122926    34.6035     -2.965     1.5234     66.201     1.5188    -0.0333    99.8390      99.90 1.0000e-12          1  1037.1071  1037.1048         19 0.0000e+00
   44.52366 -125.37568     1.8667   3.122925    34.6060   2048.000   2021.571     1.8695   3.122961    34.6034     -2.959     1.5322     66.584     1.5217    -0.0411    99.8387      99.90 1.0000e-12          1  1037.1117  1037.1093         18 0.0000e+00
   44.52366 -125.37568     1.8666   3.122956    34.6060   2049.013   2022.567     1.8694   3.122993    34.6034     -2.965     1.5272     66.370     1.5209    -0.0379    99.8235      99.90 1.0000e-12          1  1037.1162  1037.1139         18 0.0000e+00
   44.52366 -125.37568     1.8662   3.122970    34.6062   2049.996   2023.532     1.8691   3.123019    34.6037     -2.965     1.5329     66.614     1.5149    -0.0263    99.8375      99.90 1.0000e-12          1  1037.1209  1037.1186         19 0.0000e+00
   44.52366 -125.37568     1.8659   3.123003    34.6064   2051.043   2024.560     1.8689   3.123038    34.6036     -2.958     1.5245     66.250     1.5285    -0.0338    99.8316      99.90 1.0000e-12          1  1037.1258  1037.1233         27 0.0000e+00
   44.52366 -125.37568     1.8656   3.123017    34.6063   2052.013   2025.513     1.8686   3.123059    34.6037     -2.960     1.5324     66.594     1.5286    -0.0236    99.8377      99.90 1.0000e-12          1  1037.1302  1037.1277         31 0.0000e+00
   44.52366 -125.37568     1.8655   3.123053    34.6064   2052.984   2026.468     1.8685   3.123092    34.6037     -2.963     1.5359     66.748     1.5317    -0.0274    99.8311      99.90 1.0000e-12          1  1037.1346  1037.1322         26 0.0000e+00
   44.52366 -125.37568     1.8654   3.123077    34.6064   2054.013   2027.478     1.8682   3.123124    34.6039     -2.962     1.5443     67.113     1.5287    -0.0368    99.8423      99.90 1.0000e-12          1  1037.1393  1037.1369         23 0.0000e+00
   44.52366 -125.37568     1.8647   3.123071    34.6065   2055.008   2028.455     1.8677   3.123116    34.6039     -2.965     1.5339     66.657     1.5401    -0.0336    99.8297      99.90 1.0000e-12          1  1037.1439  1037.1415         20 0.0000e+00
   44.52366 -125.37568     1.8646   3.123100    34.6065   2056.032   2029.461     1.8675   3.123152    34.6040     -2.960     1.5379     66.833     1.5339    -0.0267    99.8187      99.90 1.0000e-12          1  1037.1486  1037.1462         22 0.0000e+00
   44.52366 -125.37568     1.8629   3.123015    34.6068   2057.018   2030.429     1.8659   3.123057    34.6041     -2.963     1.5366     66.776     1.5331    -0.0280    99.8299      99.90 1.0000e-12          1  1037.1534  1037.1510         22 0.0000e+00
   44.52366 -125.37568     1.8619   3.122965    34.6068   2057.999   2031.393     1.8647   3.123008    34.6043     -2.961     1.5382     66.844     1.5400    -0.0237    99.8447      99.90 1.0000e-12          1  1037.1580  1037.1557         24 0.0000e+00
   44.52366 -125.37568     1.8597   3.122844    34.6072   2058.989   2032.366     1.8625   3.122882    34.6046     -2.963     1.5337     66.652     1.5422    -0.0293    99.8414      99.90 1.0000e-12          1  1037.1631  1037.1607         25 0.0000e+00
   44.52366 -125.37568     1.8580   3.122768    34.6075   2059.980   2033.340     1.8608   3.122793    34.6048     -2.962     1.5429     67.050     1.5319    -0.0325    99.8326      99.90 1.0000e-12          1  1037.1680  1037.1656         27 0.0000e+00
   44.52366 -125.37568     1.8572   3.122739    34.6075   2060.981   2034.323     1.8600   3.122770    34.6049     -2.961     1.5535     67.511     1.5352    -0.0330    99.8376      99.90 1.0000e-12          1  1037.1727  1037.1702         27 0.0000e+00
   44.52366 -125.37568     1.8568   3.122753    34.6077   2061.981   2035.305     1.8596   3.122788    34.6051     -2.964     1.5427     67.040     1.5390    -0.0327    99.8360      99.90 1.0000e-12          1  1037.1773  1037.1750         22 0.0000e+00
   44.52366 -125.37568     1.8556   3.122701    34.6078   2062.988   2036.294     1.8585   3.122749    34.6053     -2.964     1.5439     67.093     1.5430    -0.0321    99.8311      99.90 1.0000e-12          1  1037.1821  1037.1798         22 0.0000e+00
   44.52366 -125.37568     1.8550   3.122703    34.6079   2064.033   2037.321     1.8580   3.122747    34.6053     -2.964     1.5410     66.970     1.5526    -0.0314    99.8279      99.90 1.0000e-12          1  1037.1870  1037.1846         21 0.0000e+00
   44.52366 -125.37568     1.8548   3.122719    34.6079   2065.040   2038.310     1.8577   3.122758    34.6052     -2.964     1.5479     67.267     1.5509    -0.0342    99.8408      99.90 1.0000e-12          1  1037.1916  1037.1891         21 0.0000e+00
   44.52366 -125.37568     1.8546   3.122740    34.6079   2066.035   2039.287     1.8575   3.122782    34.6052     -2.963     1.5583     67.720     1.5420    -0.0328    99.8447      99.90 1.0000e-12          1  1037.1961  1037.1936         26 0.0000e+00
   44.52366 -125.37568     1.8545   3.122776    34.6079   2067.011   2040.246     1.8575   3.122820    34.6052     -2.961     1.5471     67.230     1.5512    -0.0368    99.8438      99.90 1.0000e-12          1  1037.2005  1037.1980         31 0.0000e+00
   44.52366 -125.37568     1.8543   3.122802    34.6080   2067.967   2041.185     1.8573   3.122838    34.6052     -2.961     1.5516     67.427     1.5547    -0.0364    99.8414      99.90 1.0000e-12          1  1037.2049  1037.2023         25 0.0000e+00
   44.52366 -125.37568     1.8538   3.122796    34.6080   2068.968   2042.169     1.8566   3.122828    34.6053     -2.963     1.5589     67.746     1.5483    -0.0250    99.8175      99.90 1.0000e-12          1  1037.2095  1037.2070         22 0.0000e+00
   44.52366 -125.37568     1.8533   3.122800    34.6080   2069.992   2043.174     1.8564   3.122857    34.6054     -2.963     1.5539     67.528     1.5504    -0.0194    99.8447      99.90 1.0000e-12          1  1037.2142  1037.2117         19 0.0000e+00
   44.52366 -125.37568     1.8519   3.122723    34.6081   2070.984   2044.148     1.8548   3.122765    34.6055     -2.966     1.5477     67.256     1.5543    -0.0345    99.8490      99.90 1.0000e-12          1  1037.2189  1037.2165         19 0.0000e+00
   44.52366 -125.37568     1.8515   3.122733    34.6081   2071.998   2045.144     1.8544   3.122768    34.6055     -2.962     1.5535     67.511     1.5514    -0.0294    99.8496      99.90 1.0000e-12          1  1037.2235  1037.2211         22 0.0000e+00
   44.52366 -125.37568     1.8509   3.122726    34.6082   2073.014   2046.143     1.8538   3.122770    34.6056     -2.963     1.5552     67.584     1.5510    -0.0344    99.8607      99.90 1.0000e-12          1  1037.2283  1037.2258         22 0.0000e+00
   44.52366 -125.37568     1.8508   3.122760    34.6082   2073.981   2047.092     1.8537   3.122797    34.6056     -2.962     1.5510     67.402     1.5472    -0.0428    99.8612      99.90 1.0000e-12          1  1037.2327  1037.2302         23 0.0000e+00
   44.52366 -125.37568     1.8502   3.122754    34.6082   2075.020   2048.113     1.8533   3.122799    34.6055     -2.960     1.5593     67.763     1.5489    -0.0300    99.8497      99.90 1.0000e-12          1  1037.2374  1037.2349         27 0.0000e+00
   44.52366 -125.37568     1.8497   3.122757    34.6084   2076.003   2049.079     1.8526   3.122783    34.6056     -2.960     1.5465     67.205     1.5533    -0.0314    99.8664      99.90 1.0000e-12          1  1037.2421  1037.2395         30 0.0000e+00
   44.52366 -125.37568     1.8474   3.122623    34.6088   2076.942   2050.001     1.8502   3.122654    34.6061     -2.958     1.5620     67.878     1.5471    -0.0251    99.8620      99.90 1.0000e-12          1  1037.2469  1037.2444         36 0.0000e+00
   44.52366 -125.37568     1.8459   3.122568    34.6091   2077.969   2051.010     1.8489   3.122603    34.6063     -2.961     1.5564     67.637     1.5536    -0.0170    99.8594      99.90 1.0000e-12          1  1037.2520  1037.2494         24 0.0000e+00
   44.52366 -125.37568     1.8452   3.122546    34.6091   2078.995   2052.017     1.8479   3.122578    34.6066     -2.963     1.5567     67.649     1.5582    -0.0263    99.8547      99.90 1.0000e-12          1  1037.2567  1037.2544         19 0.0000e+00
   44.52366 -125.37568     1.8446   3.122554    34.6093   2080.026   2053.030     1.8475   3.122578    34.6065     -2.966     1.5583     67.721     1.5562    -0.0326    99.8371      99.90 1.0000e-12          1  1037.2616  1037.2590         18 0.0000e+00
   44.52366 -125.37568     1.8447   3.122593    34.6092   2081.017   2054.003     1.8475   3.122634    34.6067     -2.963     1.5612     67.845     1.5624    -0.0378    99.8684      99.90 1.0000e-12          1  1037.2660  1037.2636         16 0.0000e+00
   44.52366 -125.37568     1.8446   3.122617    34.6091   2081.987   2054.956     1.8475   3.122661    34.6066     -2.963     1.5637     67.956     1.5631    -0.0359    99.8718      99.90 1.0000e-12          1  1037.2703  1037.2680         18 0.0000e+00
   44.52366 -125.37568     1.8438   3.122592    34.6093   2082.988   2055.939     1.8464   3.122612    34.6067     -2.964     1.5633     67.936     1.5587    -0.0363    99.8537      99.90 1.0000e-12          1  1037.2750  1037.2727         21 0.0000e+00
   44.52366 -125.37568     1.8430   3.122580    34.6093   2084.024   2056.956     1.8460   3.122616    34.6066     -2.962     1.5670     68.099     1.5593    -0.0471    99.8326      99.90 1.0000e-12          1  1037.2799  1037.2773         27 0.0000e+00
   44.52366 -125.37568     1.8432   3.122631    34.6093   2085.032   2057.946     1.8462   3.122668    34.6065     -2.961     1.5649     68.007     1.5616    -0.0410    99.8708      99.90 1.0000e-12          1  1037.2843  1037.2818         28 0.0000e+00
   44.52366 -125.37568     1.8432   3.122669    34.6093   2086.013   2058.910     1.8463   3.122704    34.6065     -2.962     1.5645     67.990     1.5638    -0.0311    99.8483      99.90 1.0000e-12          1  1037.2888  1037.2861         30 0.0000e+00
   44.52366 -125.37568     1.8430   3.122689    34.6093   2086.993   2059.873     1.8460   3.122721    34.6065     -2.958     1.5665     68.074     1.5677    -0.0368    99.8683      99.90 1.0000e-12          1  1037.2932  1037.2906         31 0.0000e+00
   44.52366 -125.37568     1.8427   3.122708    34.6093   2087.981   2060.844     1.8458   3.122757    34.6067     -2.963     1.5662     68.065     1.5628    -0.0341    99.8707      99.90 1.0000e-12          1  1037.2977  1037.2952         24 0.0000e+00
   44.52366 -125.37568     1.8424   3.122728    34.6095   2088.968   2061.813     1.8453   3.122777    34.6069     -2.964     1.5693     68.198     1.5595    -0.0340    99.8691      99.90 1.0000e-12          1  1037.3023  1037.2999         20 0.0000e+00
   44.52366 -125.37568     1.8421   3.122759    34.6096   2089.994   2062.820     1.8450   3.122803    34.6071     -2.964     1.5737     68.386     1.5644    -0.0352    99.8704      99.90 1.0000e-12          1  1037.3071  1037.3047         19 0.0000e+00
